"SV1"	"SV2"	"SV3"	"SV4"	"SV5"	"SV6"	"SV7"	"SV8"	"SV9"	"SV10"	"SV11"	"SV12"	"SV13"	"SV14"	"SV15"	"SV16"	"SV17"	"SV18"	"SV19"	"SV20"	"SV21"	"SV22"	"AGE_GROUP"
0.0488163610560413	-0.0947711198727991	0.0335835948186921	-0.0458886973782339	0.077992541263961	-0.00941853827536972	0.0716145384753017	-0.0207062428634175	0.013785957656323	-0.0994290718480393	0.0644711519158518	-0.022946392698148	0.0116114315495249	-0.0411699126839803	0.0132305924090282	-0.0536219618595225	-0.00556100276632661	0.0199858583815712	0.078811516598938	-0.0992411965526548	0.00192279124815273	-0.21573669884895	5
-0.0783309202399317	0.0721909091795973	0.0201604363246546	-0.0452005697499706	0.00782476967087867	0.0313271468198208	-0.0333664146016965	-0.0121173985358133	-0.0393185284575859	-0.0433840007120153	0.0573320252262389	-0.0488992983722929	0.00226355593527064	0.0531663690844359	-0.0829549284843117	-0.0436510265197699	0.0504047389031133	0.0216871405747944	-0.00742998230601847	0.0171692440222761	-0.0430337535476184	0.0471482772912147	5
0.122839826406202	-0.0165378009305522	-0.0803253400229375	-0.0295013103596116	-0.051672427920797	0.0790729866351742	0.0493146653490645	-0.144115461014009	0.0575517461260764	-0.0703872703137891	0.000805423110219416	-0.0427898809589014	0.154340964182721	-0.135402600394042	0.0648145889757287	-0.0317863470895615	0.236806848471575	-0.0798141011187072	-0.2332126344248	-0.0430030020855542	0.0293643706973105	-0.0713556213857853	4
-0.0206233527758094	0.0504119791282565	-0.0308729762995488	-0.0605884119510432	0.0834397895894805	0.0327030224047307	0.0379062007532737	-0.0264104546977613	-0.0163749524018654	0.0416803746831554	0.0408179059764598	0.0424689482005013	0.026585036991717	-0.0266723514417577	-0.0218800169587127	-0.0695788632612485	-0.00671507724557696	-0.0227827296328474	0.0186577547276144	0.0123857493568294	-0.0198909634896551	0.160851877721313	5
-0.0428817317919572	-0.0697873445451586	-0.103998328739664	-0.00900305027700349	-0.0764420858729786	0.0628156628103732	-0.0764039814243102	-0.0402137940922018	0.0257426580962171	0.0366958206476781	-0.0231527373850954	0.0333159032561426	-0.022062706645462	0.0167688885199041	0.00669178505950412	0.033503347727157	-0.0130326900820397	0.0398491199750489	0.0644545325411537	-0.0321844053684117	0.0165349772498686	-0.0310933718463733	4
-0.00181745717045499	-0.191256158483361	0.135191748789854	-0.0541168712409738	-0.016107428150887	-0.128724962465904	0.0319015773186757	0.0281450639918295	0.0737391104727625	0.019521589297521	0.00392162182866525	0.0414519859276808	-0.0153179612329859	-0.0201239452465379	-0.198472470637309	0.0268544014856682	0.0852746453230826	-0.113144725257057	0.0221191525894724	-0.0253923765886219	-0.119266705522001	0.181712621894608	5
-0.0367344366880634	0.134380779422796	0.0435503967825489	0.0164049280349944	0.0249591439985619	-0.000599019932979027	0.00120587627961988	0.0148161497530728	-0.0942192508404334	0.019966561710041	0.0676913643416892	-0.0889392286275171	-0.000555501075089716	0.107897238198985	-0.146045015830135	-0.000724474229877033	0.00811853363318713	-0.0353001512784251	0.0466567165624031	-0.0249918701349577	-0.061374999825072	-0.0293037398019256	1
-0.00943200473389719	-0.102238350939714	-0.0867121988221694	0.0798731311776482	-0.0934727894042593	0.0287461536227865	0.0317398895323	0.108956967022612	-0.0158470909158879	0.0581479290561995	0.0599390742175107	0.0124352094063692	0.122064852172028	-0.0257749054006334	0.012132545616607	0.00588897478063984	-0.0332493502430897	-0.0492826619038297	0.0461344396772654	-0.0677896734094056	0.0369158578701263	-0.0169507528079153	5
0.0708134603870988	0.0485805033230929	0.0319013581082077	-0.0971399880599702	0.077196328813649	-0.0636851784906814	0.0225043068540917	0.0253539973220275	-0.0198239319458761	0.0952205482700474	0.0483886946436887	-0.0153484905007434	-0.0920785289298632	-0.0836035173675565	-0.0628680959382456	-0.0605128692744911	-0.0674605137601347	0.0168717078981247	-0.0461925244709555	-0.0913360001610181	0.0231591455272677	0.0445326545279962	4
-0.0179559788064457	-0.0794067898632407	0.0305852764272541	0.0505333957422769	-0.0388238673372215	0.00336799352121531	-0.0406501657218549	0.114249282286246	-0.00176050346122641	0.0117260164348846	0.0317112623335087	-0.0198145405374271	0.0727388513040326	0.0378588418156515	0.0759311203371371	-0.00114366463919617	-0.0323547291461068	-0.0179812967879622	-0.0137877345096564	0.128858937428244	-0.0487794123983483	-0.0528072804821831	5
-0.0460122959943042	0.133359420967233	-0.00788040730051182	0.10996657498942	0.119789350593379	-0.0151167966111587	0.0670144247118172	-0.0308122078271854	0.0139692678971801	0.0774067223087314	-0.0325931661104043	0.0835930533750426	-0.0362395095645206	0.176691997244854	0.00279879480955736	0.0550882927760757	0.00443806588966238	0.00154996440242649	-0.00231970613126975	-0.0214563940864264	-0.0535359942688596	0.0684142760924691	1
-0.0618760472764106	-0.0269491631128588	0.0485225524456169	0.154742642104628	0.0768514689706156	-0.0722972198527175	-0.0624832624367494	0.0150100009074723	0.0529708888068048	0.120430075935128	0.0557693271764468	0.0152260176221876	0.0568948191500656	-0.054951485222669	0.00315784437066721	-0.0965139047789082	0.00251607027342941	0.0646570493501957	-0.016509724939187	0.0978304160269244	0.198580305316893	0.0161707742493762	4
-0.0542280912614515	-0.0619331735783777	0.104979316267807	-0.0286579784321731	0.00591353450593435	0.0371249331762977	-0.0428648054801229	0.06153854483661	-0.109867841051021	-0.0474258064233582	0.0994005904251122	0.00456183777714184	0.0175114181667103	0.0592087239734046	0.0141441978738239	-0.0821498527474782	0.00372014272059699	-0.0510143317337476	0.00491768631234882	-0.037160427929375	-0.0852687910440043	0.00252693850598026	5
0.0447259922372883	0.0214115200422531	-0.0722036684162028	-0.0879239537763659	-0.00232134632926377	0.0178600425638822	-0.012923064070607	0.00453664149444188	-0.0356316689369044	-0.0291453800217149	0.0869165150814333	-0.0367690140210434	-0.0346643212562774	0.09353367915117	0.0185178681569098	0.064189423975859	0.00890791018007678	-0.0114523641931996	-0.00626615125244481	-0.102844294646311	0.0385033017612192	0.0567013239709785	5
0.0855645911541486	-0.0498293789702801	0.11383694264579	-0.0194128800417224	-0.0306423509017179	0.0161319030426528	-0.0655381834216525	0.1476170143014	-0.0479638483042204	0.0315438111214861	0.00271243522357745	0.0324857008094671	0.0257763844440935	0.0472250206994409	-0.0248892404460853	0.0584520541136144	0.00284756238568418	0.0208780193327188	-0.0776117541744316	-0.0388570265637487	0.0601612477571813	0.032790262951045	2
-0.104737862026866	0.0342914530711372	-0.00950138554882392	0.0247874716889868	-0.0773238554149811	-0.0498477464950134	-0.010077393739257	-0.0553877300240408	0.0105409299469749	-0.000248164728613942	-0.0223605439547562	0.0963173984005574	-0.0076600804948415	0.0270560445022318	-0.0365568278337901	0.0622353043516137	0.0959671965258689	-0.0125234762438465	-0.0568759037826037	-0.0457904119141229	0.118114333469907	-0.0624769367460951	5
-0.137835222645693	-0.0532883797381654	0.0218714989308892	0.00509697822717275	-0.0783083093648662	-0.0165063362922471	0.0025048477439672	-0.123896905687277	-0.0840320982048072	0.0494305494926333	0.0442003653143355	0.114240704449986	-0.0659190912909862	-0.0971055619493419	-0.0251588557059419	0.0564212630545656	-0.0221835461276921	-0.0969549803991149	0.0487350911809251	-0.0438070977353667	-0.0482571718767986	-0.101983602804537	5
0.111637601109183	-0.0649374898114789	0.0885609557057317	-0.12277502329538	-0.0256009653495503	0.0433997114309041	-0.0282001823236506	0.028887807186694	0.0652924856239631	0.00538422482911287	-0.0245863458293649	0.226370734540571	0.0021036313420964	-0.0107571550522178	-0.135456450441969	-0.174784947369316	0.0624298913407394	-0.164810218591603	-0.0333166163072543	-0.125816281151899	0.040992610821762	-0.159068890561262	1
-0.040236160140464	0.0726226801386139	0.0281239278575285	-0.0776948941775538	0.0261001511016444	0.0130253458363227	-0.0347302926710833	0.0464916870592774	0.0145738865351564	-0.11018442779067	0.036307151120033	-0.0800883047294432	-0.0267047680536696	-0.0135585786316162	0.0260043437857094	-0.0700859383218992	-0.100400037704255	0.013465003955693	-0.0412057174092312	-0.0531519489776202	0.0489793122011256	-0.022804489902906	3
0.0496674403632881	0.0368963645883524	0.0163158467324859	-0.0514209479411989	0.082663158752823	0.0347404175721416	0.0185568887646601	0.108949482331009	0.109225618552248	0.00860985187973786	-0.0287408409858882	-0.0474387864900969	-0.0460699939220947	0.0271758373500083	-0.0602423302395605	0.00165438425772893	0.0138451133260273	-0.0407651424651628	-0.000460949599655446	-0.000230609025258566	0.0501892065691363	-0.0328981396117862	4
0.0467165103118954	-0.0593294912546477	0.135344302950473	0.0535215252342429	0.0607347775977363	0.122120806823457	-0.159306641567389	0.0271688011442648	-0.112465376744689	-0.126319606145546	-0.0495706553660081	-0.0397614072173939	-0.000243675014105781	-0.0361976987947532	-0.0863099033799485	0.0726108594583447	-0.140768497682246	-0.129881961480608	-0.0302322592255828	0.00579196643373827	0.143569898830206	0.0628695540324566	3
0.0619181868282589	-0.0119164420171421	-0.0789860572842589	-0.110046813055574	0.00709434011695497	0.00564433049095688	-0.0733525982640819	-0.00248460142676556	0.0220509950580314	-0.000201227564675582	-0.00954566130091603	-0.0622599515997598	0.134839659836798	-0.0390450524072451	0.029832448723222	-0.0249055674624998	-0.0760463315574432	0.0488071324025835	-0.0477480279992756	0.0155518395917673	-0.0966716873979627	0.0066957637429584	5
0.0345566610692412	0.0203574653252843	-0.153914246573398	0.00513072313775897	-0.117575858336576	-0.0491227757770865	0.00555192669692322	-0.00207639901619067	-0.0236079668019806	-0.0584276928469949	0.0224096961911634	-0.0306232194709823	-0.0944575388728775	-0.173652167233983	-0.0716548732405009	0.0193166756266926	0.00408512401925755	0.0133401929958721	0.0295274166890123	-0.0710336189422508	0.121928611473598	0.0619454178510532	4
-0.0630833010933593	-0.026216425463488	-0.025170833110358	0.0493371463187688	-0.0995654781314175	0.0440782353752651	-0.105974983681663	0.0865381858361711	-0.123477242429508	0.0394563460605738	0.074771254090053	-0.000758394396830314	0.0242535886606511	-0.12335726260265	0.0338431917758539	0.0317247935639047	-0.1467188927589	-0.00521339013442135	0.0190649038900105	-0.0222083173504966	-0.00166741541049826	-0.0813548221525368	5
0.0572786631590087	0.0435866240406106	0.000829074684859866	0.0884407309609997	0.0775665951502165	0.176886953516087	0.124624234614147	0.0313909604876809	-0.1794687580596	-0.0539210342985313	-0.144700337479587	0.0101427037789308	-0.00945752379508563	-0.0380962387805679	0.00213949461664142	0.131408114707077	-0.009012996403638	0.107680434617066	-0.00647824295572774	0.0429118975917438	0.0560947660347771	0.0494245276942689	4
0.040952453833085	-0.105788118096498	0.0177027968601368	-0.0921654461994999	-0.0327159245557264	0.107396947173861	0.0228530451888557	-0.0955201978989931	0.136103825681933	0.107255067761044	-0.0454106304747158	-0.066110763548936	-0.0950687652309192	-0.048999625738434	0.00674999187473209	0.0383871945384732	0.00139454370202584	0.00933130478769756	0.110032096464702	-0.0965450398450199	0.0228188738950252	-0.00431940439586437	2
0.0304622843733252	0.0538168814053035	-0.193081622787709	0.012039072577867	-0.075037208113824	0.0952050294177665	-0.0334400994756618	0.100411797153748	-0.0123464995364698	-0.0377662845288178	0.0542703540850087	-0.0510789189736175	-0.0456047842065445	-0.118284686676829	-0.061801481356222	-0.0434911522030544	-0.0102955370635213	0.0301532299068116	-0.0611252179175179	-0.0438166258337167	0.00796287016673566	-0.0293226402033976	2
0.0432354391711545	0.0348581286102401	-0.0423564103024115	-0.103814996758838	0.0216569725584207	-0.00914038849864298	-0.0473184259198151	0.0431188971756644	0.00516037946668204	-0.0405597554948306	0.0660571635763167	0.0822246256608327	0.000770368395008436	-0.0475498813129823	-0.0283681293789063	-0.0350013111894054	-0.00827785183360689	0.0944391475812651	-0.00351771768789311	-0.0923040726200959	0.0142711013251626	-0.045616281820748	4
0.106241028561563	-0.0339295300638476	0.0235629528567013	-0.0626497626559988	0.0646467034608894	-0.0262997830851001	-0.0605260624495943	0.00364371474157208	0.0172535677935211	0.0115270383933585	-0.104215079994452	0.00737318853866476	-0.0941839337539463	-0.0287838873781776	0.135644806708136	0.0330066489144052	-0.0147261392366246	0.0464675857836193	0.0181089374391906	-0.00805009700624267	-0.0279389705393797	-0.0312446407215345	4
-0.0867956773192839	0.0936932215355659	0.0033619133740603	0.0181135564217255	0.0559576327663976	-0.0825697764932821	0.00304619397794585	-0.0862052001016258	0.010202824076726	-0.0154907959408557	0.0417910260907721	0.130058888504573	-0.0881680212222632	-0.0833586639063978	-0.0172479160272164	0.0109652002622773	0.00787235273215247	0.0557082593813136	-0.0775737905580164	-0.00198405764298881	0.112285750499968	0.00621231850681279	5
0.0192729502773161	0.0362774230899741	-0.0932696564660945	0.0252379051673225	0.0507098415145417	0.0123424536811194	0.045286832700022	0.0239585997560354	0.0125439063812214	-0.0436017349974405	0.0890374764574223	-0.0478834499279024	0.0417248197673029	0.0290948257867063	-0.0737535511014906	-0.0297768616979506	0.0283858778407049	-0.0238413711614381	0.0642574759591691	0.0907384155388205	0.00373737554521789	-0.00765115450176596	4
0.0471076756790826	-0.142781024603943	-0.072582159184916	0.112993415682469	-0.0560089679000203	-0.0494733139283894	0.113044594653413	-0.0125901092681277	-0.0073135920975412	0.108126648086204	0.0374134871708256	-0.0543848448131433	0.0692907178022867	0.0385003463889809	-0.0161400607738643	0.0558603792013039	-0.0931829698547639	0.0772810902597788	-0.0351544937320329	-0.0522319991413808	-0.0672266025087597	-0.0312516016750008	4
-0.0339062230410467	0.0575137641170231	-0.0700621099213492	-0.0277962563452547	0.00514168917675054	0.064897965253317	-0.0440154773459438	0.0831766189660854	0.0355658955581631	0.0457586163726139	0.0168324492786084	-0.0334197029120473	0.0582804395026669	0.0624821327679994	0.00409205861998248	0.0362558413750191	0.013701039428883	0.0473190614015703	-0.0779496315628955	0.031117369867865	0.00292575829649989	-0.0501184156178135	3
-0.0597620190395714	-0.123284096241475	0.0917176479324629	-0.0110170962963342	-0.0406103191680037	-0.0183109687157343	0.0323764015883376	-0.00296627255743723	-0.0400483263221758	0.0773377018097223	-0.0357918940064133	-0.0165382180614811	0.0396679046213141	0.0147107225580097	-0.0424061386321084	0.0467525906204401	0.167771957444102	0.137831779987373	-0.0507509744986447	0.0376524265283749	-0.00283179060990191	-0.00304413873320725	4
-0.0906566559076846	0.0790825459207974	0.0632233518562523	-0.0458030169902582	0.00638635999269848	0.0578483494521524	0.0160589446009714	0.026439605162843	-0.0236461089312465	-0.142706894074858	0.00764812736323702	0.0386848738922652	-0.121665727436351	0.120369063388681	-0.108890747905476	-0.0890316748486322	-0.0671559235068777	-0.017562544407293	0.0206380110665714	-0.0840025936052957	-0.0562466658887341	-0.18828073376257	4
-0.0209725497935966	-0.0727877953157603	0.029829467387892	0.0469007903660896	-0.0391373590093842	-0.033861670769168	-0.0598100721606053	0.114882668412878	0.09855757323139	-0.0686423904463606	-0.00417066891041498	-0.0391574431568496	-0.12714754844779	-0.0228728537590018	-0.0525246060900037	0.0742826436216863	-0.0457823853578234	-0.110410542213833	0.0160751756493108	-0.0190082633516942	0.117766071347278	0.0381917912827207	5
0.0298666715703605	-0.012795794021708	-0.0551009323074326	-0.115399334445691	0.009668621206039	0.0245055446157524	-0.0239177331119236	0.0536182057286936	0.0806462077360169	0.00722133367521875	0.0394025067555741	0.0715997110021031	0.0494360719731566	0.0404493544670358	0.010426854480578	0.0448925727430496	-0.0289299139986216	0.0815258861816829	-0.0508006489363747	-0.0512088369209626	-0.0188845743856099	0.0242317622567336	4
-0.00910646899085016	-0.0132979742662291	-0.00811753941734342	-0.0702086061688205	0.0326837208520127	0.00116364043681179	-0.0532555996311322	0.00880248221663594	0.0878917034791919	0.0159370691756233	0.0101141919245005	-0.0283792964445036	0.0841929942867041	-0.0602532481132952	-0.0058697109403869	0.0331024189937401	0.0163257216819022	0.143653461785811	-0.0120642278492547	0.0743108853337277	0.00609114719101976	0.00595964721975805	5
0.0541820318234301	-0.0236922840239657	-0.0987283089208985	-0.0261299566030924	-0.0530928616363856	-0.0575339679187857	-0.0202136562776458	-0.0138636182684586	0.0672893462893848	-0.09257271824041	-0.0124509266136845	-0.0421231286253947	0.0777514401378402	0.0219121410956693	-0.0547803012189928	0.055929069030582	-0.0172266485561934	0.0666990705325628	0.0312397453917154	-0.0613148554968237	-0.0116795747927427	0.0519841727082807	5
-0.0432365718372727	-0.0088746623534763	0.0665370815489606	0.0790209866376443	0.0210028326758692	-0.0235229386282842	-0.126098004289822	0.0807234212820467	0.0344665447835058	0.00244806254598552	-0.0280217630344572	-0.0192892580160762	-0.00476540011438523	-0.0353959702824631	-0.0039990454607589	0.0136182955531831	0.0841429661472988	0.0410443833036671	-0.0300997497934795	0.0304970587596896	0.0218091660127734	-0.0699061764676839	5
0.0126434723021516	-0.0393161650087286	-0.00280510906747207	-0.107170667931433	0.0426371823844384	0.0605625584757104	0.0163024884268263	0.0413873233821857	0.0680892683389802	-0.112145382573216	0.0994691101388731	-0.0691460364781881	-0.0977587706959751	0.00230520679174182	-0.0779481302673838	0.0560267581870549	0.0165955694062455	-0.00861243316395879	-0.101881200252466	0.0233019174670381	-0.0044581676443915	0.0514051660161318	5
-0.0804746183208012	0.0568148080456983	-0.0459643286216304	-0.0106125747507088	-0.0461585937559051	-0.0115309440095278	-0.00351195109424279	-4.86955187443839e-05	-0.0450576231016308	-0.0861759391173902	0.0456677373022256	0.0536461310004237	-0.0228095489937298	-0.000690443786976491	-0.0264149198146312	0.0208902576503856	0.0232040746923173	0.0790222213960485	-0.0732097426298581	0.0169669396812935	0.0348312459425207	0.0657152492145118	5
0.0676828345473333	0.0139846229814006	-0.00290762790835767	-0.0673207230613235	0.00751220970350616	-0.0825702152072473	0.0192057354632041	0.00889541913011371	0.0221044766629648	0.00534267954093685	0.12844732092271	-0.0402828984978104	0.0267972389854921	-0.0685227334550467	-0.0392530635316711	0.0373774063177551	-0.0919872516716687	-0.0313330377437646	0.0421202983114001	0.0392438352689754	0.0288824362683781	0.0800233205059359	3
-0.0236036455221386	-0.0754022634583512	0.0401949775554716	-0.00944757689959422	0.0781563098791683	-0.0615774462427125	0.0912175844317959	-0.0230872622685251	-0.00243306898087494	-0.125448251247507	0.0829699697710123	-0.0984900191076149	0.0495907375373284	-0.00440329755469957	0.0293605653957195	0.0960011483165236	0.0364065524205424	0.032225657174137	0.00354698142270323	-0.118264025790817	-0.0858388780573863	0.00995938263903735	5
-0.0164719640648569	0.0650631589233137	0.0550368049751806	0.0661817800810007	-0.011321973528825	-0.0960654988670176	0.0571216023187709	0.185217647566741	0.0706439315302683	-0.0866405832813771	0.0309353034500206	0.0117143386090049	0.0827159913955695	-0.0344756966869454	0.0400897854210633	0.0180728943168875	-0.0661991963467208	0.017600318325521	0.0108655726349652	0.00789977540715037	0.0197151106095255	-0.0989806444193364	5
-0.0623479527191508	0.0392890855325047	0.0362562145778883	0.213529274892675	0.093684193603325	-0.109452887104142	-0.046381879659517	-0.0267720837746008	-0.0172559175997571	-0.0270006003440405	0.124017822845688	0.0908788441429215	0.0484460288156208	-0.148688192717663	0.062011502501669	-0.0690545116233413	-0.0135798008194264	-0.133199464335524	0.0659557780822051	0.0616853073388104	0.00242604083558909	0.169398533013594	5
0.041501643897288	-0.0444281426892231	-0.0448775328235523	0.0169620536204119	0.00930179889589376	0.134649896696033	0.0272290341441747	0.204165554032025	0.0528602301358548	0.0447056575828404	-0.111961546302483	-0.0519497380301887	-0.0966971382656199	-0.14126247823233	0.0593126856649487	-0.107371399194068	-0.00450125070463146	0.0229398682513757	-0.0264618104694901	0.0472822356266574	0.018784882691961	0.0463091213162054	3
-0.0347089362074255	-0.00657826227870616	-0.00648671589834379	-0.0257581164023445	-0.0204529092611479	0.146138787876166	-0.000480144043477466	-0.0639123848767049	-0.0844775146768151	0.073318365597584	0.0868905037852379	-0.108086257811161	-0.0198129253937241	0.118798123733265	-0.0196917832536204	-0.0103805645313795	0.0430435065266817	-0.0424541463837938	0.0183749847996261	-0.0235763570660704	-0.126811534281446	-0.137164004372688	3
0.132396667433774	0.149129925517395	0.0859865281421845	0.0077478130832488	-0.219608840748358	0.078402199263248	0.0753424338784282	-0.160024960263544	0.0899668807295608	-0.0359734867727926	0.136923639260446	-0.0176559932030957	-0.0229298739662541	-0.0259281479637783	0.047889530622899	-0.0294482147309518	0.0325308155179441	-0.0362363396895013	0.10192783983301	0.0365929610172785	-0.123025694816131	0.0647384594557288	1
-0.054450548374435	-0.130987896701499	0.0146290584650187	0.0162486120154353	-0.0473988555417469	0.0203542673289047	-0.0247476697032047	0.0197785959649945	-0.0276819818930513	0.0739018654920223	-0.00189719546238834	0.000493075480793299	0.0892601861779712	-0.0369755626920459	0.0204954056080545	0.0168459149769613	0.139476174435929	0.0343184132916302	-0.0301175888720205	0.0459411822920601	-0.0844005461500839	0.0134403843181996	4
0.108468982129228	0.0146018565175024	-0.0279764506301538	-0.0844320186212116	0.114837353847157	0.0506962522615288	0.0300576409909151	-0.0400241233962816	-0.0943098800777525	-0.0113134463530561	0.0515613083637924	0.102524613727178	0.116681415324737	-0.0585927764095142	0.0323407118467135	0.0623270677804299	-0.0104693387306462	-0.0143396605823607	-0.0884360480254873	0.099584940514167	0.0674369703833599	0.0585721913489366	5
0.0538412144359827	-0.133482518028742	0.0651670735709802	0.0185284334224655	-0.0117524182872537	0.00568060361851401	-0.0853624375505376	0.109998874063239	-0.0231301305226188	0.0897302588318224	0.0371782066495603	-0.109611523925815	-0.0307894910186832	0.0196966689162305	-0.0487424494621486	0.0230478005784367	-0.0686863353343271	-0.0905983932958547	-0.207433390864015	-0.0541460199345481	0.0300658865418284	0.0509030829408378	4
0.0460719324293168	-0.0436571208911664	0.0241646281213315	0.118458251997641	0.0378019087540307	-0.131622381535788	-0.0145438404724235	0.0152326276159936	0.0865291151149627	-0.112520786348286	-0.0277194470231848	-0.0747660444982517	0.0329033108840045	-0.0425554381520147	0.0388190667934	0.0187823565964595	0.0731975524716394	0.0338358609444098	0.121216864358392	-0.0630117516154747	-0.0113837322637942	-0.0283524378031732	5
0.0306917464780579	-0.0585835070884109	-0.0114522652996208	-0.0213132633884269	0.0552362255526263	0.0657218221955721	0.117241119701893	0.0473067384246833	-0.0243753631255801	0.0138249661017914	0.0848715542360457	-0.0200520175499194	-0.0383478993236452	0.0328403301143762	0.0806801578006698	-0.000250176211691792	-0.0489613737744306	-0.00445141030936097	0.0256098312330129	-0.0160278296603401	-0.0200585145690797	0.0335133947326477	4
-0.0822642938109893	-0.0331868638589654	0.0574341712539694	0.0401961424820775	-0.0130631790579824	-0.00476555281001434	-0.0355754436438375	0.145791029918669	0.0111888811646673	0.0190024027129576	0.0573922209331273	0.188352598940239	0.0922312155444168	0.00896949065398115	0.0489937575320956	-0.123029916799526	0.0510445383142533	0.00766710625879303	-0.0333411011550948	0.0504203542474152	-0.00919269635335368	0.0557209206245366	4
0.0473022781774997	0.0906790700290701	0.174061925306868	0.0814569787163286	-0.178442377398909	0.0542263910839879	0.00710085426448332	-0.058398063002862	-0.0691795285839116	-0.00805209931948945	-0.00750719741758751	0.0597203589674736	0.172697191504946	0.0724237269281182	-0.0693773987046891	0.117335110114409	-0.0919658852157502	0.0204672230311599	0.0437080800428134	-0.0389548067186572	0.0676406577950681	0.06866123527454	4
-0.0461294190064823	0.05365351669383	-0.0329789470503779	0.148781636542306	0.0670461925751935	-0.00535467829080676	0.0602623047488514	0.13538255903675	0.107012995820097	-0.0750083003700877	0.0931244342507742	0.185423435437443	0.0228463952593972	0.0491872655121016	0.0341273359585835	-0.010444467917722	0.0704557224186767	0.116613116720728	-0.0355511791908654	-0.0059903984725918	0.0568490222776831	0.0337083265907272	4
-0.0761378346903501	-0.0209951861531365	0.0433959808892473	0.0522937588194269	0.0319724465208904	-0.0917419464377676	-0.0339771924763021	-0.0575196669491022	0.0620572349807713	-0.0582432661727216	-0.0412986487763818	-0.0893877390731	0.0853862720965967	-0.0572360498179125	0.0416211318857928	-0.0589985986055152	0.0635348576012976	0.033129505305353	-0.0416630060614805	-0.0692425678888875	0.100222573497853	0.00410762939058036	5
0.144331279654101	0.00479474144662739	0.055497055312374	-0.0917664574308437	0.0493152947089322	-0.0326320428664072	-0.0491272531783941	0.000980035132873089	-0.026548651998135	-0.00943485995669508	-0.102742222255013	0.111541451309297	-0.0514412448930147	-0.0670153426086321	0.146284264413512	-0.0259063973894951	0.0358626834798263	0.0577791272717591	-0.0981646085147785	-0.092080150934974	0.0109102322318111	-0.111867436961715	4
0.0247736345088878	-0.128883486841073	0.133787246025719	-0.0359272122764438	-0.0409259612172371	-0.111445390690086	-0.0166321012078678	0.0158882248943981	-0.0289224394044219	0.0979111838814463	0.0116349005259411	0.00606904379452601	0.0129040613139445	0.0384279450194056	-0.0726059571461326	0.0610911250656372	0.0461442099086232	0.0164839021512789	0.0498020373914949	-0.0872438284349996	0.0322622485754534	0.0247908028070197	6
0.0465225380802153	0.0926351149472749	0.00148409317225125	0.0242887119078171	0.0886185213552562	0.0526119844693548	0.0304003580505824	-0.0932515883465049	0.118667723944836	0.0406043082465833	0.178493248976833	0.0865013380263383	0.0162693061055874	-0.015733063265974	-0.0512585315035619	-0.00594294849985979	-0.0243608238063198	0.122190871070404	0.0280877669895499	-0.0671126682949651	-0.060116905279586	0.00162828758777716	3
-0.016627761216359	0.0267093685600477	-0.099576872792603	-0.0183420219977394	0.000878190100050373	0.0341071089276065	0.00300816661065326	0.00418170606100987	0.0616330245372851	-0.0915845951257706	-0.0578727820410451	0.0110782774940396	0.0100635994213714	0.0609320268845539	0.00543867963452973	-0.0333243085207528	0.057891033929056	-0.0029766113378924	0.0307740998529749	0.0292503732292306	0.0400835315876771	0.0250190021956442	5
-0.129580239476789	0.0680465536720813	0.0165735264596477	-0.0172327512222951	-0.0324706313289953	-0.0134512640211212	-0.0529934036707988	-0.0642348930955733	-0.0427138978139598	-0.0765911704874016	-0.00825550261389575	0.115302480374606	-0.0743893883285937	-0.0689017606288616	-0.067447673003358	-0.0489616273273002	0.041990408753556	-0.0249943976464223	-0.0448356086366335	0.0803494803297321	-0.0438076149566745	-0.0417446745235793	5
-0.113625692270921	-0.0186645114430503	-0.0473594299920204	0.0512042931982337	-0.111715352429828	-0.035505459871369	-0.0296134301884026	-0.000918994073177249	-0.07085589836561	0.0176422043191317	0.106495133077342	0.110763185141262	-0.0410684737037996	-0.162481316353606	-0.00274383396457107	0.164492633774603	-0.0816162426322475	-0.0379412809788775	-0.0224524033997722	-0.0349650949604294	-0.0351612946984733	8.88207652259519e-05	4
0.0850009108821537	0.0780996645511512	0.00204812934957456	-0.0469285371220698	0.0600824011746951	-0.12492918681115	-0.0240239285494026	-0.00533614845092289	-0.0463218824261649	0.0556317163670987	0.0451728711176892	-0.0433190900890352	0.0440721519660118	-0.165557042680152	0.00589574040419365	-0.0617862700801814	-0.090870679517449	0.0373174564907009	0.0256266634581225	-0.00523913545005419	-0.0575194108237459	-0.0516576970537755	5
0.00893581158037495	0.0544289675572077	-0.0818569840651512	0.0160779373043052	0.108475280241254	0.0443699725619093	0.083723186884883	0.0335511390302858	-0.00653594171335676	-0.0348077396548568	0.110337654144381	0.117746156140607	0.0445498436863405	0.095396488601823	0.0115715382935991	-0.0158372403518227	0.00660753482562593	-0.0405053453947104	0.0441967089982055	0.0944197213424293	-0.0234819886095157	0.144602390115409	5
0.00679361030237059	-0.0321945005129563	0.0643754019436269	-0.0972272023261837	-0.000830664406829072	0.0424000854128838	0.0221057277466189	0.0390497687367005	0.100567835896709	-0.0143461201323977	0.129142809220514	-0.0149041547970726	-0.111761105991838	-0.0455104178316747	-0.127781765099507	0.0359196365967361	0.00547125465258713	0.0318367146637696	-0.041715422650826	0.105530782422641	0.00906781233515386	0.0818159142948775	5
-0.0951036856092347	-0.0982569073620138	0.0833519618308284	-0.0132107534246937	-0.0316569982502028	-0.0876561614799438	0.0075999145187483	-0.0913713948724094	-0.00283834446099194	-0.0549713479352037	-0.111782007950694	0.23644713006643	0.00914060797517937	-0.0047284663843295	0.00767223547137812	-0.00912471514494406	0.113131102243966	-0.065586034033633	0.0531392394398525	-0.0119335590748107	-0.130590960420879	0.0259742795950036	5
0.0282275239715297	0.0248819299082195	0.0999519491932953	-0.0535379926646492	-0.0303849464657053	0.190423979821494	0.0746463109543288	-0.14100217846091	0.0495103389458015	0.0113218964862417	-0.120102251509854	0.0356730633070932	0.0554628883919895	0.0271105157014784	-0.0859693656567128	-0.00556149510315666	-0.0488444449952748	-0.00787117532896934	0.123001090601973	-0.0734151048497052	0.0737013620222501	0.0015654140967221	4
-0.00664643130747936	-0.0190898064078204	0.0832342722905765	0.0925079414589885	0.100742205209078	0.183457087256829	0.150970486087257	0.0117311344713591	-0.193624645038339	-0.113797876942356	-0.262834379383901	-0.0450329062816932	-0.0597320495366829	-0.151016658469548	-0.175266588311695	-0.00488631162319401	0.0145776617626598	0.26859558276888	0.00641945111446773	-0.134515136546377	-0.079016720264556	0.182414340985253	4
-0.0723704483900949	-0.057442197083364	0.0868950202372071	-0.0196109559444865	-0.0162276006023419	-0.00426376287343228	-0.0355321875610137	-0.0152608899989407	-0.116524833767101	0.0349113180442316	0.0666505336188487	-0.0347194730179288	-0.00471358785505628	0.0135570364799209	-0.0869223896585105	0.0351057198485686	0.0703699134498656	0.134974584523902	-0.0305521082704007	0.0465677070250211	-0.0826416512241648	-0.0629411917421299	1
0.0265189706883898	-0.0707008151337281	-0.0689801497342714	-0.00829007616466242	-0.0160978645531074	0.0673506914267004	-0.0846955827234997	-0.0163678098200435	0.0132717938085134	0.100545973137031	-0.00661716951707762	0.00979722441132032	-0.14959893330977	0.11790523337138	0.0126617481758951	-0.0230883702906222	-0.0308113533490678	0.0314601040869816	0.0463031157074715	0.0949647121250498	0.0988574981170514	0.129518685033666	3
-0.101969914509353	0.0676202135399051	-0.0346892404676293	0.0500833433298684	-0.0666937252645345	0.029615402452941	0.0224224933028081	0.0450602820775262	-0.0682571783877411	-0.0472149765938056	0.0241374026492736	0.115226673717534	-0.0630186197712907	-0.0347512417477303	-0.0608976533042729	0.107843031124823	-0.0555920180523607	-0.0189789037930224	-0.0167256508630408	-0.123630339108163	-0.0473971395386458	-0.0599878984396808	3
-0.0483331997808451	0.0583055220657025	-0.0204487488146827	-0.0120524964590752	0.0828014312238334	-0.00707727415722528	-0.0410083922493171	-0.0611656692126417	0.0870061176915534	-0.0375415240473544	-0.0381673015458676	0.0695008587855605	-0.0291553960022325	0.0833942535086457	0.0224079371474754	0.0507336352355723	-0.019755085930706	0.0632550143500345	-0.0684420009798464	-0.0519341245720849	-0.0918111788784299	0.108433576337629	5
-0.103685198026763	0.0379388168341956	0.0786190977506462	0.102105518098463	0.0331494880933643	0.0212254321346364	-0.165230620328783	0.056556013398469	-0.0216589471544992	0.0340816495722957	0.0154197358185186	-0.010654880897515	0.0760231108214556	9.73392118745486e-05	-0.00203006595927119	-0.0576338356552601	-0.0769831630658228	0.0272877475165708	-0.0755914905452321	-0.0273843931564241	-0.0655324138210938	-0.0528383160884826	2
-0.0323276309891192	0.0389049495349733	0.0474185576154036	-0.0350716454681131	-0.0649174463206299	-0.12075536784204	0.0187141184322085	0.0563977386977245	0.0138569745729372	0.0121121556577737	-0.0524426999481749	-0.0119945151788481	0.0645118049549419	-0.0271584540595771	0.0638080725329355	-0.050448989738251	0.0155945781029657	0.104299721433837	0.0184954240342635	0.0910475017557655	0.101161097425374	-0.0110601701657951	4
0.0250581859926088	-0.0587370516755032	0.0127086886658159	0.0850912261085357	0.0686543166226062	0.027815964816341	0.146832644899492	0.0678032385319606	-0.100382953117052	-0.0763721953318522	0.0395125406152033	-0.115030786165698	-0.084164857036092	-0.0273642462343296	0.0935704934020912	0.0373093571581818	0.116035308690062	0.0675655580790053	-0.092664784314427	-0.0779981893242277	-0.0265172856428918	0.159851499036041	6
0.126011906587654	0.0719729797194258	-0.0343307389974476	0.0610058685330804	0.0299991336971098	0.0638067099534096	0.0985031478077052	0.00774978530435236	-0.00422066504894244	0.0851530887400754	-0.0101171109236368	0.0569566048632577	0.0797591593416122	0.0317244907868728	-0.0276081472254304	0.0756469527206621	-0.00250174398097388	0.0746214437639426	0.0712906833440782	0.0976878313157975	0.135830430224455	-0.0785796928477125	5
0.00830776747062663	-0.153761342483856	0.00373144235407848	0.0170012245714555	-0.0202503720995898	-0.0646687126104623	-0.0113192334982013	-0.0256315860221903	0.0812792007621919	-0.0508075562088055	0.0264165208368633	-0.0773822207284748	0.0854147061042058	-0.058956589859226	0.0211838799383911	0.0968724350422873	0.00940635664297683	-0.00451362460328368	0.0262025193420007	0.00428257987677767	-0.0541243618687166	-0.00629507588561322	4
-0.0924294128484582	-0.021904582864199	-0.0947054872297871	-0.00720311921159417	-0.0519051240819886	0.0561783169591509	-0.00703683144590534	-0.00154577846786362	0.0458577425049078	-0.0320060316558797	-0.0883095475675122	0.155763421530857	-0.0481045302836013	-0.0826384336163122	0.0777080385460192	0.0705885484065003	0.00445654827542702	-0.0438867857727868	-0.0589345407400316	0.0233844596735795	0.0099529480188177	-0.0116498731621072	5
-0.00950041551018901	-0.0232164145174953	-0.0254672366851935	-0.065613582880911	0.0117427092384271	0.0261328566310738	-0.00737124275240152	0.00663043192599709	0.0214474940598427	0.0853876950591491	-0.0637303730818979	-0.0364580037898752	0.0223663687586667	0.0444967155011514	-0.0126323875577554	-0.1149641927035	-0.0314986727028651	0.0570073890892791	0.015089076095954	0.0132474142796152	0.073601702317331	0.0338611779947035	4
-0.0578898382785842	-0.0545180886445024	-0.0462527678782458	0.00796207740773857	-0.00998675366149636	0.085883033373396	-0.0732146639145529	-0.0262961955829842	-0.134254052137179	0.0398447066665442	0.117144359048308	-0.0507775111576604	0.000814442049953545	0.0463529900627908	0.155855151147608	-0.00348526999293773	0.0248954995169678	-0.0871354405000906	-0.126843816012529	-0.0589884859932902	0.0715036270683765	-0.0231483796138119	4
0.00270389203102275	0.0516911751747726	0.0180953276381207	0.050542444031408	0.0100026145860462	0.136596990788044	-0.00691080174052325	0.188342223563443	-0.0661763610638002	-0.202883794802893	-0.115352621004622	0.144657989030268	0.235451018807981	0.060220267756006	-0.125898037558705	-0.259586460390826	0.0929060745188966	-0.275177331005567	0.103493070348211	-0.00526304092839651	-0.17549887315606	-0.0401929027623945	6
-0.00709854200045521	-0.0515121545167134	-0.0540940815359073	0.124058236800063	0.108784120561441	0.000802480517592154	-0.124372274622504	-0.109885544706421	0.0290545933645682	-0.128721322845633	0.0880497413834602	-0.0243812666880368	-0.0214258320003633	-0.0427188820429982	-0.0283939112685295	-0.118641041151993	0.0501547895498572	-0.0157396281639913	0.131847023673453	-0.05032933336453	0.07696683606041	0.00903636575218614	4
-0.0640979815493872	-0.114211525431667	0.0143805365074426	0.0232375318104322	-0.0348094489703431	-0.0293224788490294	-0.0230416199898619	-0.0260169360237213	0.0340713899808282	0.038087691024522	-0.0240471700711705	0.0670294893802726	-0.0416834304827452	-0.0254912484054099	0.00770511940235425	0.109821847659474	0.0486821403093954	-0.0484446749755691	0.0604506341870285	-0.00997118570531481	0.016964464817472	0.00655647361810186	5
0.0714220766741189	-0.0493471741683569	-0.0404013733834619	0.111994283451837	-0.0785901477596389	-0.045243901455221	0.00889639770490095	0.10549729915803	-0.0191345038106226	-0.0863299483402541	-0.0835305548739416	-0.0285517391442293	-0.0420628738021129	-0.0247025126991734	0.0961449633616188	0.0509871532463531	0.104453079733396	-0.0495149634677393	0.135797477035953	0.098349547423559	-0.0851480205650143	0.0500750188358953	5
0.00174813343711866	0.00522188647931967	0.046019195646139	-0.0193754384619959	-0.0517496612696862	0.0416202969653122	-0.0457443561314871	0.0105400774218932	0.0441054769820218	0.044275185641204	-0.0161637199289929	-0.031308843800541	-0.114471753528154	0.14425228203426	0.021777279919367	0.0624578648525844	0.127093862529857	-0.0234942955621482	0.0733419405708743	-0.00458978212921094	0.069779620131491	-0.111533239559697	5
0.0314813421082951	-0.0577575528323822	0.0884702131898941	0.0271933197950765	0.0608450722549915	-0.098740844053301	-0.120503699015131	0.0446080332965309	0.0810832357457388	-0.0308536683804667	0.0478949154416336	-0.0344847731832321	0.017170604064071	0.00782567819913926	0.0227367256288041	0.0634654554582283	0.0141977313001834	-0.0197701815617559	0.0391406146579643	-0.0844861055211789	-0.0291640654312879	0.0576797985590204	5
-0.0252918465004287	-0.00174427342357679	-0.00734546830495594	-0.0893810286055094	0.0405027476929886	-0.0370266967249166	-0.0167656764216073	-0.0596321673618151	0.0728334131189804	0.00573828666313897	-0.0601183744374079	0.0616314018116549	0.06099418138088	0.0122559170310665	0.0188408568585991	0.0481295230119748	-0.00248677123568344	0.00568946396109126	0.0169468409082809	-0.0801245860363681	-0.083090514890104	0.0528448953538351	4
0.172133787816094	-0.00673318423801568	-0.0595926685540158	0.0402343489989139	0.0721520511181393	-0.0336237045736555	-0.124633358058978	-0.0516670652897319	-0.0629059501318028	0.0973818245520086	-0.0542051495927749	0.0803843613979784	0.0422178900478663	-0.03537241289606	0.0910577581314149	0.0350364562834038	-0.0914524191489045	-0.0218304125630252	-0.0577489591720974	0.184461692017833	-0.0891185873815641	-0.147816157823863	4
-0.00272023393781235	-0.0693794136590691	-0.157722727368854	0.071237959264465	-0.0646668400018774	0.0764417463175259	-0.0261323904508903	-0.0178184731372388	0.00362159335082979	0.0197033018557157	-0.00234743468473601	0.0120054378542984	-0.0406620989927692	0.0604246868693828	0.0448006103865018	0.0596970287569971	-0.0475143014840312	-0.0220057933132563	0.0358272159339887	-0.0770455736272757	0.036427528189823	-0.0683593994259416	4
-0.0717057452198705	0.0354464616926104	-0.152297794845776	0.0140150362545166	-0.0998379699197658	0.0564002981202717	-0.0706712643170846	0.00475228867901963	0.0506681980872515	-0.0950372958558708	-0.0831707248651068	0.0722573014167135	-0.0422375239766773	-0.144554160127261	-0.0673869170093468	-0.0346344718407713	-0.0948413196789526	-0.0414242032898171	-0.0561918073859455	-0.0640487438179503	0.0956191953130508	0.00238800231813865	4
0.0712179840309491	-0.207725936562008	-0.129684557776726	0.0655940682340378	-0.0996791719950167	-0.153267141254537	0.143867260007187	-0.193082016561679	0.0492825683566942	-0.00433591674113537	-0.0285015722066964	0.0779628198364545	-0.0189711651056271	0.148402742259324	-0.237495886059587	-0.233779299061875	-0.210491819247737	0.0659720479496459	-0.21022604123061	-0.018511486159294	-0.00988059880334242	0.033481781757797	4
-0.0975392731159837	-0.079627759656768	0.0488214763449741	-0.0340849489731935	-0.0522015510642866	-0.016612728306976	0.0697785402079185	-0.0345827655271213	-0.0860337498619962	-0.0150017783327249	0.0209759349402933	0.0273691164333972	-0.0745729029367396	-0.0290950609967177	0.0664790481185549	-0.0283595951657337	-0.00445906010285547	0.130711716845935	0.0829764605057358	-0.00893356080312663	-0.0231464019764831	-0.0300932476220478	3
0.150176481900165	0.0120587505136571	-0.000884265286926238	-0.0619173941743966	0.0829915931382201	-0.0596054065722852	-0.0841157342829174	-0.0780422246537225	-0.0918992967447272	-0.0562549989007889	-0.0359483173947809	0.0514368349499642	-0.0933777012356242	-0.0439786469890596	-0.00950750725078413	0.0386634148771539	-0.0302611004311247	0.0141283899759333	-0.0383808742069321	0.105250526160308	-0.0947262361409743	0.00485166515703872	4
0.147577483410255	0.0349911208692282	0.0821373114774373	0.0136820210351689	-0.106592447393985	-0.126820144620579	-0.0515712103908193	0.105888189461872	-0.149309004947294	0.0729563837970889	-0.0483243837135842	0.0809345598467918	-0.108428317101798	0.0505601317741644	0.0667633102371939	-0.021552258264203	-0.00449151201431529	-0.101225755159417	-0.0455185172429812	-0.0910432527331645	-0.0374909774883628	0.0686639173176426	6
-0.0285582682422462	0.0872556786288356	0.0787942184692955	0.037473878471313	0.0453151048607157	-0.0306258059158129	-0.105114661031607	0.112190171233743	0.0270567088964213	0.0519366897207684	-0.0176969402151386	-0.148282436279295	-0.0242619658408414	0.0352747859403255	-0.0955275382544449	0.0213497546306284	-0.0685469066980624	-0.088955643989899	0.0187764054791992	0.0481600496250526	-0.0474715445148152	-0.120484477712472	5
0.141898819086312	0.0810179620507051	0.130697809629451	0.145843630617688	-0.0907618268050935	0.127778515903424	-0.00130050718325866	-0.0548315982619104	0.172281606563102	0.0446536423940576	0.0728020059253993	-0.00849823984071748	-0.0841521374315368	-0.0412167877441761	0.00875232861694042	-0.0210510129342097	0.105755040541171	0.000146141093388387	-0.0310579012302694	0.0411271077284847	-0.0556778879532241	0.0194768438021503	5
-0.0913080146156721	0.0194763671655284	0.00895434028444426	-0.0721112522721194	0.0306099066614248	0.00721328760533356	-0.023022847162763	-0.0760597407315985	-0.013413251593333	-0.139687845235257	0.00660388517809905	-0.0539334526954801	0.0220667369877863	-0.0272569730928468	0.0715930066131671	-0.0241789457364989	-0.00286407425027344	-0.0086340013594875	-0.0470760930487817	0.0246415958384083	-0.0207244978483768	-0.0636864832438197	3
0.0394479636210301	-0.0124763615409019	0.0587658542768376	-0.0402449607215658	0.0532471015027668	0.123214737917638	-0.033182389982367	-0.0383789452403662	-0.00973727851012806	-0.00264301581664398	-0.114177943511819	0.0107057976060464	0.0472908391507215	0.0990084897069024	-0.154624995845336	0.114771151050898	-0.109189692223706	-0.0208487580634691	0.0765369932767912	0.180104560390781	0.0923712405946191	0.0441075024026407	5
-0.0284533951379921	-0.138107412852961	0.0202575072892115	0.0157163784801074	-0.00491382936375698	0.00768679947984109	-0.0581991201056129	-0.0531807068387823	0.0101487333557736	0.0165846710574401	0.0111504385588114	0.0362422477842708	0.0538147323879269	0.0711209381259546	-0.0317170531583312	0.0788842495133805	0.0496013287690675	0.0819283596510064	0.117645895556188	-0.0729388768514554	-0.052105982636656	-0.0431274554508682	5
0.0384032508741289	-0.0457963856864262	0.0488999202691175	0.164685231231077	-0.0274094085161194	-0.0748391302832922	-0.188581769852527	-0.0651624445431268	-0.0422717455834294	-0.0118427871098218	-0.0810329082081261	-0.185779357305624	-0.047912656092965	0.0900223004976397	-0.00078646506021344	-0.0469183754402071	-0.16312596768557	-0.0274335809506469	-0.110955769320133	-0.114941331729638	-0.0677489433435121	0.0394862550232637	5
0.122129614318437	0.00966546184767823	0.0248954075253519	0.177662997990362	-0.114147455695706	-0.124714320245895	-0.0399619930345435	-0.00561947391221892	-0.0711479513480077	-0.143766819956876	-0.0574611578625008	-0.0467886524855177	-0.174045876242629	0.261728622676643	0.0872395558306089	-0.0577528100272371	0.0123923872010393	0.0139908285611532	-0.0773455399055044	0.0606360958980601	0.0270521617282935	0.0403156744431531	4
0.11719809464452	0.000344711693686677	-0.0292190734796544	-0.0660444026434728	0.0731122551901837	-0.0157895389827251	-0.120693052417712	0.0455286819514068	0.0518359172009804	-0.0905574985218973	-0.0276065288288393	0.0874286250246777	0.013323956105742	-0.0387034327004163	0.0738474107948622	0.0529728298608885	-0.00848776364205399	0.0419832211107767	-0.127035818470779	-0.0282378809822779	-0.170951367567644	-0.0762761516264401	4
-0.05341061622456	-0.121886371542663	0.00114817328633131	0.0291254430978112	-0.0450880228923642	0.0274263736484275	-0.11184588675275	-0.00558894291318457	0.0346705076826177	0.0574934215240583	0.00800974447241349	0.035418780995774	-0.0238470942953126	-0.00383521700873866	-0.00859541281025536	0.0634311165814953	0.0806892499587206	0.08363998241613	0.00906988735942886	-0.0503095393463739	-0.0385721411789449	-0.00231528103053525	5
0.123198600417255	0.024808212221647	0.00244804737038198	-0.0709671067058881	0.00325678148698431	-0.153409931528521	-0.0409767301422917	-0.054425265349608	0.00646973304181536	-0.0426147810458792	-0.0870248212796807	0.0922177807067556	-0.0855711325875033	0.0686426174986844	0.00307502237968339	0.0449876265109244	0.0928359073033696	0.0476367166182004	0.169827241938649	-0.0912346511790116	0.0448023896741772	-0.0472191787392207	4
-0.0766563062884335	0.0557303670721001	-0.0183670384269648	0.160159223297288	0.0955587324727933	-0.00330807500527584	-0.0368845439070435	-0.0687295731718758	0.00887249126210149	0.0589103433207473	-0.021393114282206	-0.0127572782466861	-0.00784080422468426	0.0391561295002311	0.11865370727269	0.0130646411970468	-0.0684457366165482	-0.058105675213254	0.0189111994275008	-0.0721307207147106	0.0858132309066163	-0.0385557695783666	3
-0.0372910832882344	-0.0137471722487077	0.043138136166355	0.0689260778321567	0.152879891813979	-0.00686636024715177	0.0641579962535049	0.0205550019635721	0.0157736449366658	-0.0798151064109995	0.0361588347232595	-0.0294821404323415	0.0151931295624712	-0.0662533469313226	0.0577154139019721	-0.0480848185777116	-0.1187805293214	0.0936078096924057	-0.0064766712483391	-0.0606577675511223	-0.114414762923904	0.0491735475238028	4
-0.0724087387692037	-0.0206251368731443	0.0681501828895511	0.0542862345807398	0.0792075536181851	-0.0358770514076231	-0.00944759630952105	-0.0308962803899694	-0.00941926791056085	-0.0517146483971378	0.0815914847754676	0.0523514822121512	-0.0111617562777791	-0.0257429836068826	0.0527407122640014	-0.0797471494153134	-0.063982872554565	0.0620565580936962	0.0511842434170192	-0.0552955675982016	0.0684596311994047	0.0440442482144862	4
-0.0174117848768412	-0.0217044171716997	-0.0236389972549392	-0.0553959881895876	0.0721361551354566	0.0374449564261995	-0.00201038707449416	-0.012356307951054	0.0356139894212948	0.104725995520335	-0.0555060259508754	0.0366265932629	-0.0612350085790177	0.0235845360917796	0.090616885941651	-0.0286108044520851	-0.00448201585474385	0.0509967683407218	0.0225646103285273	-0.00591993280248426	0.0849614964601441	-0.0155526260891787	2
0.112301424580544	-0.143192690087607	-0.129509873659967	0.16915889835855	-0.0342219277510906	-0.107107266748662	0.129952901426953	-0.104724879863376	0.0344551259970414	-0.0584120706346156	-0.084176084470236	0.0638837195065919	-0.0460014446756944	0.108891193116826	-0.0844883378500454	-0.207796203343878	-0.187078607251908	0.0693318380124645	-0.216533482293342	0.0566084848046646	-0.10109345039825	-0.0782260911048647	4
-0.0689425484502123	-0.035661451555187	-0.00587093142974681	0.0608239369802815	0.0296146110876597	-0.0323533292132272	0.0310384652083678	-0.0443216556470774	0.000451540483148985	-0.0020347560587333	0.133756952100325	0.0929051496721244	-0.071089720236382	0.0286903229155845	0.0200127797160658	0.0620566789808218	-0.0395034154355404	0.0272951326630386	0.197359788494539	-0.00853008017014778	0.0344134250018429	-0.0513490425206842	5
0.0425712922482662	-0.0721135117380364	-0.0344230414779779	-0.0167697084857759	0.0936410143876501	0.0613342044517219	0.042889111182009	-0.0270911803415293	-0.0160595195365421	0.0920282116577903	0.0821283313107845	-0.000894192552380377	-0.115728933388306	0.0433515260650476	0.00763236589405435	-0.0581384994940647	-0.0998899822911168	-0.0378820136106628	0.00879392604105743	-0.0439240456940267	-0.080625492352273	-0.0834739534495483	4
0.0192949830269938	0.0186761591276378	-0.0176751913852189	-0.0822595178409993	-0.0418940282229075	-0.109210986106303	0.0105363451422091	-0.0350266894713328	0.0151697836086432	-0.0197839608812154	-0.00312521924659968	-0.0646378091639148	0.0519690506068428	0.0687680152851274	0.0797384194579021	0.0391256502591982	0.0509506503000669	0.0806825393819807	-0.0165030228085126	-0.0203162947376313	0.100066123004499	0.0348535383763543	5
-0.0628966273205387	0.0583409762961544	-0.0109316751962682	-0.0459885702823812	-0.00585767126166516	-0.0288889417344191	0.0445008355541464	-0.068154557612809	-0.039765836610185	-0.0983545776508044	0.0919353387581753	0.00938097388090735	-0.0280378090855276	0.118816808914456	0.0660656909504339	0.0659594994529097	0.0075172910808272	0.0181490814296713	-0.0610417261557586	-0.0679840956139821	0.030128431272757	0.0800826992241342	1
-0.0718683321148968	-0.00928221039363155	0.00987638914030929	-0.0781898939113874	0.0724619051031846	-0.0118479106924389	0.00195872660155828	-0.107579721616082	0.0272094544256393	-0.124861832153527	-0.0438539241641659	-0.0203714097983061	-0.102840849934262	-0.0391555444561492	0.0474655387673203	-0.0431698255382382	0.0158106415722493	0.0568014875702242	-0.0403943482233093	0.0507721349799743	0.0379608639022575	0.00945862798858016	4
-0.051399557271235	-0.00240827221080454	-0.00542068370428576	-0.0561623337043564	-0.00679626623953539	0.0303431530640949	-0.0477706119956924	-0.0469797235465522	-0.0135792586725782	-0.070824666875349	0.027175879755097	-0.0523924797920823	-0.00267507823281812	-0.0328510969998936	0.00234997788325696	0.00657510703247876	-0.00542850510969918	0.0577250410715482	-0.032247058215459	0.013222786307708	-0.0382334075843658	-0.0588793209607866	4
-0.0782720058456864	0.0479336202572212	-0.0268163145408454	-0.00428891321018425	-0.00348894402897968	0.0102241544480174	-0.0238818988795976	0.0401865481051327	0.0404957203889411	-0.0859889484308135	-0.0440406912709117	0.0711337866374477	0.0444277987412163	0.0368706533335296	0.0816301695595735	0.128831139233725	-0.0632316732572438	0.0360358745404874	-0.11211353443676	0.0415107297352112	0.00129365358610704	0.0682011739321243	3
-0.0287439713993593	0.0311884515458096	-0.0724621297348237	0.00140900716688028	-0.0446461855377468	-0.0025378039257661	-0.0643652226182225	0.0593047627533056	0.0795104557969791	-0.0581690368197292	-0.0352618795654832	-0.0364391176450149	0.036019206891621	-0.00851359625348977	-0.0937043278582972	-0.0982982101927433	-0.0462598315767714	0.111226714198017	0.0031879880375311	0.0547227495314932	-0.010491370627332	-0.0726914318099104	5
-0.0509885741804162	0.0895880157270653	-0.00822150878194235	-0.0476261343789689	0.0168475621556956	-0.00147670046112432	-0.00944264131921964	0.034060405315484	0.0348035574672935	0.0861970975147941	-0.044512764171775	0.00586975229682998	-0.0140470627519481	0.0177673027553927	-0.0402236898205415	-0.0243540873912887	-0.00265188995314192	0.0708306401942507	-0.0748385933309584	-0.0702572028332052	0.062431889908867	-0.0554829574519837	5
-0.0214451583063472	-0.0570359973873233	-0.050851971998265	0.0838010215866086	0.0243908951388165	0.0699684204808194	0.0898144773545745	0.10364337859244	0.0218036010350095	0.0273490079245206	0.0105966413616931	0.139646405872831	0.019648110524131	0.0469185800558145	0.14112675825171	-0.0048067485803302	-0.0595941176796051	0.0318755266367827	0.0333814270253282	0.038281746309369	0.026812586015575	0.00655878087816904	4
-0.0482484672701107	0.00571210828417898	-0.00891129990704656	-0.0872710890554271	-0.000645412288802322	0.030513212834001	-0.0398086398860953	-0.0284637876129394	-0.0193160205310801	-0.0393811286708364	0.0504932920849885	-0.053899467131242	-0.0505827390534938	0.026721424825892	-0.0187605447626201	0.0649946579458073	0.00376292282634437	0.0800119404506955	0.028353616571062	-0.0178872304566045	-0.0663261126868142	-0.0100137837341104	5
-0.0322717771010363	-0.0402907588510157	-0.0940516014781	-0.0390428464703092	-0.00378573245160653	-0.000259776138914438	-0.0165602159464304	-0.0690583047336405	0.0704265432237399	-0.069014611985324	-0.0629715003383953	-0.0231055183196287	0.0122735771164167	0.0773877801356713	0.0209866561475974	0.124467708420822	0.0277309940888151	-0.00383499200224716	-0.0337495900308775	0.0365558339861872	-0.00402948650330553	-0.0125662732347666	4
-0.063267822410417	0.0391875545774121	-0.00703740076054667	-0.0318899646475128	-0.00833098203938723	-0.0168447243202245	-0.0453310579870997	-0.045243061791779	0.0381341366729707	-0.0473800915665789	-0.0746763131070873	-0.0179648992337403	0.0399600567439321	0.070328332522352	-0.0386737841864863	0.0387802211913751	-0.0440156995581734	0.0750912138912695	0.0533982852178803	0.0119914137355852	-0.000546169639244816	-0.0322914902952677	4
-0.0744437523272989	0.0363223214303773	0.0503498770685019	-0.00557470783940175	0.0396032012384829	-0.0579905220351465	-0.0547726745245885	-0.0553775523311506	-0.018186155300545	-0.0596637038687067	0.0351050490134598	-0.0330177771019193	-0.090164078578656	0.0138550904654825	-0.134519469306285	0.014984392360165	0.0157561765473693	0.037153338948631	0.0103481837171507	0.15997650976206	-0.0592490481921747	-0.00705586095893627	2
-0.0227662804317326	-0.0486642704997856	-0.0921017005888324	0.0267669393153867	0.0367192612798351	0.00605575945800995	0.0640170063706157	-0.0143755380196991	0.0213167628735956	-0.096901207586546	0.093181972094032	-0.0208987115172865	0.00254664085343288	-0.000235637329723456	0.0752804903920522	0.0869095691251485	-0.115648060985972	-0.0338434281421417	0.0700906246340531	-0.0641480679260194	-0.00272896717389081	-0.115536231966475	5
0.127908174512505	0.0629762632220672	0.106967714829625	0.124636601654963	-0.0554948649926414	0.0452231954053473	-0.116908253803347	-0.072975044298591	0.10883120004401	-0.160539202649508	0.0229974682966082	-0.0461355839981771	-0.00566272590581344	0.050264236905396	0.132812768176946	-0.00442468874800836	0.0808751085167086	-0.0186957420361538	-0.0373254335333882	-0.0100158395025869	-0.0362883866278477	-0.136884591277568	5
-0.0439473533046392	-0.0308577797711617	0.119393695777639	-0.040456492810678	0.0694671336742987	-0.0305912439780105	0.0234845030042877	0.0134258799370679	0.0357742708434055	-0.143848265579462	-0.0263528131711655	-0.00948391823800712	-0.152585981822316	-0.00626733457770669	-0.00784705732729958	-0.0492945578297339	-0.00323948158262779	-0.0761129104935121	0.0744902528683755	0.0864637015187011	-0.0499806171255269	-0.0527809102677951	5
0.0375462371707746	-0.0959565567570403	0.0733537983319215	0.0353453986511707	0.100499818545376	-0.0128170406552974	0.282248785133463	0.141481900154547	0.15527418959889	-0.0248573764782725	-0.0762050160906104	-0.0759018364878102	-0.230599307311041	-0.0548768215250254	-0.0863792964749717	0.17842842988874	-0.0290781790071259	-0.231244613124863	-0.0537140182845065	0.111322748955053	0.0638295190075825	-0.00946968331549998	3
-0.0239979099721119	-0.0282454562399321	-0.0479928431030989	-0.000377905963826369	0.0655347768886973	0.0609530196207883	0.132947598856834	0.0188306440890963	-0.0253649651599887	-0.0262779091531182	0.0057235010335602	-0.0933442325567915	0.0373247978001185	-0.0691169891889076	0.150262338086381	-0.025723933540029	-0.0988993428672133	-0.064931181403675	-0.00940857424117149	-0.0460646225290193	0.0165662548576557	-0.00902126231143248	5
-0.0112227769427847	0.0308055197832409	-0.0961767183207483	0.0107652446000449	-0.0341311993761955	0.00441196943168696	-0.0339802475309532	-0.0216003896164963	0.0213141558175088	-0.0232208332486721	-0.0557425305592676	0.0195198114559518	-0.00377094422982339	0.0494336762605095	0.0601246904555139	0.099892999337901	0.0829673003099035	-0.0450054382318017	0.0824350174014768	0.0199497674960149	-0.030787419317089	0.0385024226838582	4
-0.0300664761283796	0.0518299385770473	-0.0101814484054633	-0.0267336359058736	0.102408116063321	0.0301712480289329	-0.0617578297547271	-0.0485530195146315	-0.0223920251784136	0.0232787538362311	0.0378625536917329	-0.0390587196276638	-0.0625299567751647	-0.00398957774646051	-0.00988198592356738	-0.0530038475034364	0.0867702456623592	0.0190561063860762	-0.0432119046014202	0.0800928059501904	0.0277399399126557	0.0830876891338818	5
0.0457500684887868	-0.130588829826225	0.024734928323536	-0.00402319394567882	0.0428101484092548	0.0174358345278275	0.0912087883947281	-0.0401679081269815	-0.0596910342426212	-0.0186003822082148	0.0659559048722147	0.0461990299398615	-0.0159397092482248	0.061236681649758	-0.0461890936227548	-0.0724906044777306	-0.0390266354363372	0.0312536339327643	0.0564235969047349	-0.00375473640254161	0.208024467013942	-0.133101663145475	5
-0.000412735805331969	-0.0321484341804416	-0.05872947772893	-0.0770605962659186	-0.0486571192575163	0.0475427770148039	-0.0820011451354032	0.066607063532006	0.0648231988739508	0.0643029765667693	-0.0511997576854929	0.0365518335096259	-0.118063984857533	-0.0193519416227853	0.049859517172744	0.0414000997819599	-0.0251598977317865	0.0150532049496988	0.0688451027749365	-0.0538789436684649	0.0256930094770215	-0.0104281672811737	5
-0.0639065182713705	0.0664544452156137	-0.0553000811295661	0.00120755969434315	0.0590326650317175	0.0738373894894126	0.0152804098396339	-0.0783661212568209	-0.0167176074296571	0.0546840139227885	-0.0645177617182963	-0.12007135347987	-0.0039080538309372	0.106545111523006	-0.0232177058498533	0.0396802626651774	0.171257604065844	-0.0588975799815567	-0.112229067162353	-0.0449263255185508	-0.11271392372973	-0.0928179410941054	4
-0.0582883370554234	-0.0406872620375111	-0.0218654707583485	-0.0586180387149792	-0.0571989164363178	0.0323424350021015	0.0139110346519356	0.00307075102899699	0.039274561658245	-0.0285772616532715	-0.0885300227604737	0.0222827126028951	0.0182578817625479	-0.00176185031036318	0.0542666341804071	-0.0666847934585768	-0.0172749121757198	-0.0107429013597766	0.0701272221809979	0.023788803643215	0.00349653210485674	0.0131265279284446	5
0.0976635842906289	0.0221079528935693	0.035962139674494	-0.0636852152259003	0.00756043745836536	0.00866513156619045	-0.0277529234334724	-0.0765255812168083	-0.121086840558497	-0.057713470206423	-0.00792457909935728	0.002728930083846	0.116282396371149	-0.0463419936303272	-0.010847116652198	0.0425259649706553	-0.0464036070490208	0.0173989795919547	0.0569506445736055	0.181267422288358	0.115737910389401	-0.00976313001636219	2
-0.0350908877273234	-0.00993570030511718	0.0657383274012585	-0.0447780425437231	-0.0193034437384063	-0.00158613011745492	0.131351240106444	-0.0217869289246393	0.197906767768576	0.00108744503904455	0.00128884771754545	-0.0809112535960551	0.140308477791939	-0.126102595417645	-0.0299429043565993	-0.035473719916328	-0.00666888645580568	0.0584907966543721	-0.0334312604624194	0.0611217738396684	-0.00583472263780016	-0.10957131600167	4
-0.0947932455270813	0.0650469906800983	0.0426763507900551	-0.0851568628022319	0.0125185291006079	-0.0293538204764236	0.0252658574160932	-0.0379531569442649	-0.0595537536787067	-0.05727017272275	0.00810102835000717	-0.0623703070164145	-0.0100839794142818	0.0347163196962409	0.0380275520553494	-0.0643764416047195	-0.0501224636951794	-0.0297584482445555	-0.0381959501911922	0.030150080172155	0.0312604840576443	0.0188480417111341	1
0.0787254712250308	-0.103624406216133	-0.0505703550053815	-0.0336677139297925	-0.0777008291649363	-0.0682845423789255	0.0853781826939675	-0.0267839384088686	-0.143036529108485	0.0607084599470373	0.0724155286447187	-0.0117903422359152	0.0272613955106007	0.0694601112506199	-0.0223236988560461	-0.15065411168508	-0.0115406031976749	0.0165436463480874	0.140961775044757	0.09037918351741	0.0991253776448869	0.0167208102563646	1
0.0552366892270992	-0.0312592604084025	-0.150442559649916	0.0366041087142313	-0.033605343158258	-0.0230346142572639	0.0776239370185165	0.0373451562298146	0.0516366567404139	-0.0280461105365819	-0.0504866965996096	-0.0623130387245612	0.058555640369864	-0.030056352123948	-0.0358972429299095	-0.0385591025968596	0.0448771516686599	-0.0906570081935888	0.106394654995954	0.0894896643809193	0.0183275589165927	0.0666923567131175	3
0.0119216309836226	0.046866191564085	-0.0447397150774733	-0.00701783756094428	0.116599659424647	-0.0215155988225373	0.0511871538608241	-0.0436535816993202	0.0529926289295689	0.0830709484981041	0.00591242278707025	0.0216771598881893	0.0574126456895195	0.0936825863637446	-0.0338183619516824	0.0945969696295033	0.0419869651161951	-0.0244597581545725	0.00531586543477657	-0.00984625605606265	-0.0766340057308924	0.00792596288034723	4
-0.00348038161617553	0.0205934872359393	-0.0191212771296848	0.0628187322890579	0.145098007065832	0.00751608921563281	0.0727477543737702	0.0471144995952676	0.0730509117092244	0.0638327946004861	0.0110100214860902	0.0396320018862872	-0.0125544600067069	0.0707356120754949	0.0639454461407826	0.0424061353028517	-0.0400651691335015	-0.0233931893128346	0.0021875983553479	-0.0915762810050515	0.057869655352297	-0.102316183916241	1
-0.0410196386211703	0.0483717046255451	0.0293396594475454	-0.0211629949931591	0.0687514199687899	0.0299391864268299	0.0391790357519202	0.0372690583636384	0.0218070775913848	0.107335544807943	-0.0535096698939406	-0.0584092005270067	0.0567235776284254	0.0412721406955076	0.0234668600422729	-0.0202852781240232	-0.0138646028670557	-0.0343756757688491	-0.0219748773505682	-0.0546146786836243	-0.0571538531152982	-0.130346308419661	4
-0.0359228592188035	-0.00100902895435646	-0.0250407709583545	0.0645630384328119	0.0961960300217796	-0.0185755259624936	-0.141743857250788	-0.111547348794589	0.0311943026461178	0.148145426883468	-0.0716843781763139	0.00375115992632871	-0.098667908040922	-0.0116207154675643	-0.0855735050501099	-0.109096873615249	0.0818186434613919	0.0341598775722469	0.0388132168500442	0.0193327768331052	0.0527147134512881	0.0481592475720164	1
0.0231503892984485	-0.0106016296146895	-0.121836721739229	0.0107361504864272	-0.0733137966159815	-0.00665460280771802	-0.0387219517367308	0.0436996149936376	0.0239573042619019	0.0167414669504558	-0.0430742036268269	-0.016652791324548	0.0488317463382386	-0.0247104236023738	-0.0330066938843537	-0.00643936729301614	-0.0648720734222031	-0.0113337386866057	0.0728361625684735	0.0743908948054747	-0.0133153494906459	0.0241342241469125	5
-0.0475837658299399	-0.00246589505638404	0.00518584989991344	-0.076828035041315	-0.0117776444209187	0.0160097293047482	-0.0230214884978436	0.0402130992995143	0.0533522823831177	0.0923115514765812	-0.04683973212089	-0.00710846163878437	-0.0333325096322376	-0.0223148695207996	0.0744824601707752	-0.131071773523304	-0.00753132937191007	0.0014593140177324	0.0130817480369069	0.046367719813525	0.118331137893979	-0.00619073684147532	4
-0.0124101633610161	0.0316989624248367	0.113981912556174	-0.0360392461240042	-0.109108696334467	0.120463522856496	0.0282208191002169	-0.102280131431605	0.181591247206327	0.0145417523043465	-0.0234233981122103	0.0541047778140494	-0.0506833125776297	-0.0397324392732903	0.121887396815803	-0.0215209173574819	-0.0983993251821155	0.048838894987333	-9.92874985760188e-05	0.0358129573853429	-0.0612639297637817	0.0189428763778863	4
-0.0122581131098135	-0.0986362998042168	-0.00822482758499252	-0.101093015372416	0.0160022413580312	0.0907295548147442	0.0218375806148236	-0.00524939202927718	-0.108940429814464	0.123269849391103	-0.0468020349999616	-0.000918046453532818	-0.0763950795131127	-0.125187021912118	0.0486620542160882	-0.0720690531333687	0.0240804957877274	0.00153121247086864	0.0385610242449081	-0.0322607785505492	-0.117409293779107	0.0591446387781041	4
-0.0262418320120354	0.0571145421788739	-0.0345415616046266	-0.0334087612078674	0.0873382494773566	0.0143841522433616	0.0327939387170266	-0.0545618403620677	-0.067199681146163	0.00424745599798419	0.0474052449111271	-0.0690809881880341	0.00793036827769552	0.066616854374915	0.0858054776018092	0.043350190342848	-0.0930286820243462	-0.0971855508407078	0.00341110475585801	-0.0344834359316446	-0.0119021512330177	0.148484331997449	3
0.0217446069705807	0.0500992569859467	0.0749993929637661	0.0146237996733574	0.0334982897044967	-0.104236167094059	0.0174268658164948	0.057377032028126	0.0363836359010915	0.0260616749368831	-0.0170305022356283	0.00707641551580141	0.0228813710456767	0.0678534305453412	0.0179648720653697	-0.0385184319807044	0.0251007171587924	-0.0935784296033316	0.12543156843055	-0.0927797029219245	0.0348968315632392	-0.0451277598233738	5
-0.0852080026624576	-0.0691743196095977	0.0989531503064879	-0.0126547362028322	-0.0689222651837156	-0.0933682720646952	0.0103532622159448	0.029022688606114	-0.0502574626877224	0.0432957607514228	-0.00411744698844224	0.0388470234633656	0.0972771783162701	0.0507897264913215	0.0551286830659019	-0.015665033001618	0.0759031655098164	-0.00115078427777638	0.0249922510801579	0.0349789631328843	-0.0720591783012262	0.0124308504577329	4
0.0239921461523294	0.0149877987362317	0.0840871824465355	0.0372284127175676	0.0368817408512197	0.192817306312286	0.00902179494837411	-0.133286651464924	-0.0306812261712087	-0.0512873847565689	0.0352733305591788	-0.0331834125239066	0.141654655845456	-0.0207882719204223	-0.121323976140502	0.0420673916196929	-0.0711798885437071	-0.0210416259585053	0.0616807969291842	-0.0620298115889866	0.105446342445385	-0.0989458550784582	5
5.60198721822051e-05	-0.0468158132638736	-0.0256124030695621	0.123685356283674	0.10288007262764	0.0317284790838675	0.1279263460222	0.00475647021719112	-0.067605893821512	0.100332121219374	0.0902981295736932	0.0172335554422813	0.0479772977239744	-0.0396824168903866	0.00907948076451531	0.0501625904840242	-0.0227536067329483	-0.0560694222869044	0.0190508671968381	0.0456566729554747	-0.125041131171244	-0.0494920162077607	4
-0.0502036080187483	0.0438586534755843	-0.04369152666737	0.108701079834102	0.0669260876923472	-0.0215830074743318	0.0691377259929561	-0.0236732051094072	0.0534017177786273	0.0266458795748994	-0.118628607072618	-0.00580412982623499	-0.00483260877498142	-0.0289233361761474	0.00421003029691344	0.0159146483392737	-0.0292652392258227	-0.0306311711201133	0.0121564787194604	0.056846144953925	-0.0835774370139872	-0.00722803823944784	4
-0.0894049931267469	0.158985493784633	-0.0100246603325423	0.10053934276162	-0.0893409196486032	-0.124779224087557	0.199729866017405	-0.00412046640848306	-0.129129215515541	0.120093973872195	0.0452367507671591	0.0188686535403344	-0.0722579258478627	-0.0420561310824202	-0.117910684132768	0.106268379960847	0.104892180895019	-0.0780616421825565	-0.150038029875718	0.0462861177373278	0.0683112371337462	-0.128927058909947	5
-0.0512719738759308	0.0498110225001332	0.0160392673563109	-0.0429764190903594	0.0513399048805011	-0.0213547750335498	0.101069770818689	0.000336059997724369	-0.0158087931080612	-0.0250267321545172	0.0206669056714294	0.00984811732258677	-0.0036029996566375	0.0169550873828209	0.0463767085137935	-0.0413596761906344	-0.0116830097685817	-0.0163121347891095	0.0775562817674583	-0.0368134276105892	-0.0273702664332612	0.0112242564978	4
-0.0525363756716572	0.0660300289614972	-0.0494260503661333	0.0247399658863285	-0.0140814036331356	-0.0257316279871368	0.0111822919800708	-0.00839859544690577	-0.00884627838251562	0.0560857931990223	-0.0457171411277789	-0.127011663819583	0.0474427511450733	0.042588916407151	-0.103335968953804	0.00271611876855854	0.123112875477186	-0.00451598299720084	0.0116904720557839	0.0215733032699808	-0.044270522228388	-0.0504003652296601	4
-0.0675758156761419	0.0526502020445569	0.0132836114087684	-0.064013481230063	0.0219329318235121	-0.0376011924573663	0.0376459866962252	0.0215021267941279	0.00877513754473297	0.0611131601297025	-0.061662863324768	-0.00617681901361735	0.0676016533003904	0.0393853568302309	0.0177603165364324	-0.00358448068284399	-4.34996236831587e-05	-0.0466966758102589	-0.0944740291522003	-0.0202687167466023	0.0310816769842823	-0.00545184629364674	5
-0.00204495320799391	0.0749945633950393	-0.0630648550360808	0.0747941912249338	0.158962340807781	0.0348940246820526	0.0194866069990263	-0.0411108923700119	-0.0245840664383686	0.174212068181384	-0.00663030492778157	-0.0297900795243955	-0.0628436010304649	-0.139634372896571	-0.168821573380026	-0.117830473298469	0.120310889569259	-0.0289470196003856	0.0104913216386948	0.0505274473212259	-0.160454822558765	-0.00505189487754773	3
-0.0829197217849334	0.0164749593762117	-0.0303911859656194	-0.0387817066531859	-0.036835525386062	0.00826916443143095	0.0586509571075565	-0.0103015387164638	-0.0262361098904905	0.0356740034483656	-0.0409237750543964	0.0140603833161312	0.0122794408824847	0.0902970257549169	0.029096121064458	0.0263487922533574	0.0251331170172998	-0.0401253489106765	-0.0409351392054286	0.0109463987921208	0.0525687469522992	0.0550163990121007	1
0.131755092915634	0.0517363073698576	0.0420632266542139	0.141774338173883	-0.0440630495272081	-0.0734342627784574	0.140426064251338	0.0734376019510622	-0.150956037768603	-0.0489790552253251	-0.219780607096382	-0.0563056000633715	-0.050824587614207	-0.0603303442783192	0.025624884325874	0.0263647701286152	0.126331229337096	0.179769574895636	0.0784724814091824	-0.112786423951023	-0.0276233955457962	-0.103415472326135	4
-0.0497442355621107	-0.0109206317886657	-0.0466755702828442	-0.0074671832305714	-0.0128480718346414	0.0354116016770474	0.0085792083041601	-0.00251882360375187	-0.0466016174468355	0.0931274842185402	-0.0765391979207022	-0.0550837555601733	0.0323199859813356	0.0880065648051737	0.0302328080996315	-0.052003225589643	0.0191602596806682	-0.0404603546855616	0.0409396456676013	-0.0161354168167174	-0.0466490406281739	0.0570871324753384	2
-0.0560773716059049	-0.0542713999389561	-0.0203641758041331	-0.0804326874026272	-0.0267655826449007	0.00756114623211686	0.0178675518103083	-0.0413013576376156	-0.0735873991898242	-0.029204956274504	-0.0076235611016953	-0.0347053140886594	0.0104299520837374	-0.0269003895067023	0.0797355454469522	-0.0988965383604122	-0.0246072386365886	-0.011058314442672	0.0784052075002373	0.0916954652628569	-0.00294497845823785	0.0177984420244444	2
-0.0390291165807372	0.0150246775942663	-0.0885506952920005	-0.0293327379262191	-0.0333457449894692	0.000796511998875863	-0.00531300866092985	-0.0029970909168462	0.0115561689042699	0.0420171444624946	-0.0796576390027196	-0.122751469857933	0.0360374709727295	-0.03478144014673	0.0133832456234676	-0.0412122248406317	0.00711286226743607	-0.0557252437847193	0.0476920339542944	-0.022081518250191	-0.0394106259755168	0.0168238285321637	3
-0.0521304046393064	0.0240063467838781	-0.0450947299847721	0.205025078355524	0.118843525669847	-0.0217570584129812	-0.0918757974280971	-0.091740653112296	0.0387237460521091	0.103246218948457	-0.00948415490229095	0.0287825720136266	0.012660950026203	-0.00637423877829506	0.057278414112066	-0.0156569535303919	-0.0435650647465436	0.0312088275389944	0.111968609742829	0.0869106494863494	-0.00302820586016016	0.0231867834324554	2
-0.0580297823618565	-0.0119287541689866	0.027513931477569	-0.0926993466469831	-0.0555716097125497	-0.0533558597944022	0.0404646328057682	-0.0746168113932319	-0.0736429148917644	-0.0151152313754203	0.0356334166128302	-0.104310130560099	0.00356744086893527	-0.00603954952813689	0.0655410916811079	-0.0369340939648104	-0.00657354742546619	0.0150342356944544	0.0272678181202001	0.0282827263760269	0.044680242061417	0.0633431615326719	4
-0.0150965921923895	0.00644154930341033	-0.167835689840935	0.0277740775814367	-0.171338169680169	-0.0429907041819359	0.0197926892559498	-0.044416640549552	0.00333625098485149	0.0246124529962177	-0.0400032782334046	-0.0158010998036332	0.0335908000254641	-0.147572104645719	-0.144719555575355	0.176243594195428	0.00531776078097594	-0.125592387708688	0.0159979364594902	-0.099660012888617	-0.0162862861830315	0.00542627772427054	4
-0.0312131485755576	-0.0375127347298129	0.0790728966532525	-0.0225121327546451	-0.0385980088396447	0.0556871663009666	0.0164378199523714	-0.0585595836893564	0.100974392752756	0.090143416789679	-0.0463431771768475	-0.0154420721403478	0.0198420706841065	-0.0545841361070013	0.0248701531895756	0.0472513339348867	-0.072617396966686	0.0377944990462079	0.0690241577222821	0.0970384995995549	-0.104075471841778	-0.0695506292014096	3
-0.073469557041993	-0.009469218662562	0.015903485255048	0.0180286747330684	-0.00113940714631741	0.0327545274417252	-0.0137305638661125	0.0299579770750609	-0.0481958896402547	0.134194849912388	-0.113464511568545	-0.0877728121409812	-2.28105574561642e-05	-0.0726625135151866	0.121710220810437	-0.122784465988361	0.0190622360023176	0.00701681607547541	-0.0460870636874319	-0.000702949517318815	0.011352601037208	-0.0203264829999273	4
0.174601989283416	0.103219912885334	-0.0416826196650476	-0.0921255679392039	-0.0122999787709658	-0.106337794730207	0.0220942366324149	-0.00975765758072725	-0.126343586615075	0.110027320694211	0.0963321440582765	0.128846238463264	-0.017616060855567	-0.0933029497694313	0.0447162793548525	-0.0368115749702611	0.00708436047536618	-0.0507426483915726	-0.0277501321775099	-0.122457428186167	-0.00878111410150662	-0.0512619595616663	3
-0.0507075296869855	0.100071879881766	0.0195583066218967	-0.0269029170285262	-0.0122843971752893	-0.0728869602090785	0.0407717387533354	0.0313850594079069	0.0168195278799835	0.0497541458326581	-0.0492469382659614	-0.0678448644125062	0.0679214767704856	-0.0007168840861878	-0.00904833328517332	0.0199168384826379	-0.0117248377529105	-0.0460062058653933	-0.0652251794474087	-0.0291832790155485	-0.00155759709066157	0.0513990576848265	1
0.00341213742187787	-0.00959954733464559	-0.0468420366214449	-0.0373383231806994	0.00118027630396152	0.0286790370253844	-0.065732635281965	-0.00974679073063827	-0.0027423160723554	0.160311007485747	-0.0276109657528519	0.00926946967928445	-0.0728167223642959	0.0628594918661317	0.0297348652585017	0.0427917087964241	-0.0318993354792996	-0.0559159069013537	0.0585268884310229	0.00611002746335682	-0.0413138398347579	0.090245939427658	4
0.120125883338873	0.0405592032071957	0.0735940740221412	0.208405440300372	0.101382291795875	0.0313187127607563	-0.173247715379567	-0.166983142856746	0.0301500953185029	0.0643651325374206	-0.0308453172674638	-0.0997529681603328	0.0389486657241523	-0.121839464329456	-0.0297110844193109	-0.0373755586633519	0.0928571363098716	-0.120948272242087	-0.0216825699341976	-0.183576419527807	0.177647962481091	0.0934787549689978	1
-0.0971545558829932	0.0354328489449633	0.0426300745861137	-0.0419167570620488	-0.045133845424931	-0.0176970874973414	0.0830244310112578	0.0105840712739944	-0.0414849337508005	0.0573361665119889	-0.101830163557571	-0.0779212474869718	-0.00898842909507047	0.0493657582828971	0.0913347530103003	-0.0514660234580868	0.0034731769854764	-0.0693618390598024	-0.0394427885579616	-0.01500505687076	0.0594055490037882	-0.0369334294262933	4
-0.024713467192691	-0.107049917395928	0.0762919680827259	-0.0257172370962078	-0.00869362233541432	-0.0306979731951062	0.0144385826274449	0.0236839832158311	-0.0779774851681821	0.00956583876818903	0.0789719484208507	-0.0544958058893539	0.0160988466940314	-0.0266441822811209	0.0135869943501055	0.0207967393192811	0.040181532874987	0.0840971448728394	-0.0490953001133047	0.133444272530491	0.031647403631852	-0.0479014324139396	4
-0.0387023903065304	0.0366847705356493	-0.0290879167317502	-0.101262198125258	0.0232347621997106	-0.00576510897981811	0.0122717130487104	-0.0258489896602039	0.0479224302839178	-0.0417861751122311	-0.0705247360129621	0.0522646755272107	0.061968533869138	0.0363995802878627	0.0905619138989585	0.00234217148066269	-0.00922962425558143	-0.12802542918362	-0.0721927584759489	-0.0812954095709608	-0.0857547772095749	0.180552747708757	4
-0.0703351021768212	0.0209841558976728	0.075230224004285	-0.0552210515090789	-0.0452770176336303	-0.157747779347054	0.0469063175357254	-0.0461574261567005	0.0354504957003348	-0.016628487153601	-0.0738129097058676	-0.0798748463064204	0.109670356738023	-0.0555219657924195	-0.00154356774474296	0.00282442675841009	0.0125709734643069	-0.00112735390477511	-0.0303821504024883	0.030330222578551	0.0374158414673309	-0.00114009429300338	4
0.0466198995935107	-0.0362712988117567	-0.120632082559789	-0.0102656281637505	-0.0610548458299546	-0.0332160956992142	0.0557192679377694	-0.0377669111243962	-0.00201814429470301	-0.0318256730916113	-0.0330576371759111	-0.0518067863342426	0.0829497135807295	0.0358005532205548	-0.0380101847201935	-0.00166078355733467	0.0961929697804091	-0.0500592384258675	-0.0232286046051769	0.00252495490710002	0.0831146479739081	-0.0404770388140208	3
0.0341268174329434	0.0892440375254326	0.0399631973188453	-0.0078520570371076	0.0214625638567483	-0.109524797274901	0.0165468500091487	0.0644862482340737	0.0352109610488053	0.069077317363968	-0.0476549282163376	-0.0629465167713357	0.0232378381335862	0.000489285682169625	-0.0399079478578201	0.0213455008972225	-0.117422393091724	0.0633543941527741	0.0664652475003027	-0.0183185270419455	-0.0156066798095884	0.0091992020303074	4
-0.0239553842019472	0.020011005858148	-0.0449068806131797	0.000625900731032546	-0.0174187363322506	-0.0582362822144064	-0.000204273046807161	-0.0469666014574154	0.0435832179624561	0.00643173262399775	-0.0337305837621318	-0.0666195854272395	0.00830772629362357	0.132842197067426	-0.0183386011211171	0.0441675606079232	-0.105717071327123	-0.0266750518932222	-0.033563715968287	-0.0201921454488788	-0.0957526232040479	0.00794609657248076	1
-0.118289373953269	0.0826588639868478	0.0643892979823507	-0.0269351374160887	-0.0749736344227246	-0.125754753859781	0.0526841100057984	-0.0419129992279291	0.0197225627854429	-1.39982664847401e-05	-0.0785186162614684	0.0329697833812303	0.0475209719102416	-0.0553600979553	-0.0124491797612176	0.00266012577574165	-0.0831169294410302	-0.0892454928051362	-0.124817604236791	0.0650844778847113	0.10507041717008	-0.025431320558338	4
0.0147629476235506	0.0636900250503167	0.0492892492483936	-0.0408014844102981	0.00309899317254444	-0.0904331177998662	0.0764138501996917	0.0856254138305105	0.0461130913811085	0.0227314933671472	-0.0758974644012664	-0.00774906323557287	0.0893891356801923	-0.0531062297022957	0.0209365319773612	0.0283776970257201	-0.126949854042598	0.0119068795545939	0.0583432880276353	-0.00606645061362553	-0.0869457061138133	0.0146761552831351	4
-0.14115936037819	0.0394513193474474	0.0546330813403153	-0.0175539656242244	-0.0185120540309715	0.00804117423344715	0.041896999150087	-0.0673034344913304	-0.105546301511346	0.0292708838071834	-0.0965756132053664	0.0518162493546446	-0.121968930202124	-0.131227712250847	0.0643368985501628	0.0270816731738675	-0.0204463195597776	-0.121085106180072	-0.0578665620731886	0.104063830464939	-0.00715468290438291	-0.0913487486008019	3
-0.0451806343557664	0.0560457618570225	-0.0504134031812638	0.00302056426038547	-0.046193200429347	-0.0243374777642353	-0.0515932225698015	-0.0101526046114374	-0.0182549961740662	-0.0234201454994362	0.0948828614380519	-0.045364815535383	0.0344185979077791	-0.0464873415763873	-0.0868455450480013	-0.0370817941259094	0.027233357420475	0.010521305667988	0.0816364755792442	0.0599570833429285	0.040352817735367	-0.0171094930081465	4
-0.019939997237772	-0.0125533468624267	-0.0573623174112476	-0.00176011197970986	-0.0828128744626614	0.0894045464220879	-0.0704193116361993	0.0866275602716449	-0.0688243208851985	-0.0273315080295656	0.0629678087657688	-0.0356018805656541	-0.0329684424211288	0.0215768482708754	0.0297743283119539	0.0148048803407951	-0.0864242658786419	0.0287910285393927	0.107074780607831	0.0103073824580793	-0.0443756991156301	-0.0545935909292884	4
-0.0277524177921228	0.0425687439933323	-0.0758617110407326	-0.00488682126468712	0.0352635772972311	0.0379626058196059	0.0209224754145465	0.0174979398423651	0.0407497221179489	-0.013839552638496	-0.015110588591723	0.00285005947470257	0.028589069050619	0.0896287460364722	0.0605999238559354	0.0448242371577259	0.0484662073286776	-0.0499471910080726	-0.0173870057659051	-0.0525232742607725	-0.0220532428861065	0.0899518640781516	5
-0.000228862159029172	-0.00863875745887016	-0.0172904733174963	-0.0516408313552419	-0.0581509968474519	0.0416437343958547	0.0185829879687378	0.0971628693988751	-0.0451443528129862	0.0700593774378084	-0.0294333745889667	-0.0448528963050045	0.0539302188517165	0.0949302138093616	0.0849688569667333	-0.127878205141924	0.0271082303914326	0.0036792163418988	0.024628445368914	-0.00876690708509601	0.031082486360116	-0.010120272300944	3
0.104486151207096	0.0307264240454578	0.0205248288640168	-0.104652957851391	0.0629160909374714	-0.0687072509542991	-0.0516736319449585	0.0400411946140704	0.0663489775301126	0.0432429896994205	-0.0368539510120122	0.0232150600622284	-0.0327427142604881	-0.0264947542193485	-0.0436551322440526	0.0233145882427747	-0.00119653046999637	-0.0735513617900346	0.0405148858546382	0.0622516203071718	-0.0327334239673457	0.0386504423731072	4
-0.0274434690587396	0.0536909270458779	-0.0341045471918169	-0.0146995044109637	-0.00708566440092537	-0.0477757744837438	-0.0728534909331441	0.0684754601310653	0.0478655986408626	0.00216436431431731	0.00816727504355278	-0.0267676371448842	0.0680499573466313	0.00507373055091168	-0.0144834763703245	0.0541913861550028	0.0340295814738993	0.0727832615454873	-0.0911669359044053	0.0649633262952882	-0.00207866871646975	0.00726405518957999	3
0.0754348202182299	0.00900269930217108	-0.021957084297576	-0.089768572082273	-0.0195034748517424	-0.0796305565290485	0.00814069760854096	0.0458538833094935	0.0312987036559754	0.0354650344334133	-0.00953911801040297	0.00726491413912586	0.0574742410921954	0.000611635218803708	-0.0263934319874325	0.00488693916426225	-0.0178124184167921	-0.0115488955669716	0.0716949607675336	-0.0517764472287427	-0.0288879747433797	0.0370034350475586	4
0.112254324256104	-0.0121064784546203	0.114901674029915	0.0557103893481151	-0.0632209599048756	0.130394643664335	-0.0595784041996027	-0.0619218332811382	-0.0782386391944151	-0.0451334579018387	0.0470875356444684	0.067381763096368	0.042873100515805	-0.0691040940505423	0.0229319659074423	0.0788755281193053	-0.0547384996967583	0.0709739094271594	-0.082466050036087	0.0253731774446695	-0.0709241111679891	-0.0200755550519165	3
-0.0517288814136692	-0.0852916344068171	0.0794987596157189	-0.0405166127541832	-0.0231449154173007	0.0663755511844721	-0.0345007394837218	0.107695851667913	-0.049940829510876	-0.00769328673082728	0.0785672622414859	0.0284130385543113	-0.103378132248846	0.0324522883851838	-0.0605875153571339	-0.0234082877654755	0.0688651189932607	0.0859069177108285	-0.0573933351783277	0.140008161743021	0.0297479894109964	-0.0155639320526493	3
-0.0117535446667303	-0.0533876385152083	0.0668533757744059	-0.0149310910195845	0.0264496388020106	0.0298258202022609	0.0474929562507084	0.0589207542705351	0.15307543727659	-0.0197672005335724	0.0565600940468037	-0.0498761162660424	-0.0310413968197953	0.0447830571969196	0.00590153396083964	0.0268324389150488	-0.0589843111443898	-0.103808167447518	-0.060459308268607	0.0331906198639068	0.0535390492116401	-0.0685661708374481	3
0.0874008367800592	0.243810889538801	0.179269555050201	0.0892054849512426	-0.336904151890495	0.147355069726567	0.150316326107027	-0.0795839822553173	0.11703030326658	0.0371087109981408	0.0406009001280174	-0.032672235647945	-0.0683741947645677	0.0131007446891466	0.153148493602597	-0.117920890580668	-0.0400462867414925	0.0360379995858768	0.000656460264709739	0.06365910432554	-0.005305190543736	0.0963852522979032	4
0.100547073480487	0.0308274787541732	-0.0799476282912509	-0.000823883657570392	0.0762083308136057	0.0596481881118008	-0.0376742325751492	-0.0553923133760636	-0.0754325403208484	0.0469117926394537	-0.0102878957604549	0.0405946711246444	0.149463731680608	0.0749453726196096	-0.0625930171829766	0.149733889036824	0.01902933852441	0.0262436157647037	-0.0705125287613172	0.10449199278161	0.0018923769314476	-0.0319965445718966	4
0.00389555102412434	0.020387711281467	-0.1002702737148	0.0132847379998517	-0.0838493010410048	-0.0407831561429308	-0.0731526242032221	-0.0670811064887256	-0.0601022872856842	-0.086672123972123	0.0432011221724547	-0.123928341163062	0.0195960922123935	0.0192944096785194	-0.0633630522716516	-0.0348923024994656	0.0539187122026849	-0.00379983989594495	0.0796240376162422	0.115379205256167	-0.0272800103491459	0.0226580949854303	5
0.0592597881237719	-0.172913427906868	-0.00983164279399144	-0.0194750188829671	0.0224049480069921	0.00493889124302377	0.107931833202685	-0.0576020741316823	-0.079823364678471	-0.085135502558042	0.100075345198403	-0.0996635788609139	0.0964188381499785	-0.0786732378477476	0.11478468985286	-0.0412475517376078	0.113957470781333	-0.148077280042146	-0.0104032894239572	-0.0162383320042322	0.0782651018491044	0.0578181815611043	4
0.109744026059423	0.0593568343964668	0.0150460668228823	-0.0491793519306058	0.0630528566681541	-0.00598487383785072	-0.0102696984230297	-0.00661381933391787	-0.00483483952927446	-0.0208201583712453	-0.129854065295397	-0.00310932045653558	0.0217775205966761	-0.0106881557729859	-0.0266190906705787	0.0500946409468381	-0.0246936549690834	0.00483165342382833	0.0783659971681286	0.0448495254930274	0.102221808827179	-0.0794148778249033	4
0.013830874200528	0.0405411196702371	-0.00207064995723425	-0.0835062514202596	0.012751204565329	0.0015263386644394	0.0261968160675755	0.0386452534045085	-0.0651310680301194	0.0378051272298532	0.107597785511903	-0.0501005553829854	0.00455279820589064	0.062542497025299	-0.00879889649660243	-0.0610663079260375	0.0324531205362368	-0.0219592571204887	-0.00379808654632718	-0.0810603956520174	0.0392434593308996	0.00180777811934705	3
0.0243805651660246	0.0685217438921126	-0.150562624279384	0.0673134997285998	-0.0630238863196211	0.10815529417555	-0.0766031860404728	0.230558441824456	0.0788938646970439	-0.0535550882033821	0.0744334005710582	-0.0310838723797214	-0.0687685645247863	-0.0112084821740506	-0.120119113626767	0.00526434399407512	0.0922468022439811	0.0304496393899525	-0.0445272674464985	-0.0266429270724244	0.0091543460417674	0.0252609407347045	3
0.0157289247018544	0.0527226400011775	-0.0503083137065313	-0.0578842829826037	-0.0355868498569313	0.030568968824556	-0.012860180772112	0.0568981665550299	-0.0277677902779438	-0.0431987733340415	-0.00235452009713414	-0.004246190247685	-0.0291614440009599	-0.0391739652865753	0.00351336974086605	-0.110647792195341	-0.0381222022667099	0.0404338676144003	0.0403651047748101	-0.0427666822211248	-0.0284088631207792	0.0610513312122495	5
0.136026574351102	-0.00790512377283901	-0.0867496176394892	-0.0350307963083375	0.13372714969211	0.00364264774925538	0.0447620056063298	-0.0756037376983513	-0.0333670979960919	-0.065764434823042	0.0595649327106924	0.101963303578483	-0.0990351601720089	0.0525914494927703	0.0530099289950182	-0.0237739510725534	0.205339647230955	-0.0622662982553366	-0.0510154892058843	0.125495379123721	0.0875566221783172	-0.109788294458321	3
-0.0254023120733238	-0.0359013501333649	-0.137325797937029	0.0262117611618828	-0.124472478664856	0.0516146591723322	-0.072039980952137	-0.0108985445064931	-0.01016990441384	0.00756307661370233	-0.0561396693763601	0.0668894413036887	-0.0774473470131542	-0.00309012366877634	0.0188413486540912	-0.0701189938396579	0.0513385393115953	-0.0130335599301844	0.0547919604622949	0.015621817024091	-0.0385683623963486	0.0832782809086813	3
0.168542138728622	0.103882221246018	0.0073015131576315	-0.0355123787740243	-0.0536203495683313	-0.0849001009282511	-0.0450456130708946	-0.0357460172626509	-0.101561928327787	0.00897174266823341	0.039413484767234	0.0169224108753371	-0.059183689768382	-0.0174689786911073	0.0202414592947071	0.0482344683905078	-0.0516305621376106	-0.0634479206981537	0.00635319324817952	0.0666655821307021	-0.10012362331114	0.0319793016342275	5
0.00845364233224901	0.039622159128954	-0.0319958325355771	-0.0609809542724739	0.0468434584260913	-0.0490379815345449	-0.0704637500352741	-0.0227803904125525	0.0770794834205791	0.044106896460355	-0.0414403160687528	0.00790132852870631	0.0419748523280998	-0.0789090994070968	-0.00788003024333513	-0.0541282999153851	0.0527354587463256	0.010422144807063	-0.030365343886266	-0.0106189050209451	-0.0165273436395953	0.0968478722465765	4
0.0346634460774571	-0.129241465525639	0.0577266217704095	0.0220270326545304	-0.0150543097363553	0.0255210823323244	-0.0480070579617378	0.071945021906272	-0.0252763753560179	-0.0511402727135475	-0.0330169370885003	0.0294676564186713	0.0539158844378816	0.0793871965817563	0.0420186940936655	0.0225361163865494	0.0743651512844047	0.0449893697217519	-0.0725158524890078	0.105943142421097	0.00183384728971688	0.0233630715034135	3
0.0520445934842671	0.109072697061727	-0.00568923983386075	0.0148150438404708	-0.0323346296277867	-0.0796694954446344	0.064835921014454	0.174406181494486	-0.00718095909249465	0.0774540042931221	0.0682687222852223	0.111247632423043	0.0404959285657465	0.0385001224241197	-0.0562088646250702	-0.012061643374368	0.0913827684762735	0.18102396643736	0.0364488210554001	-0.131069459876824	0.0565648440628798	0.0312965363673627	4
-0.0109429747906965	0.101598667697245	0.0130897951069628	-0.0594626750893087	-0.0192912414459312	-0.0168547008254899	-0.0418483644841416	-0.00852729243451118	-0.0883925019160907	0.0338951659954412	0.0690635148256236	-0.084226043795834	-0.0151503697176944	0.0291654444831195	-0.0270243095724074	-0.0461159544880879	0.0519345186563493	0.0136473409563415	-0.0160454039364117	-0.105872531655238	0.0510121430526616	0.00792815222441257	4
0.0538844455125329	-0.0653889709740168	0.142369222891906	0.0527607019221507	-0.0843283902872925	0.119402773503049	0.0371818925101464	-0.0278108927693871	0.167475816643741	0.141811211547029	0.179344399496539	0.03135475262642	0.0396729658329282	-0.00795326841332619	-0.0455297685339794	-0.0172628863530536	0.052768055015802	0.00158062336960399	-0.118886974636921	-0.02417610085942	-0.0640921956730351	0.0855200800693418	4
-0.00879064412362193	0.0466268375496365	0.0548601352308042	-0.0849672017023487	-0.0107302057766509	-0.0526892380216549	0.00913934739120279	0.0167387128948265	-0.0166938601905452	-0.0718599668338187	0.0260681081010112	-0.0233289587170398	-0.0521155116979485	0.0129973935997652	-0.0495208269398732	-0.0498433208187201	-0.0407851384984458	-0.000462218726376769	0.0833645059263682	0.00601038926363561	0.0441368623234373	0.07278628293636	5
0.0242221250168862	-0.0484902405331203	0.112659327639272	-0.0559456139243166	0.00652512561285806	0.105105306994781	-0.0301006781929679	-0.00251423629156105	-0.11412833720185	-0.00768923488849517	-0.121598967589437	0.128397908535903	0.144318471731446	0.0592664458156746	-0.0718535696591326	0.0497076031472996	-0.0895992867740709	-0.0801068661835155	-0.0579110643969184	-0.0401778626472362	0.132103252060179	0.116358652684813	2
0.141442710571775	0.0859720918092009	-0.00862479112958136	-0.0369466451659299	-0.0451540980544643	-0.117370172953788	-0.0275190012657252	0.0626703591788423	-0.0769945505020154	0.0254108152063206	0.0590314886698683	-0.0494508264512807	-0.052023476779102	-0.0424883318903708	0.0153685329460353	0.0601881948911721	-0.0332985193133036	-0.0392251832834857	0.0274188473409394	0.136699951406254	-0.0768545850180347	-0.0202872790616693	4
