"SV1"	"SV2"	"SV3"	"SV4"	"SV5"	"SV6"	"SV7"	"SV8"	"SV9"	"SV10"	"SV11"	"SV12"	"SV13"	"SV14"	"SV15"	"SV16"	"SV17"	"SV18"	"SV19"	"SV20"	"SV21"	"SEX"
-0.0350117952813671	0.113547558176844	-0.0136672790369245	0.0273401836707238	-0.077484928394634	-0.0258459015488014	0.0278702413148508	-0.0283160831943181	0.102106583533632	-0.00490816869537637	0.0149709396375922	-0.0474516542141595	0.00331262062199241	-0.00116248390112897	0.0027809584859954	0.0116149700203668	-0.014199328919539	-0.0324266459912183	0.0812422931418896	-0.0308302250031499	0.198579163708862	2
0.0674817500329243	-0.0784009603453927	-0.02841919066338	0.0360741282142555	-0.00492913920237575	0.0174844052833969	-0.0531756026545301	0.000121528221267979	-0.00581216392500208	0.00655470513808817	0.0141224039761077	-0.0501912930203591	-0.0540601155284999	-0.0940901910707096	-0.0495287290273825	0.0508657010654942	-0.0216602800467421	-0.0307938631986718	0.0115242764888279	0.0309879355655751	-0.0506417735298728	2
-0.122739670772291	0.0338504746893685	0.0879543585076437	0.0431144884830369	0.0324069270349602	0.0771900729816264	0.0372718994633844	0.0896469350941315	0.145284226749846	-0.0072831157511096	0.0300779382916556	-0.162530411837876	0.113670530889034	0.0623612979864379	-0.183713100648017	0.164472924366086	0.070712888954547	0.222666403150698	-0.0682218084021636	-0.0869672867332406	-0.0116236797792039	1
0.0192735795081292	-0.0509795968374399	0.0340632845122577	0.0394946944857563	-0.0810190043288048	0.016455498535555	0.0310436758960577	7.24454079034931e-05	-0.00501420265285496	0.0345142023005624	-0.0598797233952467	-0.0328812868763994	0.0550348577529439	-0.0125977555758114	0.00909367772206955	0.0317229874926636	0.0182149672286053	-0.0310496738796192	0.0224587860159392	-0.00187867063833904	-0.082930358616373	2
0.050750635852525	0.0470855165223245	0.103951938779777	0.0107053189697812	0.0711744682106302	0.0771369521714208	-0.0566747911849615	0.0636274340467907	-0.0110756775374923	0.0174968288441878	-0.01937721876447	0.044007577184253	-0.0036568300686909	0.0056329531380549	0.0110712831596878	-0.056386578212764	-0.0212890614098471	-0.064245611975301	0.00775619651880771	-0.0595342209030068	0.016829866169892	1
0.031604038956079	0.203910672448719	-0.113416130107497	0.05947317006702	-0.00392172456647687	-0.117982113077426	0.0477183310375018	-0.0142521584459141	-0.000568985360884455	0.0643030637568303	-0.0125147991113331	0.053606520369845	0.0192088852601337	-0.189517662764982	-0.0600642925605428	0.0310946379049672	0.141217546181484	-0.0411277966755222	0.0523756960155479	-0.036298337654414	-0.194518710068274	1
0.012126404811808	-0.137889040757042	-0.0575750814468601	-0.0266619317235851	-0.0183971329115914	-0.00463698151482156	0.00192412903831318	-0.0016654868870442	-0.110144650855327	0.00878726878086214	0.0511103021515927	-0.0695270448765186	-0.114609026432688	-0.135037690032283	0.0120859498156827	0.00319703495623728	0.0491559022871934	-0.0413387447110506	0.046949913225938	0.00752550090122719	0.00489022145306951	2
0.022381807005865	0.0958121057850091	0.0846058292272776	-0.0744991807182037	0.121216332833901	0.0303598313633766	0.0302858064265337	-0.108046801948872	-0.0483457153789661	0.067107128207927	-0.019675015875161	-0.108074935831739	0.0667797003458168	0.0252357148898483	0.0581109585725552	-0.055423422919155	0.0537184944793337	-0.0115150129976924	0.0157254700761666	-0.0404992262223774	0.0376461383705858	1
-0.0713254638755818	-0.0312155080859708	-0.0258582858583057	0.0823622652572532	-0.0907148287345967	-0.0697169117742462	0.0351421991236757	-0.0125949368047241	-0.0777186305535466	0.0707183875902164	0.0424900536508981	0.0900493589179599	0.0581050977070783	-0.0324794928643034	0.0487241886088169	-0.0280058114060494	-0.0314907319492247	0.0968117835602222	0.0557826137083278	-0.0739801880650783	0.00507629441308155	2
0.0246175093084996	0.083506040262376	-0.0308759124124985	-0.0457569967703007	0.0529540374569645	0.00230550558276243	-0.042911328772472	-0.103596253895126	-0.0292487788104823	0.0361411385447917	0.00788118480138494	-0.0649004735413235	0.00475683937030057	0.0682417331551569	0.047416225753237	0.0206335734982255	0.00286911918295454	-0.0718172601818118	-0.0271207088447176	0.174494324544021	0.0705604852826989	1
0.0247989028315109	-0.151390882044761	-0.00064958882633567	-0.122460994987734	-0.118870200329031	-0.0141932804223123	0.0862283778341342	0.0571056364959071	-0.0574689938079684	0.00183175551934957	-0.0898631454420479	0.0333016218832543	-0.156660365521561	0.00183142956669595	0.0217102278859594	-0.00862534595436512	0.00700245681939838	0.0157057323360349	0.0451854300489915	0.0210155065171169	-0.0843702033258284	1
0.0622139008487111	0.0161598826656611	-0.0426930894981016	-0.162170201948837	-0.0542402367868826	-0.0669894995891059	-0.0365479981116862	0.0329551003181204	-0.0572182104579598	0.131146658764881	0.00351952023758471	-0.0126613097862093	0.0963806275001965	-0.0121088803990841	0.0190027806139909	0.0492905658572512	-0.126581141348516	-0.0131474338093081	-0.178340359502859	-0.046393244368407	0.10801549926587	1
0.0564546527052175	0.0674688618314599	-0.100917139591148	0.0134767346256861	-0.00235403361526483	0.027489378086567	-0.0654550867769777	-0.0760828612698944	-0.0531248166837987	-0.00714267051394866	-0.0545519591326847	-0.0771269021333877	-0.0603601348292775	-0.000202930532825649	0.0440064316366975	0.0789500905561956	0.0334101083089739	-0.01328360673683	0.0543088897961859	-0.0302739881875149	-0.0683018622936056	2
-0.0446990742861927	-0.0219708513863755	0.0693955388245061	0.0854130699227383	0.00420597597026203	0.00688414089303774	-0.0383974909986505	-0.0224042606117624	-0.00444626786975941	0.022375215307858	0.00463764046974167	-0.0317382265152884	-0.135251119761915	0.0319987614860685	-0.0338283089038355	-0.0467748742359205	0.0355856878454373	0.0239827201083445	0.0222225092830587	-0.0921925345283095	0.0101116369023897	2
-0.0790441908394052	0.0663143653611164	-0.105821218925851	0.0232734991602096	0.0185210038664369	0.0273838004230468	-0.0651672748956948	-0.122162807970997	-0.0993501716587613	0.00960983169703923	-0.0259082104650811	-0.00869528295448102	-0.030848692838624	-0.0210815611129118	-0.0106048191028095	-0.0373700218026835	-0.0275862906462542	0.0680468259800047	-0.0345750854683189	0.0237055107399518	-0.00439548836544222	1
0.0981820069019555	-0.0432625504021445	-0.00660614739333433	-0.0119513254696817	0.0895946650302726	-0.0475551116926782	-0.012957355577248	0.0434889391027919	0.0186079529184539	-0.0139192022033706	-0.100789667496792	0.01901112789712	-0.00920907789984107	-0.0327477122887359	-0.0981051429551176	-0.0260775096152145	0.0455707422091205	0.0987615780955419	-0.0416526530012454	-0.0203177331459342	0.115600210377555	1
0.14042563154221	0.0468483701407425	-0.0234804051544717	-0.0060858047985769	0.088652118958347	-0.00897480541672207	0.0147519016086806	0.104123353661648	-0.027970394035524	-0.00840025578442416	-0.121971335901309	0.0533780207422764	0.0919318188614014	0.0157667292916249	-0.0148961950007836	-0.0845047122346454	0.139086744077432	0.00461469651891893	0.0245724981174986	-0.0185353493937952	0.0410504450714738	2
-0.0936241084008552	0.0778068556693138	-0.0730854937795386	0.124537825002282	-0.0222438220792752	0.0681849551723024	-0.00933916431527456	-0.012293614903657	0.00364422726827099	0.0366558360327638	-0.198992744839526	0.0440468180174418	0.103297088382576	-0.16097474080438	0.109077518448285	0.188912805960066	0.136529115934357	0.164675425690753	0.123171928377558	-0.117875474305981	0.128262945931714	1
0.0310418962145768	-0.0724550403060645	-0.0356936238723278	0.0688586554974937	-0.0257873144058665	0.000482749168361811	-0.0669627042436427	-0.0649080080016933	0.0818564609830712	-0.0138767201463407	0.080146166813289	-0.00305514482840456	-0.0285771167968543	0.0111529215094971	0.100406855858132	0.0170732007599986	-0.0538071726402131	0.0569974639726709	-0.0148597228571541	-0.0617657020951615	0.0309717039002608	2
-0.0491002297477614	-0.0354067883759627	-0.0084323433199373	0.0449807888388336	-0.0964323857972859	0.0291270220177502	0.0125530721922316	-0.0961368035035133	0.0286550573594946	0.0550026306335788	0.065471238682141	0.064646689310218	-0.0341195780691405	-0.0612851059037509	0.0236582951673514	0.0249981721365555	0.0530015505975164	0.0194999698262031	-0.00566350414339249	-0.0160786835806525	0.0494216693930037	1
-0.0423506325739116	0.0725704372795974	-0.122735693275161	-0.0620908410214415	-0.0548943065738623	0.11165764557021	-0.183705149560533	-0.0335281560207175	-0.00832202469264915	-0.130703857529247	0.0480327258150506	-0.0132361250696679	0.0158964245681565	-0.0760827716224204	0.127493482234609	-0.111495126038304	0.102185299733429	0.0929839682300529	-0.146654244248182	-0.0429421859425226	-0.0650262351710022	2
-0.0561556663515123	0.0123566762770952	0.0812443399767864	0.103050980119148	-0.0177217840261967	0.00466146785646844	-0.0724442215564122	0.00120348479680532	0.0182684622911951	0.00303185198638459	0.054817348138644	-0.107229055481626	0.0656101974656676	0.0232960518102303	0.0596468257150827	-0.0157080823855269	-0.0822526671614659	0.0213680626332782	0.0323176314181798	0.0907386142151088	-0.0529954211294488	1
-0.0368496744406919	-0.0204035620663711	0.14286167267347	0.00932443807606544	0.142605651100905	-0.0511292327332736	0.00715339183353932	-0.000152890767420125	0.0384061669522652	-0.0207880208074789	0.0752569792205605	0.0977414699413088	0.0852729528204054	-0.0463986454120409	-0.0195175341536796	-0.0544983590346065	0.00788312691298421	0.0653887628444262	-0.0373504869036919	-0.140029709846153	-0.00128936349562349	2
0.0625023639747324	0.0207921222165985	0.0118881512253528	-0.0541883129448928	0.127460691299688	0.0484390555135599	-0.0952606309537389	-0.0816242641289419	-0.0904780935401432	0.0228927941847927	0.00759100706086971	-0.0264138216797455	0.110323352743504	0.0754705333690328	0.1026108654154	-0.122978820285173	-0.00382111580436143	0.0535591883312423	0.00251659190300099	0.00814631956385318	0.0464494169221547	2
-0.0686524643485859	-0.0397612105190632	0.00347218800923088	-0.101211628780115	-0.0719208239127946	0.165651389242934	0.101952152101293	-0.0909412027049822	-0.0340485572817019	-0.220311682019819	-0.0147829038353563	0.0106097145455264	0.0147469759349569	0.0245290786054212	-0.0952585364553575	-0.12744203552116	-0.0648655049335365	-0.00581734698881456	-0.0772238091596798	0.0182753985186372	-0.00779108014533067	2
-0.0203926984261753	0.102678503772341	0.00320882221209307	0.0988779886005362	-0.018931676257074	0.131839242574495	0.0487656075926132	0.121391471200986	0.0293084336794743	0.0783156272159647	0.102317954853071	0.116900710802989	0.025017104062495	0.0148777933802361	-0.0113891472161717	-0.0629892941143443	0.0171587690944107	-0.0740121585118556	0.0712232480887541	-0.0866973262661672	0.0209174638444927	1
-0.0412647160864733	-0.0687702531938316	0.18036885536435	-0.0115868224622929	0.0981729461244882	0.0857749842815798	-0.0468882551779908	-0.10615093640128	0.0162918980468642	0.0328917875147782	0.0868645469745817	0.0284411484038357	0.0600247043074758	-0.0505592582651202	-0.00946499336476825	0.0187178330001099	-0.0314266760367089	0.0903483822332713	0.0279882625579718	0.00395973005796815	0.0191668320008499	2
-0.0409963572147177	-0.0324315243323587	0.0424936590083208	0.0955031065660095	-0.0165301124794465	-0.0208818059265258	-0.0653369235444485	-0.0670006053596917	0.035322295662832	0.0452719488910254	-0.0622853140732546	0.00401081220258436	0.0393923883904043	-0.0220312045467843	-0.0172980027312791	-0.031753584504304	-0.0755959795628771	0.0491739649636892	0.0877735709800164	-0.0365476186216813	0.0735883014571177	2
-0.0960562454960707	0.0493624324142152	-0.0133703162931082	0.0608177943902663	-0.0802702410515319	-0.0205096127281375	-0.0588194881374495	0.00924856596095081	-0.00667866174959092	-0.0617495481926249	0.0219110108498991	0.128328367211775	0.0108769675190423	0.130724392847362	-0.0046447392033096	-0.0184173601212905	-0.0342841669573859	-0.0491739037031899	0.0258058065525684	-0.0253641520124949	0.000142039593719251	1
0.0741376810710127	-0.0931834385750383	-0.00952151426410076	-0.0248456302794302	-0.0360730363227329	-0.0997651858134259	0.00660579143883413	0.060393377901857	0.0663904087023074	0.01975236008302	-0.111812751086192	0.0996637621140541	0.0447230712967111	-0.0107486917306622	-0.0746370483610529	-0.0261804570349209	-0.047103517724994	0.0868210685835483	-0.092679568548114	-0.064318447959267	0.0503320365487592	2
-0.0255603372370098	-0.0441229265276775	0.0945271856219797	-0.0359924527467044	-0.0341234416212652	-0.00502100702965072	0.0282746316272617	-0.0376729801328372	0.0347318736238386	0.0569067867767202	0.0263815537754325	-0.0712948370526759	-0.0364822189978691	-0.0752025841765354	0.00695199021083481	0.0427968156001529	0.0414347054926149	-0.069023693162127	-0.0277411978370892	0.0647136817354616	0.0192049492207875	2
-0.027972413569873	0.138557458356531	0.0822352282544848	-0.096693310327366	0.065423682230015	-0.0378992310410133	0.139219523305198	0.032565163466004	-0.0765245949817479	0.0595943891572013	0.0436943168945032	-0.0720392063492101	-0.0382170648826247	0.00499184988200558	0.0151256618250698	-0.110591110432042	-0.068110569287654	0.0200045650870146	0.0582472321591421	-0.00178323978685809	-0.0445748274220823	1
0.0276521693263591	-0.073451173342691	0.0630321082912561	0.0235182336159961	-0.00176276722878347	0.0621790151690791	-0.0468883958772629	-0.0679361992942059	-0.0322697336019918	0.0642388083272483	0.0292602502512268	-0.0436203775898395	-0.0488478137910942	-0.00451160874153591	-0.0399168550079457	-0.0198841444101474	-0.0506932525206139	0.035945085020649	-0.0264908682809031	0.0834474021685904	0.0128679349220643	1
0.0774042988075848	0.120971859884524	-0.0800104568078088	0.0194593794487289	0.0209870684148463	0.000623474709740598	0.0535660001840993	0.0255920919401206	-0.0944129757927455	-0.00557675395640983	0.0099082448646184	-0.0311498643716494	0.000105060567841816	-0.0479732649331902	-0.192440041434198	0.0278636526887577	-0.0920507202247279	0.0159499760026054	-0.00449223040347503	0.0805649261622657	0.0437497890852964	1
0.0743359035707433	-0.0881667875392778	-0.0738649407306761	0.0371844158285114	-0.0142599005573274	0.0514268239301531	-0.00584748246756875	-0.0448880622116228	0.0457975066725584	-0.0776217706167354	-0.0410802216737052	0.067514957203717	-0.157327835393944	-0.134676587519933	0.130562235020142	0.0508395635949449	-0.013707454675561	0.0163237191215299	0.0686235762561051	-0.11900190031454	0.0395659383198762	2
0.0313938724267264	0.075993657009383	-0.0328714800526303	-0.0391724393774024	0.0555885899458547	-0.0331897039795144	-0.0669593607195038	-0.0912047974658918	0.0661406981953304	0.0289496230551153	0.0866144903174012	0.140378639960394	-0.0360349108354279	-0.0467562025439909	0.0774808093841763	-0.0674811329680488	0.129600884021964	0.0194171517566254	-0.0964422493691886	-0.0678677681715199	0.0239860624826745	1
-0.0209266912054029	0.0116521270343649	0.0588320708439256	0.111435753159203	-0.0188795802104352	0.0175809283392967	-0.0402843213140496	-0.0655112399704822	0.0359776328955366	0.0871411627974252	-0.0647091332267178	-0.0141199366769216	-0.0241411180570578	0.00933026919097673	-0.0107186504978647	-0.0818799079361344	-0.0740702168576191	0.0180859823593759	0.0478576805607551	0.0209609512885599	-0.0413515477656986	1
0.0163776834975129	0.0155255906296965	0.0136680481400081	0.0595936214117157	-0.0304574349520996	-0.0105981496189613	-0.0509313738851124	-0.0165378793650635	0.0566302734490745	0.0844722533001614	0.0395770131555803	-0.0340929354498942	0.070674865958756	-0.0109638229493084	-0.0850958556923246	-0.0553450587020178	-0.128123833936454	-0.0626476357104416	-0.0491064179211135	0.0455847837221071	-0.0166966048351087	1
-0.0469966173155841	0.023675068129576	0.0920761982437793	0.0384798922503743	0.0591049722971188	-0.0608383485476418	-0.0200112209826924	0.00189640262693303	0.0931944904654482	-0.0135313579466216	0.0481137069858485	-0.0556144689066846	-0.0332832632695979	-0.0618031548852712	-0.00406674319151139	-0.0610410243285418	-0.0387647161072874	-0.0316730622335367	0.0416349271064669	-0.0714523473059674	-0.0447433871752209	1
0.0443318953247306	0.010403216657227	-0.0701652795433243	-0.0883961652703287	-0.00174455238952959	-0.0287122005890083	-0.121032866232447	-0.0616569963542536	0.000565539065737343	0.0172163279149567	0.0362931843758549	0.0364850092058912	0.044821377348268	-0.00485225515102074	-0.0760325835736167	0.00992428830086716	-0.0104373528267803	0.0301584878254735	-0.0125244817728082	0.0585842340112458	0.0887245206306428	1
-0.00660860682376948	0.0442821600395218	0.012489482236662	0.091888217817249	-0.0465358302734406	0.0425305141871444	-0.024737891198892	-0.0741115956099385	0.103285257614503	0.0554796529111656	0.0721331679948112	0.0473061988175876	-0.105037758287927	-0.0686975717175302	-0.0344132871534569	0.0128180514238865	0.016724197246639	0.0823922823791708	-0.0336641187975036	0.0144898820102013	-0.0629180151333687	2
0.0696566878920826	-0.0664769448765936	0.0332401672330622	0.0155713539040006	0.0668758611627055	-0.020501327980748	-0.0215805276633604	-0.0315361263295044	0.0373255281762599	-0.027225468941818	-0.05842922816096	-0.000384062858092547	-0.0336606890135563	-0.0331340101788942	-0.0722836791246348	-0.0122818044919922	-0.0768450897476863	0.0665781420281292	-0.048309548049465	-0.00568047266846379	-0.034611357066242	2
-0.0639685940632537	0.0021879653868834	0.00521035365533561	0.0646103937994749	-0.00429236408041494	-0.0896032845485542	0.01923527855267	-0.00962812891427511	0.0210483585539018	0.110817410917925	0.0420210173722455	-0.0300247311096572	0.0237418867471254	-0.0212736087086216	0.0592676919116678	-0.076038523116628	0.0248515610252586	-0.0405148439404743	-0.0619697000303476	-0.0233841711830665	-0.045296256567235	2
0.0335997523904085	0.0893447430232663	-0.0353456878178455	-0.000130295874435417	-0.053296599075702	-0.0907063486243672	0.0427530018866952	-0.0467932614198575	0.111910137861796	-0.0197892888669286	0.0724421841996861	-0.108043227184122	-0.0689364371787411	0.0532137589641038	-0.103803035243636	-0.075459975762281	0.0327527012546031	0.0361949643053452	0.109506190721231	-0.0677097172470782	-0.0368480258495181	2
0.00703880343743969	-0.0481405208083022	-0.0722797344034471	-0.060091514423787	0.0399127662563091	-0.112465485122027	0.0305663426380818	-0.210094959005695	0.0972892274587092	0.0253874699335074	0.00758328312784819	-0.050536406327453	0.0176412426844858	0.0276419599491108	0.0525261667973105	-0.0468204456819378	-0.0292246599029189	-0.0177751532944639	0.000428283247007315	0.0824137427994847	0.15119723994696	1
0.04912632894698	-0.0314533126969827	-0.0431295106963578	-0.232550760686193	-0.0369652671593056	-0.136991812692946	-0.0496313451224448	0.00802727802644153	0.0408287583396039	0.0710851827611892	-0.0988207051913609	-0.0395250493465598	0.163019302760904	0.0684802666437705	0.0464379415428922	0.091224018550535	0.113210181695302	-0.0930161668185812	-0.103981540498291	-0.112854847012419	-0.230130344125002	2
-0.0311394773498993	0.0313155582477854	0.0564587219183083	-0.0203938073401127	-0.0173167838041811	0.137025908327541	0.039474597028125	-0.175580483988008	-0.0181209705962645	0.00149418251053065	0.121838196797822	0.164954732300992	0.120293017239828	0.0559945261343666	0.0364273864291665	0.117540088634319	-0.0600687155374093	0.00279192272167402	-0.0158643077996225	-0.0539403753708236	-0.0226206243488166	1
0.0301632017503768	-0.00850046441481365	0.00720727959939361	0.0158292041439582	0.00855524362027934	0.153763335849983	0.00481333175020555	0.0750624394316041	-0.0986633550326056	0.0328537501163419	0.0550451587986235	-0.071188823482603	-0.131461969749642	-0.0123967527736887	-0.030673820140415	0.043807902198914	0.0525002190066584	-0.0131931614038227	0.0960369159889937	0.036314772166039	0.0572942895511162	2
-0.160365584504677	-0.112429505921989	-0.112624846985487	0.0282148825682226	0.198871430271557	0.08446298273713	0.087691597879561	0.142278678812335	0.132242156843363	0.103750419347476	0.00113876851519848	-0.013215823159672	-0.02222341839012	0.0525640490587029	-0.0166954605597416	0.0536215520473165	0.0476404264882734	-0.0621753840853017	0.0624594204775652	-0.00869857508531146	-0.0914714749143129	2
0.071502015148788	0.123151292819894	-0.00432967773971606	-0.0141439672123165	0.0485029543517822	0.0313039362256855	-0.0174452252932593	-0.00553677284742884	-0.069613894960748	0.0285447903501042	-0.00710546720065134	-0.0627292208978069	0.0719307760760761	0.0184774164201831	-0.143620566717935	0.0254390165581834	-0.00753517125398283	-0.000362645622484649	0.0338559848351515	0.123568457569552	-0.0274258456296516	1
-0.105156407082291	0.00334674651098733	0.0416918763634174	0.0652619640665301	-0.114344972038041	0.0293300351030489	0.00881545335066327	-0.012441528508474	-0.00953478334131391	-0.0135290166371808	-0.115518977492096	-0.105265024904667	0.0595448944996362	0.041014998313925	-0.0364782117263925	-0.0555258258281923	-0.00595143565603499	0.0715129242923933	-0.149552507345972	0.0328909527143157	-0.0740544632966097	2
-0.0380730048588987	0.139670605160913	-0.0487318561507382	-0.0133663198946355	0.00538682371920825	0.0178911481325371	-0.0771778007036264	-0.056693685660585	-0.127959490966046	0.0734148148166874	0.12710985733075	0.0145418857906037	-0.0398495269338014	-0.0240385413389334	0.0818380813471994	-0.020509713540501	0.0355864903533189	0.197862979363534	-0.0224255344568822	0.0592119897331836	-0.0395496519213276	1
-0.0399439513398927	0.0592333886646127	-0.0245444411250518	-0.113781734056185	-0.00655796704280795	-0.147415114282976	-0.0313115151834355	-0.0235925996419573	0.127414488666219	-0.0360403789972876	0.0834300729924248	-0.0156677524411866	0.0106805320643057	0.0156755162967019	-0.0701062171416061	-0.00277258950664322	0.00638152418918378	-0.119507925723385	0.075580295865538	-0.0199903787810238	0.0955213774582666	1
-0.0214618037437211	0.0614442231747564	0.0229904135538985	0.00652874108242268	-0.0552808992378492	0.0544780343557842	0.0937142538756175	-0.0695688733173185	-0.0162160238531236	0.0418097598343073	0.00350273956205748	-0.0105413035627662	-0.0801449986546855	0.0924966553564741	0.0277644426900702	0.000303809200680965	-0.00123527655858076	-0.0294357129967037	0.027968950558251	-0.0589845782197111	-0.0390440914837944	2
0.0823489694076193	0.0309923140185889	-0.0615444189806897	-0.0481247759510227	0.0282770257871077	-0.00952801832473823	-0.0439570843771778	-0.157041441272677	-0.0224513134440207	0.0832148372011973	-0.184045221213253	-0.0437661342698186	0.073832283785167	0.0243471597126981	0.0147238562835967	0.114651232619782	-0.0612152846354438	-0.0212832821112009	-0.0102196853895915	0.0557981445283319	0.00730774061673897	1
-0.0673186538308213	-0.0599755761882778	-0.199620767549652	-0.0446136912218241	0.17042476639427	0.0658355809412681	0.0259409555209634	0.0485552148881276	-0.0132623162925874	-0.0410535895968505	-0.0900627903164182	-0.153536424538606	-0.0177213044452256	-0.0613397115811844	0.0317932053375663	-0.186262417048679	-0.00475480917770024	-0.0339070424401548	-0.0400764576012276	-0.0599200560911602	-0.0435412762053776	1
0.0326985075309938	-0.0599378352527166	0.0215413325902848	-0.159648846276035	-0.0198848746327376	-0.0381073757136156	0.0243966171493112	-0.17253118608366	0.104330192062687	0.0948303242622253	-0.182975154252003	0.00928122090841076	-0.0532978855756693	0.0119975315541552	-0.074356201670576	0.0273285787890782	-0.103258664912838	0.00744259539888521	-0.0305947633385405	-0.048516734850433	-0.0224868137516083	1
0.0789283893867873	0.024847027736796	-0.0473761247823225	-0.0508453078989501	-0.0191175413597354	-0.100868493369853	-0.0469184478222722	0.0379546559596424	0.0951051800148008	-0.0359541787474497	0.0965297732971848	-0.087169414920454	0.0711151338160394	0.0320385964425381	-0.043558634684551	0.0422981310509185	-0.0502858744849255	0.0374727636860654	0.00251581853941057	-0.0514519268113634	0.118389301182462	1
-0.142477518351813	0.0213270291923043	-0.0434347494856852	0.0939945314699733	-0.0714565847730552	-0.0298779055143407	-0.0534890378768367	-0.00605949856609931	-0.0116387342154795	-0.0885893375450048	-0.0831183734304464	0.0917210950448369	0.076794829774047	0.117976990290118	-0.0380844399076803	0.0185735304461816	-0.071836536466724	0.0886472088775419	0.033790247410579	-0.0490192586465221	0.0416631866546218	1
-0.0019885031596679	0.144252879381164	-0.118648544242189	0.0445015848075403	0.0297027322409193	-0.092676438494297	0.00831264773423033	0.0169988380001033	-0.124287790427753	0.0470276801482188	-0.0118833245820748	-0.00555798709669168	-0.0202727966494126	-0.0585576722710971	-0.0443501794417571	-0.0462208193108057	0.0254166995723524	-0.0318212925322919	0.0407790240865297	-0.140128618315176	-0.0358982718718944	1
-0.0608565868374329	-0.08603560396332	-0.000962931949800496	-0.043547832603063	-0.0868770907480768	0.0367826542051156	0.0389685298342189	0.0738480032109444	0.0885811832113598	0.204547876829564	-0.09239052112281	-0.0238865881767314	-0.00597929334211548	-0.0423334985941482	-0.0315394040196351	-0.0638265773339414	-0.0862205350696518	0.00274359474645178	0.0996498236809608	0.00552881587982115	-0.0297941126929039	2
0.0130956126850395	-0.0429923612239769	0.0940072187372911	0.0235616744290833	0.000302622178265692	0.0248181309461562	-0.0219955968706065	-0.0189097701293388	0.0792553658019715	-0.0437187414754149	-0.00799943490658621	-0.00251571078726928	-0.0363626652804286	-0.0126294854213207	-0.00400412244762697	0.0576805509028588	-0.00119352896469803	-0.0654914453424547	-0.0118795764753684	0.0285976892020441	-0.00179802876642811	1
0.116412946301972	-0.0785498011856763	-0.02590778142289	0.0164303862827504	0.0451187344008484	-0.0188975177160355	-0.0540956142453537	0.03805192375576	0.0558539034698474	-0.0622733959761454	-0.106058839957877	0.0817252519993395	0.0631416000104101	-0.0764370270789331	-0.0490104113015434	0.0691232076284599	0.0296960230517576	0.0315196607912681	-0.0308019155964633	0.0745632579829317	0.00827024295464156	2
0.109677605821234	0.00977729841057282	0.0341674572479365	-0.0443898515031688	0.144395998136631	-0.0386115559012394	-0.0192870796242323	-0.016022971635384	-0.0135874458506567	0.0472177011891979	-0.0887529436232564	0.0605431502935707	0.0820847278954477	0.0471564845519253	-0.0240280843573737	-0.172773452529549	0.0778734618264336	0.0919023875416208	-0.0172905009525929	-0.0247188177131758	-0.0839754948280226	2
-0.0904889878793764	-0.0554854501352599	-0.00338894188593026	0.0395688034161298	-0.0557558120519318	-0.137262761757008	-0.00521050844092627	0.0104105008904449	-0.0421550835797326	0.0382439050302768	0.0527246461893305	-0.0299934702838575	0.16914398714217	0.0196187402296822	0.0543754196863246	-0.0398713646886052	-0.0561647590947239	0.00303570986520446	0.0432074480516806	0.00890361054900866	-0.0181428728675743	2
-0.0145704603205573	-0.0618872388252538	0.0835635957210599	-0.0381436469440417	-0.0867530119152023	0.0180954643863813	0.0570880008925617	-0.0685904543600249	0.0319998083156326	0.0570026863781568	-0.151753641797615	-0.0621116321114747	-0.0909802685114297	0.000713978604044679	0.0247846261395034	0.044945745218319	0.0228058978368891	-0.0673010822400808	-0.054676397571581	0.00631752055817499	-0.142170943757309	2
0.0020316328440128	0.0433613071074642	-0.058344579108339	0.0912831863767206	-0.00975706240120873	0.0301150499134759	0.014526565605904	-0.0489674127326089	0.0675525838262889	0.149465377495225	0.034355252408	0.105811912544806	-0.0319262370067191	-0.109281286067228	-0.048783476503772	-0.010334855617201	0.000573675271881229	0.0244031820627881	-0.0819734331590097	0.032157630096451	-0.0539295054420588	2
0.109422750852837	0.0954368163906438	-0.0774761142227587	0.0171529297450031	0.0253530098966491	-0.0727487370144675	0.00204093760419588	0.0709631208682435	0.0525949891600262	-0.114180128741266	-0.218288813117266	0.061899317804119	0.0594718863780056	-0.0161329513620218	-0.0619610709655453	0.0407735040734711	0.0966873384809292	-0.0428139941441943	0.143469129550384	0.110931430845032	-0.0464429596699955	1
-0.0289982340490083	-0.0182150718303814	-0.0951050565375438	0.0614878860174848	-0.0169456804761271	0.201460889533058	0.0869743763067717	0.124814664415567	0.067271477103	-0.0605799823039494	-0.0480413989031803	-0.0254598583519139	0.0402523636194927	-0.0863772140939563	0.0268682033454627	-0.0830763921521873	0.0174101072426427	-0.0982321597993775	0.0262526262560031	-0.111197603391042	0.0147642615964467	1
0.00135639513767189	0.0192433303432931	-0.0695406264230368	-0.1118009579853	-0.108308923557381	0.17690208157039	0.124294837435464	-0.0729588083382885	-0.0112604656454273	-0.338116758504748	0.0875269463120531	0.0820575456159107	0.120396068937786	-0.177962097329923	-0.147837113200216	-0.105170041405782	-0.205940587465667	0.0198804708647655	0.091217520185299	-0.131034095085798	-0.208561973749256	2
0.0753979434628347	0.0516788777846907	-0.0798546926060447	0.0118651575842814	0.00988278163544175	0.00447460672207433	-0.0218240140000012	0.0236907448199178	-0.111727466143918	0.00884979518461436	0.0111735728925716	-0.0305127028118036	-0.046247845238379	-0.0733537339742432	-0.124353251364742	-0.000129549185369478	-0.0933109393334355	0.010529398010329	0.00743144884633145	0.0352294043476333	0.00300065150668189	2
-0.0161816082738247	0.0498524108544505	0.0779145779621229	0.00883725697382498	0.00278964245865265	0.0866506856515994	-0.0569473213365014	0.0755085134503292	-0.0909638635256548	0.0481120302503717	-0.0135862938092924	0.14024005275626	-0.0998112231813187	0.00328863151036513	0.042058266692276	0.0340442071887592	-0.0473285695349782	-0.104421320323391	-0.146008761486257	-0.0541968490085069	-0.0621371413970261	1
0.0862389752197188	-0.0790688742415329	0.0190701361613535	-0.0514284779093795	0.0842052145437984	0.0225357358357224	0.0137695869840918	-0.071958275930003	-0.00196586821529927	-0.0401553281543019	-0.092919012072914	0.0599436142381439	-0.0232776776972889	-0.0349248762140912	0.0202431498112566	-0.138531320356986	0.0642231014429648	0.10279586598499	0.122580751526068	0.000584284185113693	0.0422005781899208	2
0.0416493108637051	-0.0720141987532801	0.0193391795219112	0.00424548889691808	-0.0869137683645919	-0.0139647643514812	-0.0434231364793298	0.052123259819703	0.0812641047451853	-0.00474492993332468	-0.0561824134050478	0.0426059218391008	-0.08632404857887	0.00943815510550685	-0.0125887940139384	-0.0359914128347743	-0.0523289014332081	0.0366703083638887	0.0819793135048112	0.0418825643385147	-0.12891791032093	1
0.0882998215726297	-0.0554929944575056	-0.0867342281529623	-0.111121581935566	-0.0261971015673514	0.0232441511686374	-0.141969598150782	-0.0147480329506962	-0.0818171423786134	0.0325840176947857	0.0203401278219997	-0.0397099279669462	0.0261523629769931	-0.0271217269477326	0.0851554394622957	0.0218588829373606	-0.0958259171884357	0.0735869963461954	0.0131084260401213	-0.0315015690011458	-0.0859951695968194	1
0.0313631021987322	-0.0340752788106693	-0.0570598447644455	0.054481650923646	0.0626115168303766	-0.112199859363616	0.0349726986812678	-0.0353114890894025	-0.0122187958676144	-0.00761119804831204	0.0187307540252918	-0.0201697930571886	0.0613875951837409	0.0391106351362892	-0.0191572147342922	0.0463742075314111	-0.136691132620599	-0.0458476784615242	-0.1010433127358	-0.0394585412647149	0.000124031801374396	1
-0.0244535132472558	0.0743275041836667	-0.0049451518322174	-0.0949994395767549	-0.0371149350372961	0.0014489087474803	0.0970420030754354	-0.125099801112005	0.00485717431631492	-0.0760001924905644	0.110817603967001	0.00216485329539257	-0.083411044055484	0.113294909566377	-0.168295955980343	0.0430525683678665	-0.0338257525814471	0.0615974695754306	0.0122692069617151	-0.134988203426283	-0.152921180728248	2
-0.13396659960248	-0.0591964611332485	0.0347703414106718	-0.0590314870317475	-0.0322165761137799	0.0612983322093288	0.117039116992713	-0.0160204194413286	-0.0299981200888282	0.0377240867869176	-0.082253608363516	-0.0420336576199949	0.0079815749409502	-0.0230921945384597	-0.0535187260695434	-0.0939842840431187	-0.0594225482019436	-0.105751493916235	-0.117123615911725	-0.0108395538193346	0.119875854828609	1
0.0149536073426037	0.163052391885152	0.00788777966576752	-0.0104350813667473	0.0291621610372024	-0.0648875265962396	-0.0198507573024844	0.0113096671287164	0.0995033570138146	0.0259555762505591	0.0803375887932576	-0.072187768989102	0.0300914030959745	0.00941119457526945	-0.0451525560435921	-0.080654318842267	0.0259556021626976	-0.0558295796818985	0.0267795997092762	0.0877257236803853	0.0425845706158218	1
0.0960418343416825	0.00124196156571079	0.0909537403736468	0.0148549708110664	0.0556854915394241	0.0602793510169726	-0.0106553507765208	-0.0161925147668253	0.0755968266193579	-0.0489856541450162	-0.105686896599363	0.118316173855713	0.0760862573899781	0.0783185780104417	-0.0181773473960958	-0.0267974368619611	0.0401105782200076	0.0552428763921328	-0.0314063504531403	0.0224381942362183	-0.0160527285591444	1
0.0178538583975292	0.0114741736184761	0.0327877094576775	0.0638637427575322	-0.0327337616613368	0.037772535383572	0.00292576282337357	0.0246070206427239	-0.055743154425741	0.0122694576605522	0.0362231931601293	-0.00531010081086872	0.0105551021265153	-0.0322212881510339	0.0551230343236057	0.0434918983745373	-0.111918343336545	-0.0377631576528655	-0.0125914687558043	-0.0493921527128175	0.0339350442447249	1
0.06089913767644	0.0386384577464346	0.0459447369116784	-0.0204732016014165	0.0251125318199229	0.084695396601206	-0.0893126585306057	0.0214334935071726	-0.0934797631165701	0.00783708488586131	-0.0072338431522526	-0.0952383397538373	-0.0656353412773815	0.173317175659099	-0.0134805103639872	0.0540685742633631	0.0726886426694084	0.160547570340809	-0.0429565499779326	-0.0957800674213984	0.0291619536137778	2
-0.0138023369231736	-0.0481386615467194	-0.0262523775712725	-0.0587289855788538	0.00238722588225888	0.113085449296252	-0.0614149407119424	-0.240829485478214	0.0713815312241168	-0.175591475719831	-0.16421420713965	-0.202759784957272	0.0983060616919361	-0.200944499164776	0.110686381924031	0.26026911495608	0.207000465583443	-0.131704473210361	0.151855575575362	0.0334415848227228	0.0358004439826825	1
0.0087800244104815	0.0436146928547873	0.0650405461936442	-0.148845582027498	-0.0673927417244633	-0.0275802795086645	-0.147098026768145	0.0889021866848617	0.118371966314681	0.016071840585595	0.00877714623651345	-0.0182341979423709	0.0196434584999367	-0.0569269741180006	0.00569519641974384	0.0806077353054182	0.00528269371939553	-0.079771829242082	-0.000264782411973492	-0.166505765342163	0.0398081472032427	2
0.0801806287129242	0.110553864890937	-0.00733534498645714	-0.0173540648820824	0.0386445741391288	-0.0235647397321844	-0.0156470716078848	0.0383596027066858	-0.00285435275103827	0.0181996666859054	-0.0465689665386457	0.0734878596677102	0.0181209910724248	0.0163909509345316	-0.0714454228676117	-0.0881937653775821	0.0950946307431101	-0.0471513771565316	-0.00797195573469704	0.0176260789901607	-0.00496444651859254	1
-0.0660200924530884	0.0632408104164757	0.0338437300478883	-0.0972037110165258	0.106242405680985	-0.0429083348816875	-0.0112417340956585	-0.100701322942145	0.0243438199614599	-0.107921771518764	0.0446943367217874	0.0600216184915277	0.00472652177895222	0.0793299407638112	-0.067018284505659	0.0495293385729636	0.0911462028839973	-0.148677376205342	0.0353847239116816	0.128912774811628	-0.0411476771156446	1
0.000969326805418482	-0.00623034781754941	-0.0513384403923052	0.030004186212819	0.0489940676840759	0.050360797049726	-0.0463551532508049	0.0207662663734774	-0.0318729810017966	0.0306439376733057	0.0150942860758196	0.093514214620633	-0.158213602289377	0.02854077007991	-0.106210164666036	0.0235744683532211	0.0742092152004786	-0.053152076330813	-0.00540156053467242	-0.0562570194901911	0.148215657343255	1
-0.0201058185232309	0.0744757337886243	-0.0809923407315075	-0.0331454190305261	-0.0443866489119005	-0.114995009302055	-0.128519772612067	-0.0350617393290997	0.0425052236529146	0.077947423256696	0.0355602907186764	-0.0089503684173313	-0.0277310272616378	0.0258169269090318	-0.0316743408278804	-0.0443492275723371	0.0349664450974614	-0.026591169494916	0.0482247198395636	-0.0984267511990062	-0.125589579279478	1
0.0349141507324981	-0.00242645965371908	0.0116369015636495	0.0865231657402978	-0.056504861499077	-0.0314981776396422	-0.0152412735017581	0.054023962023531	0.0579609954291652	-0.00993647409498199	-0.0490687108526708	-0.0124127431294779	0.0176113337750915	0.0196874297576403	-0.00446332702361296	-0.0733858824976441	0.0189202566775881	0.00722721073845951	0.120611525709368	0.0114010031953724	-0.0659517529192515	1
-0.167495495044772	0.0188096721892749	0.0676464789348465	-0.0405293657906981	-0.0694561983097524	-0.0339717689237369	-0.0889195293885029	0.0819275673398529	-0.101413720814014	-0.0141834438354008	-0.0723126910430442	0.00125947808654064	0.0911102978306705	0.0901262200658709	0.0508182262862418	-0.0268383546641211	-0.0248166210573558	0.0148179937472399	-0.0983921762179853	0.209592554076184	-0.0217555327790289	1
0.00791459801376714	0.0455473394992414	0.155718679287322	-0.0624180761937982	0.0786590317325371	0.0865381052076609	-0.017834345846624	0.0375075323905703	-0.0249362713164627	-0.00584805346104949	-0.00584502040872175	0.025921517717386	-0.0727724311050564	0.0421436144985867	0.0497979089611689	-0.0670472292587718	0.0272004247532563	-0.00188720616149055	0.0168506329742238	-0.0561345803872587	0.0588214367760407	1
0.0615412969283859	-0.0594931668108636	0.138258748250157	-0.0055958700790122	0.111670792706633	0.0551122663726542	-0.0685556384727536	-0.0170401279501301	0.109410196577868	-0.0556092745444522	-0.00825804208717261	0.107457550956784	0.133152184873261	-0.0758378618335023	0.108683519469682	-0.0386386814097078	-0.0123672492112748	0.100665025139896	-0.0377818835181029	-0.112837961404973	-0.0165304781882192	1
-0.0460301910862424	0.202559880274762	0.148030794734462	-0.0357967416147162	0.0969026447437302	-0.124731136169767	0.170486806509654	0.194888210753075	0.0395900480413825	-0.0240873209837036	-0.0865114999296663	0.0093344830307634	-0.0921209112302032	-0.263619815183879	0.23937558905895	0.0821046089032464	-0.188019529382394	0.184190193045108	0.0450316968155944	0.0469844189243548	-0.0382850390564522	1
0.104985629003828	0.0706311476446172	-0.042150708917368	0.03369188011768	0.0430985385466745	-0.00287548756289042	0.0664983600699829	0.0302830525103371	-0.0275435489932565	-0.0499473108761995	-0.0342643723319186	0.0576468199866952	-0.0200598604790728	0.0611725981454404	-0.0340298822653765	0.0136445431098109	-0.128267147519775	-0.0696564704227786	0.0265143411576244	-0.0816179191948194	-0.0271623882506698	2
-0.148478699069584	0.0127225463546721	0.0104086488974259	0.0534436994499755	-0.0835248600997754	-0.0637484674862672	-0.0942918591515782	0.0602317906009714	-0.0102784239578414	-0.095800547989294	-0.0486619702189898	0.0958199831347221	0.0143785362495417	-0.00930751564403551	-0.0124932094101298	-0.0399308804832614	-0.0103782611831254	0.0425661076152236	-0.0202448162622062	0.129144112141885	-0.0444851234212806	2
-0.153077706068677	0.00211437861378782	-0.0957536916934385	0.00745408392245302	0.110922347211517	-0.114556127039076	-0.0427458185556178	-0.0650793967527573	-0.181739902888872	-0.0783062507820456	-0.0668644957146192	0.0970429085147354	-0.0283225058138046	0.0848663864909371	0.0620064371985405	0.0401318761320118	0.0500032562584647	0.0669336944050907	0.0992424204526501	0.0539750208658034	0.0511862083577876	1
0.0154540301653485	-0.0885963964368173	-0.0872097995745482	-0.0387031106241831	-0.0336182498554995	-0.0289702816361355	-0.0883071860171692	-0.0577799031547508	-0.0846671733899404	0.0477954873260434	0.168550236365415	0.0229620334903345	-0.0411575203272606	-0.0867692457854684	0.0811472020622053	-0.0195039509332168	0.0749742757737787	-0.031044610776871	-0.0287759824977464	0.0238683830648615	0.00262868805544746	1
-0.160840815957172	-0.0499209472858108	-0.140287083305129	-0.122563585560384	0.0767055863932547	0.1248593765424	0.0281432126226349	0.0789850766663701	0.0981927274962435	0.162282006361303	0.0398675072499959	0.0939834494285495	0.012206520643622	0.00713488247145791	-0.0925119790434814	0.0933786266899472	0.019296626924319	0.028368400411404	0.0143417788865224	0.0405294277997749	-0.0585781532326094	1
0.0871642705458795	-0.0242210891044871	-0.0131978187197852	0.0649890998718114	-0.0307982113518983	-0.0100024151314367	-0.065253724934312	0.0321036483892032	0.116792081587929	-0.0709902947128532	0.0303031763771411	-0.0594061245914975	-0.00791349704979333	0.0584569262955462	-0.011979972091141	0.0362939445438235	-0.0212734589144454	0.0514488330126931	0.00172807065987582	0.0527917348016037	0.0452208171572563	2
-0.035178450684465	0.0116877029427652	-0.0470590048879124	0.0412127795784228	-0.0799900021881044	0.126432863916786	-0.0198071161559802	0.0422528625687191	-0.0166297755559446	-0.0651479788796817	-0.023397880556737	-0.0149913649660962	-0.0446703789041028	-0.15367063229369	0.0550680904534048	-0.133518042169403	0.0165875147658936	-0.132973068538932	-0.187179561660141	0.0348273847435083	-0.0352581486217931	1
0.0496177849144482	0.130950221610367	-0.0077859552373482	-0.0205248952403497	0.0128984171228309	0.0160952132614138	-0.0511894406414493	0.0563635076858289	-0.0189608605313891	0.0150705019961593	-0.0557132655472068	-0.0364470781667529	-0.047612196533758	-0.0361233553349966	-0.0670640042039923	-0.102911247244229	-0.0210603803002864	-0.079889968417647	0.113033261037754	-0.0189794656485989	0.0339455248586329	1
-0.039849671132286	0.0536804204628664	-0.0556203941462429	-0.151831699333673	0.054957881990999	-0.0727328091497597	-0.175742945580939	0.115460417088923	-0.0575919739081034	-0.0979008848055834	0.179190660925891	-0.000998610535358689	-0.0864604627792596	0.00832919696135914	0.148967906527882	-0.0359093562531818	-0.0309250820082182	0.126994714404487	0.115160845295515	0.0229277872390904	-0.0614569039584079	1
-0.136851105559178	0.0138420551036179	-0.0423051921197192	-0.140476013295884	0.146118473712013	-0.117312056598935	-0.0611078141263027	0.0207650555441139	-0.00215765279810623	-0.16836086658284	-0.00225638977546225	0.0834967350112774	-0.273373136649239	0.044939345506008	0.0366384422326524	0.138079831273978	-0.0441985649304757	-0.020519536621461	-0.0585278461625458	0.040032367663883	-0.00836896091591959	1
-0.113013889153014	0.0127252984674133	0.0345402036715169	0.0631249822716974	-0.0705329186482142	-0.026304745311734	-0.143710590679194	-0.0596473539653208	0.0754260765284925	-0.0191172730223938	-0.0505131578802275	0.0337108146757175	0.0285705081639458	0.059548657052864	-0.0243746334837436	-0.0246322279313018	-0.0353036652926145	0.099115214352196	0.0970169225225873	0.102100843322341	-0.0503535139111796	1
0.0701768720037143	0.108609850738465	0.00576295922265696	-0.0333534778140666	0.0550474024018996	0.0341257095525301	-0.0957305315787472	0.0320923639048976	-0.0332699763486746	0.0610026266589782	-0.0251913706336947	0.0489471191825914	0.0039096925169338	-0.00574665917737135	-0.115682640481118	-0.0528149826851078	-0.0224437508320324	0.0177733241317891	0.0782832211328234	0.0147615223394944	0.00602218536322501	1
-0.118862810659179	-0.00791922279435939	-0.00254658684454863	0.0800302658304763	-0.0039433282465991	-0.142746930403936	-0.0429563281180508	0.0629474322194274	0.0171525341384546	-0.0823241108882965	-0.0906070694341532	0.110236878505769	-0.0521611180998194	-0.00999301630991509	-0.0588412518643091	-0.0439482185242481	0.0223200372663937	-0.094986455274697	0.0845278463805108	-0.112986206448888	0.0786705865628079	1
0.0616104316256942	-0.074024760325594	0.0130833307378082	-0.174420706087577	-0.0782412996884871	-0.00299339567852132	-0.0262034947245078	0.0912981641184896	-0.0324999652871822	-0.00260006184449584	0.0141732750149475	-0.00193596253600142	-0.0245801577917726	0.120850356501933	0.100977736254813	-0.039135446341298	0.0277571995789434	0.0492288913015886	-0.0108369525156823	-0.0901898778985716	0.0389393628762714	1
0.0369550276623079	0.0168655231490697	-0.0325783767358391	-0.0904772346889649	-0.138930686390904	-0.0283683950030477	0.0415272532433319	-0.060855271402639	0.0923642809924698	-0.00304130889748958	0.0475225915787662	-0.0326400402001054	0.0149182456872956	0.0487110102960369	0.0787039548448278	-0.0197052759834691	-0.118995184636451	0.0281481587349274	0.118198746107039	0.00978302732330804	-0.0738169439971544	2
0.073128183230209	0.0232699215158229	-0.0667369095254249	-0.0730791981981684	-0.0578350700487107	-0.049781790671622	-0.0317686339150317	-0.000886204798229152	0.0593979140248437	0.0218168320329165	-0.0584522937489623	-0.0186754897333842	0.0089877393112297	0.0503443015986609	0.0568551630483807	0.00427883495238562	-0.0850779226207949	-0.00784866844863271	0.00652436790189742	-0.124230659335866	0.0275822847740526	2
0.0258068514869824	0.00836899554762014	0.0339872576505341	0.0414363336443015	-0.0887493554859807	0.0420821488414338	0.0120546678690365	0.0348434595370817	-0.0424509314933483	0.0280592806362663	-0.0298444011615158	0.0859372030430487	-0.00362999699844385	0.088511632009256	-0.00982308040699427	0.0155641697046757	-0.067744830070004	-0.0417628488938642	-0.0182447554097441	-0.0554639311198707	0.0570743379980516	1
-0.0962115858160885	0.145488556331676	0.142535614629656	-0.144959432004973	0.0490541638791754	-0.0937710369562007	0.147200506764937	0.0945436111737331	0.0846076421529601	-0.0887330163615261	-0.0611782924959657	0.0398977720616645	-0.0648372112907035	-0.0980161056386517	0.196625979760456	0.119287826079378	-0.174723768376377	0.144178318392103	0.0516221122288237	0.178793870913969	0.0043636944699376	1
0.0685535509688174	0.0323487939135014	0.00654043016850424	-0.0752361306738207	0.0022904618488944	-0.047195893451743	0.0109838654453219	0.0255173979929618	0.0224228204493805	0.0776144728438123	-0.11258281029554	0.0397874931564027	-0.065255614099478	0.041001667252719	-0.00670103847218745	-0.120857722510634	0.0202860862370635	-0.152157206897987	0.0102880781896451	-0.0427152266697687	0.0810570145479666	2
-0.0308058378606503	0.0695433391138383	0.0527628615293713	-0.0062322432659015	-0.0986948391014621	0.0526439041164493	0.0411899897987287	0.0281747397645909	-0.0629897117205827	0.0804771185150893	-0.015959740632451	0.0631633616709754	-0.0704315374780055	0.0319616950184254	0.0841956258481731	0.000297212714978958	0.00588264552846464	0.0290575902355483	0.130643393403041	0.0420868746578763	0.106255654120066	2
-0.0170508798661648	-0.00990301966621697	0.0088730404944658	0.0946589107624785	0.0366932317205242	-0.103109688431986	0.000312512642237529	0.032230137930929	0.0244055280150772	-0.0214083581397465	0.0294865237580001	-0.0703521325694729	-0.0658366328706834	0.0686818758721931	-0.0654672788254526	-0.00880582278969762	-0.0721778994038124	-0.00986922686550277	-0.0540165732237302	-0.0558339002798235	0.0526751411042292	1
0.0534523498141872	-0.0628184271090216	-0.000922398580474509	0.0472399079107884	0.00933608970803846	-0.0339402130841083	0.00810999280666458	0.0358923125033745	0.0400942597877273	-0.0275506599708177	-0.045630307991411	-0.0481893428006068	-0.173677850224886	0.0591835468886294	-0.0267076481148025	-0.021134071504359	-0.0132409311111409	0.0728928476525649	-0.00823246747107536	-0.0531158177615509	-0.0707499890807769	2
0.0757620335627588	0.00394872852381848	-0.00384277556345377	0.0695742887276925	-0.0839692547394933	-0.0210165737950452	-0.0288079289585404	0.0723968357115966	0.125788234487503	-0.0830173151745912	0.0289284427789233	0.0748282118054251	-0.0135774571225869	0.0409597641260306	-0.0281206625922269	0.066802771689439	-0.0695907574611575	0.025516498239872	-0.0267517380613264	0.0370850886630334	0.0450019801232903	2
0.0509706876562071	-0.00118660025908074	0.0013855706499338	0.0491581776460899	0.00518418726993876	0.0210710712384523	-0.0617347626793983	0.0254604307720441	0.0608525358771067	-0.027172063743444	0.0447946025467769	-0.0254493947516172	-0.0140930772953503	0.00913641795359302	-0.0283061018927175	-0.0141815157962256	-0.0376775048159224	0.0439253055181285	0.0441803374598038	0.0544362580533482	0.0721451762316455	2
0.0716037150571447	-0.062131354517273	0.0149062003151228	0.00820772403698469	0.0121915387747112	0.00494954036257999	-0.0262767287684298	-0.0578787881212031	0.0805111518193449	-0.0469937133830921	-0.060075881216286	-0.0031292213565293	-0.0480733701821002	0.0741244072414167	0.012287576914426	-0.0666894492464215	-0.0379441200025612	0.0926349661880021	-0.0699259405109682	0.00274821788598092	-0.0945696015785355	1
0.0243222785248545	-0.0451627686972091	0.0621010123711024	0.00286938881992608	0.0556833307292057	-0.00583406450072882	-0.0610134121124758	-0.0574360331164407	0.0715073571198644	0.0205172165340328	0.049367566257868	-0.00667130853135405	0.0504107562472078	-0.113482354249208	0.0416866558345443	0.0156131526156932	-0.122807600652619	-0.0220083545906701	0.00611174197409376	0.0486641686692745	0.0419400611703867	1
0.0439990495329867	-0.0970267833164159	0.00192583157343453	0.0452625250112268	-0.0258474728543397	-0.000566592220038073	0.00274846523104504	-0.0187775704802234	-0.0393025915305897	0.032791233792619	0.0110221287855574	0.0351742533417725	0.0118409112301747	-0.0329911403957171	-0.0115411261030335	-0.0287298100498986	-0.0679944115858753	0.085067207019774	0.0383926746600933	-0.00467263565386737	0.099200014263167	1
0.0303653284888067	0.0450533643487977	0.0572931516280984	-0.0909244264483124	-0.0136509392446348	0.0685250727706741	0.0800266599668879	-0.105100918592147	0.00430463031145233	0.0269070608349583	-0.134757155385353	0.0241289476500776	-0.0131760501836908	0.121895955578105	0.0759708088698742	-0.0171458096811167	-0.0536437297990546	-0.0592028418219298	-0.0401983190141269	0.00236939269110509	0.00142049370449966	1
0.0497648160484257	-0.010892827528037	0.00967543850282626	0.0788503981250028	-0.00220859621566887	0.0237633446933663	-0.0487340638411796	0.0198274940280815	0.0184467986913896	0.00591143645522322	0.0369466771783118	0.00930590072402142	-0.0766159602172564	-0.0129003993136354	-0.0767678746312327	-0.0503164735859531	-0.0360567210284931	-0.0377116149241175	0.0277468243770027	0.0173334716444084	-0.0344116553148767	2
0.0408137322905457	0.0223432509037688	0.0973469377250271	0.0459163198051224	-0.00198357280105281	0.00172115185855372	-0.0252971531212526	0.0567817746938905	0.0949907486378974	-0.0500619378397725	0.0139854107145387	-0.0110321173195139	-0.093797512827951	0.0170177643916983	-0.0622710396723379	-0.058062230001413	0.0341947620230331	0.0118136789376555	-0.0252383971143583	0.040843056361894	-0.00244003065615559	1
0.0587714022247244	-0.048277165535125	0.00113223493660598	0.0361500614592881	-0.00207010421264437	-0.0137075839067906	-0.0368729181329566	0.050138365788512	0.0474661730930134	-0.0502635847620692	0.015212638382473	-0.0180721106476471	-0.0447191922578742	-0.0550683664126981	0.035241893263949	-0.0741170050119995	-0.0634269870145287	-0.0697843498208839	0.0181459183341499	0.0100102424436524	0.0146867023959775	1
0.0660107028246354	-0.040956770203368	-0.0540027781662312	-0.00311362720540954	-0.0282487439860307	-0.0637897219763297	-0.0485074768688007	0.0613460113023297	0.0113401193484726	-0.0164501850490936	0.0290813479702774	0.0594673410046113	-0.0613351542573196	-0.137337054483807	-0.0367057470511874	0.0176627171256429	-0.0142867918057278	-0.0305234683389587	-0.0540340734058195	0.125221522155524	0.00647946460578055	2
0.0296946587342437	0.0467729504644944	0.0939082702152432	-0.0369971452882711	-0.00996182192924158	-0.013876341074383	0.0302110716109617	-0.0352250386133612	0.112643186688786	0.00900270778341969	0.00231411284832296	-0.0428197122206415	-0.0589652422613231	0.0943980966858875	0.0719865534902724	-0.133626673765904	0.0515874656673927	-0.0128623781655547	0.0321086465236702	-0.0265212762893695	0.100893759576325	2
-0.147121912890839	-0.0242283069800065	-0.120033228638027	-0.108394446627397	0.0665260410505802	0.0288882181965888	-0.144186131771956	0.0505048269887255	0.195839086553946	-0.0183272331456698	0.0248227763602367	-0.0328371401927128	-0.0710798246853958	0.0976331317550435	-0.047272327267667	0.0778618552996404	0.0384596017558349	-0.00788317904177466	0.0399173220078336	0.0697483335857975	0.144300050319604	1
0.0491734882097608	0.0378491354027005	-0.109605744866136	0.0336246056175509	-0.0806657392681441	-0.0341532796277443	-0.0052173146378368	-0.0222970028261811	0.105315229795614	-0.0645041754909768	0.024219892097041	0.134401009576925	-0.0497445811252281	-0.0225172873569338	0.0452129198336973	0.0865224305651027	0.0801494799716048	-0.060423868986628	-0.0293295490775978	0.0432299588341028	-0.00430504280497638	2
-0.0206953266498847	0.112173735514836	-0.0486971601247143	-0.0351854305171228	-0.122528024797583	-0.0126841905428818	0.268983678233357	-0.143448968073552	0.0966578610386448	0.000675910304091568	0.157635496467031	0.247719116959817	-0.0656151259359252	-0.0525636134098586	0.0229245013231288	-0.0566050253080772	0.250730671988073	0.0264679174689991	-0.207325408662832	0.0718788557375461	0.0161746512362682	1
0.0300833528465947	0.0255633771757899	0.054367512529175	-0.0123447282910878	-0.0648497978483524	0.0504013376614952	0.101238069289399	-0.0572270389826839	0.0419316661872187	-0.0359222992597547	0.0919699173374617	-0.0760082072945461	0.0401098471306771	0.169714776222647	0.104605541643768	-0.0126150396120009	0.0263370591713985	0.0569408125679126	0.0278377684704777	-0.0256919807670575	0.0177306418054653	2
0.00779389267530402	-0.043826888845549	0.0895507729511226	-0.00208545862338485	0.0381684051020636	0.00550998296001066	-0.0388756831617665	0.0218896494795907	0.026150800651396	-0.0420518857063132	-0.026512792199123	0.0115712035592414	-0.0489633174346284	0.0666788504019433	-0.0745194089241885	-0.011255781217516	0.087107148700659	-0.0917821560423951	0.0287500211730733	0.0394867191775619	-0.0061033970734697	1
0.0234509554233974	-0.0602581647212153	0.0134412929670482	0.00480331464668861	-0.0950724077564567	0.0172426360840628	-0.0632195313201413	0.0430934775170189	-0.0134922537531782	0.0194047924595882	0.0112868469195016	0.0260538838154792	-0.0132598040571153	-0.00455531672563556	-0.0881702366388914	0.087004737990587	-0.00716036780505009	0.00896345985487074	-0.0710996280578357	0.0115276406112127	8.72198919484278e-05	2
-0.0272212433115558	0.139497455182923	-0.00149750082246634	-0.00334500996131526	-0.0471337410579429	0.0174471790065949	0.0771205923598841	0.0158271977472673	-0.00328611521929192	-0.00259033334929932	-0.0756792625932325	-0.0360024076069661	-0.0629764277602697	-0.0554815430269369	0.0671972202555674	0.0175387022304523	-0.0594676394114697	-0.00124320890686004	-0.0968358457074878	-0.105498145631977	0.216762045073213	2
0.0121435219241934	0.0169344938427616	0.0602452297124248	0.0757596239235077	0.0369712775311339	0.065473072401906	-0.065142310195672	-0.0261760550944532	-0.0188298171958416	0.0365304067278717	-0.00605087536132979	0.159869043888409	0.0148626045707237	0.0561803741133622	0.0149511677335148	-0.0417134332794267	0.0144266213718907	-0.0334224127031703	0.0329409127489795	-0.0433784120047552	0.0388562276486982	1
0.0534221074407574	-0.0828271223984128	0.0529217794908459	-0.0133647706449657	-0.0630193927940823	0.0738680148652029	0.0141700243850192	0.0761140225377015	-0.0468100053669076	-0.0569870297478178	0.0890037436316119	-0.0562535590090665	-0.101320422099336	-0.0141617632890714	-0.144599372348335	0.0600674006401847	0.100418817117039	0.0933444301348502	0.107970860727825	0.0654453652643261	0.0500400832995286	1
0.065934548925636	0.0258128496075428	0.0239833359953497	0.067544061826594	0.0355285530550947	0.043284180455137	0.0113570635926104	0.0019792872888678	0.0429189487215877	-0.0460168038005031	-0.0117905515133493	0.0114541406089663	0.0516456446185665	0.0278799888932358	0.0595411968899058	0.052743945941581	-0.0180670439862873	-0.0970906475564936	-0.00533033141108843	-0.00713511932015722	-0.020311891674945	1
-0.098911957945833	-5.43381232200961e-05	-0.0319565068472701	0.0678663172576299	-0.0152031339779053	0.00778656533980925	-0.0441392984560979	0.0424445141710192	-0.00198261087728614	-0.0868170971621509	-0.0381676440550724	-0.116298282779043	0.0680124241311297	-0.00681529793122175	0.000302703202622207	-0.0558325151289919	-0.0303907256234861	-0.0836763583447631	-0.191456497329347	0.0592736583842465	0.0420548081457098	2
0.0409300188008405	0.0157140598841011	-0.0595552449540505	0.0611373369600169	-0.0171360245959167	0.000601610905108446	0.143628800663024	0.0124571702573429	0.151985231288761	0.108548490847149	0.117163490499982	-0.078376237439969	0.128840395275911	-0.0394810526260085	-0.00109150467375813	0.00778314457516756	-0.0755753344733874	0.022786810996461	-0.00702981056644278	0.100623959649236	0.0432271440046155	1
0.0835466514685245	-0.07327858569313	-0.0492399052082548	0.0798324007497068	-0.0282500163116224	-0.0247280426093091	0.0101649922424005	0.0345294846217585	-0.00842532452233651	-0.0595405564148775	0.0370314702537776	-0.0429127549669297	-0.0495973473755213	0.0254318974714554	0.0819579870550911	0.0523518069552077	-0.0245684187575753	0.0322589602724666	-0.060698453848191	0.0228892475026976	-0.0341373421460798	2
-0.0612572774877379	0.101618908682505	0.0610654203072521	0.0439794052114002	0.0667994325782802	-0.0428650911420477	0.100808281163126	0.0523769164513547	-0.148688082338026	-0.00492349291503673	-0.0429916214001081	-0.0775552526586962	-0.031305137599711	-0.0436404872945057	0.0783563429143657	0.10672780554613	-0.0590672767786543	-0.133818388868201	-0.0932569047530168	-0.10636951361917	0.0587184734302725	2
-0.0472679868112306	0.0199587410674024	0.151216514996541	-0.0214351960946851	0.0369358228729207	-0.0182380988357026	0.0839426232548898	-0.0230328736824227	0.0418556920803276	-0.0125886586486595	0.0625545854175963	-0.0367400789782063	0.0610628356815333	-0.0513692871426808	0.0163610866073292	0.0625477883090688	0.0860456352681236	-0.140986185454511	-0.0834437511717275	-0.0165828190517936	-0.0665168627128816	1
-0.0142100884802124	-0.0515971150273242	0.0494320515608832	-0.00776953544610448	-0.116080225302781	-0.0332823978851251	0.0669204532619649	0.0444323579835576	-0.0193514471848763	0.0565913416155426	-0.0407436748951791	-0.0428697384136685	-0.0651132247179522	-0.0158289192261037	-0.0426557713713172	-0.0522089861151515	0.0747526234900458	-0.0209683406348389	0.0532775947345413	0.0412900234500364	-0.0210745105162106	1
0.00259335262231946	-0.026259704550941	0.0253609731853644	-0.0860762519201949	-0.139314727914567	-0.00185120445002102	0.0666864911100548	-0.0423292979744957	-0.00173585247472706	0.0565109042841901	-0.0397985843622625	0.0123198276491937	-0.0680884895794516	0.0751167270480545	0.0559373116782636	-0.0582404853675811	0.0352118149639117	0.0436294357340132	0.0306945462368409	-0.00135281204672956	0.111183956915272	1
0.0382866960142384	-0.0526751850963269	-0.0284835695112771	0.00910034561550607	-0.0832705481606703	0.0299202698728875	0.0501626847607887	-0.0266126594924804	-0.0602355607304411	0.0120640305073549	0.0488738215460417	-0.0480873237590466	0.00857810792599008	0.0346645793234672	0.0349881655004719	-0.000390401751287845	0.04162807251501	0.033229224873026	0.106401867365782	0.070389751768509	0.110545244246351	1
0.0383156360743551	-0.0287916076000156	0.0364583585875526	-0.0814430323795484	-0.104385153172956	0.00178778278271975	-0.0806356240315256	0.184575765894859	-0.100992587265564	0.0369844961977658	0.0156945615563876	0.126624373185922	0.0555039341789224	-0.0903212739857834	-0.0285133317064994	0.109642219343672	-0.0519112143634584	-0.0272060202732782	-0.0155003489829692	-0.0529819264257137	0.0470840773228664	1
-0.0196351032684729	-0.000397306108882201	0.11875795008256	0.00301992822293004	0.0801047202158602	0.000430697067374735	-0.0199020337388198	-0.018805528499983	-0.000774721310362091	0.00357882947788046	0.029000907475656	-0.00422832868625207	0.0615055314603985	-0.0358163419998393	0.0613705663353433	-0.0250007590679153	-0.00247938246278311	-0.0890470116166778	-0.0330590340532889	0.0805107005930278	-0.0370291770636752	1
0.0530676049922931	-0.0108182105875321	-0.00315676509442486	0.0781852264247437	-0.00766338200915408	0.0286180160129046	-0.00615548592991769	-0.00620538860857196	-0.033942959692824	0.0435083826532968	0.0199778011523482	0.060999985954651	0.0824421974156329	0.0637287242582119	0.0571342749085497	0.0982604781475356	-0.0422420889806781	-0.040154450707488	-0.0832468304938803	-0.0270328900479533	0.0764632706282607	1
0.00809874799860903	-0.020734118611928	-0.121009035821976	0.0504127297066725	0.0682296314695934	0.135473316191025	0.0517451030261906	0.0982011262882495	0.159482493033483	0.0678211991838498	-0.0219982822035578	0.0930330375609907	0.0347504588703891	0.121395589081618	0.073574970494282	-0.00662301583325134	-0.0659647359058198	-0.0350949003718259	0.0554421225699665	0.0888381315100854	0.021202315859628	1
0.0303618449454903	0.0919267056439223	0.029069487933975	0.0843128066213238	-0.0402174618309518	0.10307296230753	0.0360914681359924	0.0156910714210534	-0.117512253085848	-0.0325080481670947	0.0192860545557527	0.0757436682308829	0.128121554177854	0.0750252290616173	-0.0381732540000885	0.0467898647539679	0.00236941304798496	-0.0386302583198207	0.104558449342046	0.0229394566529853	-0.0321311038719892	2
0.019617631539646	-0.0632653432023414	0.0330997830873343	0.0168664678455033	-0.0848399413538783	0.00883205791327449	0.0182942474949305	0.0441597377735004	-0.0283534508915871	-0.0200759378275652	0.036368877742378	-0.0782302640267774	-0.0920242874166973	0.0992182898688394	0.0896341299423496	-0.0334928009224869	0.0603224446625133	0.0281534871277838	0.00171761714695789	-0.0196247781360156	-0.0957144880353269	2
-0.025691912471111	-0.0400666441565566	-0.0793189863455618	-0.0117546032383492	-0.0325505368144086	-0.104802475101745	0.0169785909559753	-0.037013855943386	-0.0243753463744742	0.0248624471655406	-0.0121112249202822	-0.017924873644652	-0.0258717829749878	0.0149425367437995	0.046744199707238	0.0238278407678103	0.100112091895144	-0.0661452495911956	0.0836815556421026	-0.0534970979608623	0.0840557596302881	1
0.092381249077154	0.0672156892698685	-0.0981282033697712	0.0256530290849153	0.0582915965000991	-0.0754172068888884	0.01840998783448	-0.0122425939032447	-0.0883365938885311	-0.00596018858159468	-0.0639101349966712	-0.076649198159146	0.00726781744391274	0.0387405141164476	-0.0406661128052098	0.0500336110511141	0.00231030594125087	-0.0623496287966792	0.0199580485955804	0.0416393610795014	-0.0711203614728018	1
-0.0299711061536267	0.00259531354178319	-0.0798902460852577	-0.0507543131632375	-0.0443668641595005	0.181088863833263	-0.00429479678334102	0.0702200962801835	0.0800404330287241	-0.0238449432279947	-0.00969444592186184	-0.177479778681812	0.040848409985218	-0.107932000118615	0.0201867521039465	-0.135522572850728	0.0346050568469686	-0.0124762641100659	-0.0101138399835539	0.0129205987372683	0.213448916709989	2
0.00380600382792245	0.0437169921651836	0.0395698907246128	-0.141197825394952	-0.0807519669006292	0.0222672893844804	0.138573904123558	-0.0218785979016573	-0.0744289636748642	0.0714762664580351	-0.0216035807681664	-0.0669762813385858	0.0218333095669196	0.0531144574647568	0.00463310068357573	-0.0445750739812852	0.077607853132384	0.0423550822558768	0.0731308310968676	0.117250033661495	-0.00148631697410227	2
0.0427201567442613	-0.0587582262671989	0.0389643487740128	-0.113533797924599	-0.0616706384436418	-0.0276258808875018	0.0885085042294076	0.0287217369773514	0.0287576216384586	-0.051246405192433	0.0190042629307895	0.0524150419406951	0.0563970726347336	0.0259724958390784	0.0255608493269439	-0.00593218492699833	0.0436534144322863	-0.0358100751559654	0.024923915577015	0.0913176065412401	-0.0059852717764526	1
0.0604445511894063	-0.156523886227857	-0.0126423811586633	-0.0798809551337124	0.10716375543284	-0.117391096023251	0.233713649029297	0.00231277056039708	-0.138945386121898	-0.00242735847238087	-0.0197578228581533	0.0391048289620952	-0.00452820328560949	-0.0702874785924055	-0.133425604428454	-0.0193363503512814	0.114280975272735	0.174663072694425	-0.0944464281323902	0.0526283916316349	0.121569726166373	2
0.0471936908057701	-0.05221968772087	-0.017732268059993	0.040813909138602	-0.0547586030238831	-0.0297756734633876	0.0784586079107171	-0.0252155961660314	0.0264741943746932	-0.0123089384666517	-0.0252051731723117	-0.0175368829548014	-0.0106322863467729	0.0425827453999313	0.00296140774105143	0.00937405726452963	0.00616465747431047	-0.0778312191904147	0.0384949812855747	0.00352215190554483	-0.0260812583091612	2
0.0421103595532506	-0.0778642237066231	0.0407044962189899	-0.0205564096788743	0.0191938528558429	-0.0224464483110518	0.0228459057185869	0.0307084106927943	-0.0604111299358539	-0.0105151904580303	0.113189400849762	-0.063578340774281	-0.012498559995373	-0.104709430719199	-0.109274454621734	0.0203565325348488	0.035438505867206	-0.0339056856822751	0.0399214450867362	0.0686370876329583	0.0467276266961301	1
0.0673399584741673	-0.0611122736993501	-0.015703738577788	0.0665102566388497	-0.0375175308852464	-0.0308993930341132	0.0503818123223329	-0.0096082284363709	-0.0342639254396413	-0.0117949960174511	0.00754137196639392	-0.0502263927549794	0.00648376042894832	0.0205269107758464	0.0179031520519823	0.0140311857508876	0.023111841423629	0.0958520127503465	-0.00216153731798827	0.0121451031144243	0.0252328712818746	1
-0.0091879519544161	-0.0876879743660421	0.074133650985787	-0.107590720026861	-0.16140869057272	0.0351208179041491	0.0629536988809377	0.0728742980067707	-0.120812294266648	0.0633012305405274	0.054113115312757	0.0700191154991513	0.158722204477378	-0.153348954951109	-0.0779656068405604	0.124324719820545	0.0462802069335364	-0.0364000312726747	0.125304714293622	0.117186727246213	-0.0132844877279041	2
0.0787321144396191	-0.0372523594197481	0.0235494468802112	0.0448774502756573	0.0190804281133301	0.0229620787220738	0.0643955248103119	0.0242909179990543	-0.0595114069147265	-0.0307213147027079	-0.0222691058088938	-0.0221537404311967	-0.0647666082301268	0.0215331066019284	0.00956274768435422	0.0210853048605508	0.0158186198595511	0.0117815450500865	-0.061830408834274	0.00307609032766421	-0.0367813834202644	1
-0.142310774714804	-0.0244995189667392	-0.0499187179153198	-0.12105811514232	0.055309028881242	-0.0633729925851765	0.133265294011351	-0.0826529925241847	-0.0623544355052975	-0.260986846060759	0.0754907657345295	0.063377348441287	0.0466372037504616	0.0114695030334899	-0.165116795020789	-0.0234321635476461	-0.105364941484048	-0.0626016454096185	0.114585950992526	-0.0635850596921351	0.0889029163556187	1
0.0516417895826321	-0.0167531534887094	0.0469570123991334	0.00865711429628842	-0.00987642584521238	0.0626470594157299	0.0330078406753996	0.0466089499669177	-0.124710229337914	-0.042763427560898	0.0365204566148483	-0.0440663376167948	-0.0370923073001121	0.0131472785994284	0.0454712004275769	0.067106169157718	0.0198872894236357	-0.0532280117719459	0.0682957563120312	-0.0174861777673243	-0.0211771705124676	1
0.0633648219743173	0.041013908274343	0.026215388634781	0.0787345572250675	0.00728339372404272	0.0180786109105063	0.00741765297382903	0.0424950733934443	-0.0204835819163554	-0.0595972453297442	0.0157238384748916	-0.0317465641126242	0.0366188628631366	0.066130817669323	0.0631501568454839	0.0774945127181359	-0.0315364612697551	-0.0906769920368191	-0.0384321696238061	0.0465845553673763	-0.0201934025124424	2
0.0389831716439934	-0.0324400506504253	0.0832950674625691	0.0356284243594563	0.0280408075703006	0.0112379492338559	0.00690133393113711	0.0308169010506286	-0.0288813070403814	-0.0295615187039947	0.127523343975905	-0.0333566985172504	0.0656948825392136	0.014491537433507	0.0116874851144445	0.0245439263023656	0.0392162856823529	-0.0430196219796392	0.0429483404584982	0.0316605970284174	-0.0127574035758517	1
0.0431809903594652	-0.0501675835727928	0.0488937051086856	-0.221412251373701	-0.102719110601045	-0.0188654070061882	-0.046656488311778	0.146216929841187	-0.0441112639295662	0.0581642631563281	-0.0254707617822707	0.0381002233052957	0.0381485183400969	0.0420358672236911	0.063673703404438	0.00305016531403008	-0.0603048065632355	-0.123675153156505	-0.0694054008723736	-0.0339553065358547	-0.0802142551864635	1
0.0576677889953679	0.00932810098331688	-0.0291389477566424	0.0997050903497606	0.0364073028593082	-0.0402663460006527	0.0376482643772692	0.0763222139480642	-0.0391535017327838	-0.0304045800895928	0.0702361229144906	-0.0604243233244603	-0.024195950150565	0.059901223772373	0.013448107486178	0.0606011949081134	-0.0410600085213198	-0.0513127645657494	-0.0716001289500215	-0.0798878724321071	-0.0748126284870074	2
0.0129695257667848	-0.0205446250778175	0.156044919938049	0.000402594866152078	0.179922942664719	-0.0283949383266215	0.0574469499320106	0.0578607693327168	-0.00144194446815929	-0.0175496127423751	0.0649413004444512	0.00905857033831579	0.102242630632946	-0.112279728043113	-0.0263876358837994	-0.141022266096013	0.171057516119265	0.051304364061948	0.0193904056893536	-0.0532890024056698	-0.0518394067874216	1
0.0383733616079953	0.0366254639690092	-0.0754819490031505	0.0278134926108867	0.00580632799046523	0.0751030462239524	0.0598056858010496	0.0756357922143316	0.0278244427634814	0.0620064618633883	0.035984841741245	0.0339321381811606	0.0710717216116444	0.0399467747139362	0.035705368416791	-0.0555729884341294	-0.0151083006322083	-0.0935666614428709	0.0505105717923389	0.122270683019593	0.0295296809110366	1
0.0745382028893509	-0.00343013198057152	-0.0153039923755179	-0.0195771630882443	-0.00689016613091597	0.045879282202001	0.00784224864506556	0.0029843208263142	-0.121287503548166	-0.0413977605194317	0.0909387221448647	0.017459269262258	0.127111053397681	0.125163800377265	0.0200979742704503	0.0825132466434339	-0.0423055842847963	0.0270684554297941	0.0353873248797489	-0.0104546128904656	0.0709955081241589	1
-0.184887258688548	-0.0720678080894864	0.0361440546629389	0.0920215407121968	0.0112081157390786	-0.107683547976364	0.0319745939897058	0.00508517703103162	-0.131059135306096	0.0418828819293121	-0.131005740131823	0.0012019456147261	0.113924594229736	0.0730421714600154	-0.00535176637878599	-0.0235549101239532	0.0484409978538996	0.0777569468648569	0.0505728195989391	-0.0778894710832869	0.0191899500124957	2
0.0399434188175638	-0.106270894112657	-0.0317056968217305	0.0367538931605274	0.00245676513467908	-0.0596299288058899	0.058251904779472	-0.00859902913648867	-0.0412218436161449	-0.0111271324182008	0.0758138710145472	-0.0575249867652081	0.0224776510051377	-0.00436955590019633	0.0310414756380382	0.00866102628696758	0.0441291870174704	0.0651325275941596	0.00811704154717225	0.017472669000436	-0.0515955668081875	1
0.00314925404351671	-0.00390704463941201	0.050030504399141	0.0347500282497403	-0.0124985402350602	0.0481016877739191	-0.0314583103297261	0.0573206064950902	-0.129812618865024	0.0520022103104223	0.00202554479108164	0.0760335142701737	-0.033263112480808	0.0447751663517602	0.0364995821630838	-0.0325409917334891	0.0750940635951407	-0.0853578868862403	0.0241112066937584	0.0398029895684217	-0.0443006982102473	1
-0.130685725997067	-0.0250249337853915	-0.0718812878160545	-0.215901416569854	-0.09137086455056	0.0270268750156718	-0.143782738387585	0.197111820425366	-0.00969560348905992	0.035741618963911	0.119847593796501	-0.0410663156625512	0.138927462803443	-0.0197049692009863	-0.0296357644482679	0.0284627598700777	0.112352303674675	0.0733689265512888	0.00162039555771687	-0.18291983449149	0.0167786345771079	1
0.0911988797079429	-0.0456488098123718	-0.049489099567499	0.0575229235307063	0.0212398177274993	0.00134446576611624	0.084004186058996	0.0114193490557887	-0.079883480366768	-0.0791799905232316	0.0707645831547041	-0.0115782422252569	-0.00914501993198219	0.0830487786526088	0.0365830153630659	0.0797771450541176	0.0212639089895911	0.00894597931540997	-0.0298134466156175	-0.0202389322604428	0.0409378574181216	1
0.0383521194827975	0.108919131781701	-0.0609993673175546	0.026304428584582	-0.00158465366230608	-0.0201439875302756	0.0161437677716982	-0.0167179456768795	-0.0620155658317136	0.0262986287615419	0.0344153957942963	-0.0389696166296438	-0.0110644045613182	0.0111777270610146	-0.0589842634958093	0.0211165210312118	-0.0795739615687131	0.0391539242937193	-0.118725905580176	0.092302935598763	0.023325232796163	2
0.0395921257188834	-0.0442894065994804	0.0272517822630259	0.097908411571097	-0.0449280506707928	-0.00212680691672609	0.0055241765150628	0.012919849408598	0.0658635868236809	-0.0443524309197939	-0.0353680045950715	-0.048913476018548	-0.00958212722898397	0.0786829707295455	0.0494588781139703	0.0187990704568591	0.0822054007551794	0.054542961410213	0.0563017290519198	0.019235349470954	-0.164502221868869	1
0.0695342382911807	-0.0143573520632316	-0.0816226911075349	0.0773949607104906	0.02936903400218	-0.148088897477821	0.0636240118005215	0.0499873267761399	0.0401561985982991	-0.0457793934815684	0.0821037893615401	-0.0815434048279683	0.0821756918198401	-0.00759781258116778	-0.0145544382754067	0.0147563763271819	-0.0109501874208172	-0.00045937933906918	-0.0671156764005717	-0.0284328011047088	-0.0250978416133776	1
-0.0381521721018206	0.0278952770234947	0.120176120105821	0.0267910424303195	0.0657947524952239	-0.0266472615934981	0.0541870961901787	0.0311674322507578	0.0193368593830259	-0.0468397428678481	0.0308527759952995	-0.0942642670738232	-0.020116658172253	-0.0387817498423347	-0.0406397675139509	0.0562294190847628	0.0608328366000984	0.0361656330165549	-0.0692245482805662	-0.0659834680105413	0.0593087991937203	1
-0.0408971103189978	-0.0813653427301265	-0.0462656067296921	0.0155189732446812	-0.0294989077091393	-0.0961083716350745	0.0425365577593868	-0.0265333025439612	-0.0521541188464128	0.0222429550218615	0.0875390666219434	0.0168043985350546	0.0147756153345934	-0.0341424614220882	0.0938638895270026	-0.0938091840163066	-0.0638241465711297	-0.0396721247159376	0.0509055302708931	-0.0176517086593766	0.011996313332154	1
0.022531253323876	-0.0370538795194005	0.0340383090486219	0.00586639921893512	-0.000116336739098866	-0.038993749779314	0.0155387290778909	0.068016265306687	-0.00572146610234044	-0.00738595112856269	0.0472470131786028	-0.031618536879474	-0.107943706668993	-0.00234825176298948	0.0758713364608569	-0.0334409519364069	0.0333198464260321	-0.00166206909256195	0.0300242821509988	0.0798813685074707	-0.0605114925256778	1
0.107473273309196	-0.0865815907645615	-0.0808896471249601	0.0490269604525086	0.0575235503946196	-0.106625729682135	0.0885775918489512	0.051534480344377	0.027135999016903	-0.0558064413859511	-0.0143644281385059	-0.00323256443354479	0.083995028500992	-0.0202438455091946	0.107973371042008	0.00771108690192006	0.0355971165886605	0.119776341775113	-0.142506226021149	-0.00968593167104448	0.0368216842566435	1
-0.017616274377205	-0.0538327761636142	-0.0550395150951644	0.0495990700351542	-0.0231620498189266	-0.083318850606309	0.100701612035816	-0.0706922771920766	0.00929359781414662	-0.0122201254304905	0.0453628512545019	-0.0208443345469181	0.0834522744323835	0.0273598272104858	0.123414156477088	-0.0701683633518798	-0.0130814608130117	-0.0500692224602494	0.0717630770905443	0.045896126421435	-0.0694053138427198	1
0.130922063646341	-0.0483389234137927	-0.0580997496433652	0.0157431384127167	0.00781855137128923	0.02336247439253	0.0541762567628125	0.0581325264161272	-0.0418031557088192	-0.118041021597536	-0.0350208906081812	0.129184683213188	0.107149944395701	0.0974996658394322	0.00410980444322276	0.00345434979226401	0.107857519615485	0.0416766566856817	-0.0837260075755662	0.108618201024285	0.0516502932924744	2
0.0338834984207088	-0.0662273900190343	0.0410956186243847	0.000836592835464305	0.0632909526448846	-0.0338272886347959	-0.0526294600506594	0.0118071776505383	-0.00126732183783713	0.0613465040229717	0.0359946120645207	-0.0564520029246143	0.0513694156150828	-0.0885874877390987	-0.0268480752942177	0.015690043480042	0.00122024098127691	-0.0795551878071187	-0.0678648716072261	0.0101188681106113	0.00658262341508846	2
0.0159269670956985	-0.00418214937508697	0.0490434956656899	-0.000785117213288192	0.0918627114882369	0.0949188713856021	-0.0823522056722457	-0.0661919215881721	-0.0470812186603676	0.00235871709719603	0.0227912156315675	0.00506898227062253	-0.0522336803428479	0.0290777562713171	0.0714318711640694	-0.0412613600354128	-0.0203246455081919	-0.0967441071968336	0.0227596274760614	0.0157250590771766	0.0300157014294941	2
0.0238400276202805	-0.0584168812631268	0.0697128565314287	0.00166262261652207	-0.0266247005976995	0.0271733167440011	0.0122836930695936	-0.0299439317624187	0.0298914298568485	-0.00651567975412774	-0.024829355095331	-0.0390411557033478	-0.0755510804868661	0.0563933580186557	-0.0358555559937504	0.0305886783572586	0.0756611943828154	0.010588813166623	0.0151446587159504	-0.0606712323163411	-0.11376932547781	1
0.00184026793396946	-0.00415959812100949	0.0154421927456901	0.058244378266256	0.0376416111440642	0.0572562319574149	0.0200844665770123	-0.0613804821293458	-0.119593196709674	-0.00640697943147532	0.015222743766094	-0.064578704082352	-0.0280406711249688	0.0579256107765467	0.0519698285047068	0.144658894027495	-0.0488389366732558	-0.0712979062283826	0.00286856073874778	-0.0782661592132727	-0.00705191692308394	1
-0.100408229779866	-0.0172091936706426	-0.0119271959237569	0.104187468600818	-0.0836865736538773	-0.0694419070921807	-0.0381376659043276	-0.0128822529588805	-0.0226258801266649	0.0471816580421967	0.00100803641901173	0.0782840930702766	0.0528154224151035	-0.0331174851013975	0.0234493353367719	-0.00572198845610373	0.0799780117062154	-0.0533770444791323	-0.0182975004071465	0.00476871669758436	-0.085697710793823	1
0.0215179459404148	-0.0685237398464055	0.0254764571908512	0.0183481936499491	0.0135324423630476	-0.0460340887152491	-0.0614554703705823	-0.0459052231715275	-0.00624517164955131	0.0439427481760063	0.0319759017780123	-0.0326476218253441	-0.00445967037955309	-0.0153446908517034	-0.0521868375821336	0.00916569643553066	-0.0603372604679331	0.0580028753218073	-0.0533983025674947	0.0350458152552098	-0.0423360593436339	1
-0.0679061186445984	0.00380490278988566	0.0219324819522389	0.0931475383562721	0.0097773266024048	-0.0752657393791775	0.0099747768313733	-0.0395078474214414	-0.0197458348048624	0.0333422163334884	-0.00527034265889062	-0.0278685473557176	0.0364044693526836	-0.0234863340558974	0.0299431898222194	-0.0410195478543073	0.032937745987404	-0.0731477972817794	0.0608184056649318	-0.0152225561371791	-0.00504578729195613	1
-0.116488922279753	0.0420070750711501	-0.115133797346988	-0.0446118400470991	0.0541189227414197	0.1325343062998	-0.0553457117017748	0.0297673064337872	0.0218032286487158	-0.036271731878721	-0.0694990263656253	-0.0443963000893951	0.0457825630367933	0.0254453877967633	-0.0338370977054856	-0.103162661307811	-0.0628894037801169	0.0658054553468931	-0.0201269485639743	0.109283268342241	-0.0148236016111173	2
0.0614654339899458	0.0757609768525351	-0.0678805170205693	0.0306907990501186	0.0120387104772902	0.072588161403909	-0.0391618972238457	-0.0877786014841777	-0.0691223538216542	0.0580990471179421	-0.029726646559509	0.0802350410929338	-0.0690832984997337	-0.0690418471455153	-0.0672579215297907	0.0848304456486844	-0.0785297146557898	0.0254375399690159	-0.114317857435528	0.0418986561471213	-0.0200353005560493	2
0.0185590602229795	0.058325314388501	-0.057953703306265	0.0175040976760895	-0.0424660126403522	0.0258895417567592	0.0329488110847686	-0.0519316956207621	0.0884946397448556	0.105809125235732	0.064362296234174	0.0268332150428943	-0.0720545377638092	0.0045390410274551	0.0857865084041462	0.00709298675517009	0.0686499331978233	0.0295216211769442	-0.0734115887886646	0.0409406579694059	0.0523002292854165	1
-0.134819890790331	-0.204566121156068	-0.224474803507145	-0.0283292762556146	0.294430276437187	0.166509799971597	0.180182308424608	0.0959130959312685	0.0913286397700174	0.0765681449771648	0.0399030411921468	0.0551324084265923	-0.022145236812502	0.146356899470081	0.0748891527870936	0.110225113310763	-0.088987134027373	-0.0235279706795789	-0.0262783535026125	0.00325060737154803	-0.0914577177446706	1
-0.106204923976878	-0.0285837234385947	0.0845338711828941	-0.0063693118350808	-0.0701412668938333	0.0484015553489212	-0.0363210771774177	0.0315704608236697	-0.0610113176620168	-0.0196942793831557	-0.0743762462392845	-0.139988438939696	-0.0296434999813022	-0.0505740242698526	-0.0872897856048944	-0.12889469561503	0.00878591543323031	0.0208103175850649	-0.117913014357107	0.119367974502913	-0.016808145460825	1
-0.0097609498627044	-0.0256086682367562	0.0878419130440584	-0.000289738820384418	0.110089953595814	-0.0452257342538976	-0.0833503003564869	0.0589068340730835	0.0134263506572336	-0.0378943022052919	0.0888107838027068	-0.0826532010424934	-0.0253463437038919	-0.0758762545821815	-0.0438693419711506	0.0564371019461546	0.0204099348450315	-0.0917270788162779	-0.0338482140153508	0.0630329301043263	-0.00213339557719224	2
-0.0373289433208634	0.187964698187025	0.0321951690088216	0.0141324271032189	-0.0159741689372341	-0.00586414025292589	0.0629819546104529	0.00972613680768286	0.0397288072742311	-0.0324714075435021	0.0550798708418807	-0.171904605696352	0.0262304527817573	0.105968208076972	-0.0574234593011266	0.129871078070121	0.124069736164097	0.0311108714041862	-0.0889936893440492	-0.13492548405767	-0.0679598830857127	2
-0.112169590961506	-0.0418749301485007	-0.0102976181755844	0.0516834956071767	-0.0802106119628916	-0.00805888112733427	-0.00659133707903132	-0.000769502597711123	0.0139022739499839	-0.0901071614569706	0.00121809689275985	0.0148304114099291	0.040577530379635	-0.036548501579846	0.00405026912503564	-0.0776896236132368	0.0113576578056291	-0.0991644190693015	-0.092404908717495	-0.0508846506908867	0.0985099030827063	1
-0.0189030869102352	-0.0395841018882103	3.95179028634419e-05	0.073896336633905	-0.0127867557955235	0.000360244703478038	0.0111639806880572	-0.0327481664799058	-0.0888109332570353	0.0522296147541058	0.019512419710666	-0.0678719643209461	-0.0662855832333933	-0.00495034466386064	0.00325123071899642	0.0556632673513029	0.0120404571596908	0.0452565177145132	0.0335334906227219	-0.0778461315224803	0.017062217754891	2
-0.0412503254739618	-0.0846731428780895	0.132406293646708	-0.063656915990825	0.101361175865257	0.0855124091277542	-0.0962264366501958	-0.21414310894212	0.0192610552844064	0.101306492054647	0.069865956526125	0.0818594569813246	-0.0453978943963442	-0.126249543997599	-0.0829297643823542	0.0404809004568494	-0.00808120055347798	0.0245042834517423	-0.0213060291491064	-0.0410678876358787	-0.0375683036022553	1
-0.0205491293057995	-0.0526153934778597	0.0411256430957805	0.0561181157562503	0.035097706797942	0.0237577780293187	-0.0307021195769011	-0.0677411910807744	0.0153028652197661	-0.0270005504372489	0.0125620045827474	0.0231797878201364	0.0360357910494433	0.00418018725407345	0.0471856507176646	0.0437941546746619	-0.0567269505214455	-0.0244783113870418	0.087811958064182	0.00294731892711736	-0.00488031366856113	2
-0.131351367560575	0.0183264006148916	0.102073247782824	0.0121526635783742	-0.129175909248668	-0.012343945712994	0.0160837448086772	0.0347824346776933	0.0363927744018439	-0.0198685479309985	-0.147426307688521	0.0485344732457533	-0.0826141384022072	0.0442062322117535	-0.136054327944813	0.167747572862209	0.0648464114780415	0.0554500920880629	-0.136910658865801	-0.000931957121323206	0.0766056979709166	2
0.0255241958316508	0.0115279273729701	0.128368971229461	-0.0131018209891525	0.130042413068258	0.0686987575966284	-0.059637622638663	0.0329221864444497	-0.0303956191974405	-0.0352332868686219	-0.0395759775747184	0.0910036215571649	0.0314092147458379	0.00394006236554364	-0.00245481189905814	0.0958747593215941	0.00115212145965649	-0.0812680294523969	0.0513925533254965	0.0114629725465593	-0.0383784814870304	1
-0.183282111769389	-0.0694660280930898	-0.0238129126857103	0.0489585261860754	0.0622496270167225	-0.0855843108686954	-0.0417775384993963	0.0298180989164477	-0.060121516297048	-0.0285875845502388	-0.0298016708007881	0.0217135279288869	-0.00268417161462622	0.0432404046727277	0.011288690276695	-0.0375155962481582	0.0710639672277323	-0.0229763374798666	0.000538014552856834	0.0648488358876582	-0.0434006412170825	2
-0.00876428224123597	-0.0404473568262285	0.0327092663196625	0.0570178606533962	-0.0502313230262464	-0.054485828880414	-0.0613796803650346	0.0305154690862804	0.0235883001414853	0.0401726301939297	0.01242835536992	0.00561105892146642	0.116124438457279	-0.011236095324645	-0.0396815515217074	0.0401989670986864	-0.00768470161473554	0.00493979737053324	0.039375501846106	0.0357937069528568	-0.0529614939811759	1
-0.0182483262374392	0.130730667651751	-0.0424417071451233	-0.0138962479935699	0.00438548515238093	0.0401246953752432	-0.0538214741331077	-0.0643140530867153	-0.0241109727435146	-0.0469067884048625	-0.0341066820352699	-0.020805668611768	-0.0575189946698887	0.000982063269846173	-0.0464091528764894	0.0580549234772996	-0.0531445478524402	0.0444560989717403	-0.0661427115697803	0.0950716815271561	-0.0764310774376242	1
-0.0647373206331733	-0.0958168181816504	-0.00932245306701181	-0.00932472578809542	0.0535648272738752	-0.0908704483766608	0.0668016927107188	-0.16605052816868	-0.0855025533471248	0.100568871419527	-0.106355366997488	-0.00282812290650153	-0.0119663353616092	-0.0567797072290292	-0.122923018807441	-0.0208875685177356	-0.147435180521754	-0.0375928682335248	0.0632055340561109	-0.140719928325125	0.00777684913412155	1
-0.00467763691739101	-0.0979119160224116	-0.0234502021280268	0.0549632224203349	0.0222593486456565	-0.021196329686854	-0.0482674629019156	0.0148840772286928	-0.0882908904217884	0.00930945841858062	0.0453446606511024	-0.0550142121613583	-0.0356522831651777	-0.0235610765263816	-0.04395638800686	0.0163646590656856	-0.00647301797151924	0.0389823200401275	0.0435041128297024	-0.0670732829564108	0.0491240906798246	2
-0.0473722327435988	0.0865585379444908	-0.137208608380188	-0.0398138457591257	0.0644687674845606	0.121842995790941	0.0694401479589411	0.0409978991075907	0.0227573355520786	0.27017710991199	-0.0196507334322379	-0.0286224974056698	0.00348797663015561	-0.0351667976745168	-0.0493901575156034	0.0485571232171161	0.000290140236806336	0.110557515688279	0.048583525753666	0.0205499214283664	-0.098858823555681	1
0.00601868884364101	-0.0361986977076758	-0.0587560146391422	0.085728815439733	0.00264034721666911	-0.0556140946660316	-0.00655286600109056	-0.0214063994895284	0.0268900697877418	-0.0197696659427894	0.0176493509364827	0.0282243159774647	-0.0366705727067555	-0.0570620987735667	0.059043867923223	0.00424025489181146	-0.0135075024465804	-0.0802495444790191	-0.0344309817837374	-0.0466851178896456	-0.0274276809066341	2
-0.0139721031761261	0.0543020523135066	-0.09912088171629	0.0561848940635125	-0.0396090682421934	0.118358555439638	-0.0229427019588405	-0.00778523954464191	-0.072856427816884	-0.131927873633226	-0.135130720817437	-0.0986878626333732	0.0301919490359945	-0.0783741656897081	0.105948730345216	-0.0844706927061438	0.0500517491034863	0.0822006808154723	-0.0845968668470043	-0.0515969738047311	-0.0519318045514298	1
-0.150740483319908	-0.0581139414700848	-0.00555054266734827	0.0480947120334631	0.0584262932722004	-0.11722192541954	-0.0222074915180592	-0.042708104692767	-0.0882105332472337	0.0188869988408082	0.0485565147896034	0.039768311844279	0.00153952014123425	0.0356403799509172	0.00538735843778359	-0.0242716442170057	0.056462774331807	-0.0401219535900452	-0.0543709871863627	0.105026256136976	-0.0126252627486543	2
