"SV1"	"SV2"	"SV3"	"SV4"	"SV5"	"SV6"	"SV7"	"SV8"	"SV9"	"SV10"	"SV11"	"SV12"	"SV13"	"SV14"	"SV15"	"SV16"	"SV17"	"SV18"	"SEX"
0.0128375164909595	-0.0238188099436791	0.0909090177575524	-0.00746296683658213	-0.0704820990699937	0.0221360693669781	-0.0632443238051036	0.0159874653151281	-0.102057242263664	0.0175337845410009	-0.0379937811065473	0.069064400968127	-0.013445115779407	0.0302882022464514	-0.0511911478063202	0.0278537868897368	-0.100777694234994	0.106226130906405	1
-0.0432729506146494	-0.00898838137553004	-0.0287861251676859	0.0805062723076296	0.0231925753963437	0.103002574190189	0.0460219152184376	-0.0200926428837353	0.0308403082780663	-0.031569071254901	0.0158532058337127	-0.0515905678213798	-0.0168950835803249	0.0307641324447688	-0.0727000480646506	0.0332091680100297	0.035164841042065	-0.0894689207515791	2
0.0336085313366788	0.0183755978842955	0.0477311299158049	0.00389401515401728	-0.0832171558823622	0.0293803418265856	0.0332385389432645	0.0430268931616005	0.0625559327171248	0.0371985143667231	-3.65227834942597e-05	0.0432903966709412	-0.0420083870803341	-0.0301926355243642	-0.0373107331868561	0.00714727661805085	-0.0171054737496336	0.0399743505213416	1
0.0172094333468148	-0.0416501118485151	-0.0331680762895182	0.109639354094694	-0.0329991617342162	0.00456248784224478	-0.116868274420792	-0.00807710399410039	0.0145680382620614	-0.0894373821614136	-0.0378736370915786	0.0305356244571315	-0.0701196945717925	-0.0502837399667045	-0.0473661006650287	-0.0885661648838491	0.0963364813791547	0.0490752363675361	1
0.0371359646823894	0.0283712692210953	0.03823300271026	-0.0713614787016395	0.0303176707807707	0.0413123365154535	0.00897602499932116	-0.0970535974343021	0.0743327423708038	0.00923831860048581	0.0539473513984087	0.0632178018579475	-0.0399865948764579	-0.0115679749591976	-0.11894431718233	0.0704977185038832	-0.0155703212574486	0.011100639925755	1
-0.00920132624697606	-0.136317881285454	-0.0945729640311388	0.17448887787162	-0.0477676804737829	0.0943971307309407	-0.085263096876934	-0.0067949493449438	-0.0881843992240198	-0.0494499377330905	-0.0435284023979642	0.0779326721891128	-0.0668084479122517	-0.0443410217118926	-0.0566466432847383	0.0382345316092001	0.0750662025771771	-0.0760251292171193	1
-0.14915992320099	-0.00552001376187847	0.00140847950304418	0.0584878339109521	-0.0148664228471255	-0.00155011542284858	-0.0853946265078386	-0.0805840175961774	-0.0513534889147309	0.0329341907945074	0.0385919120371636	-0.0191421677879881	-0.0446637946375881	-0.0267147375114817	-0.0178208404368715	-0.0143293561196855	0.000768353656304961	0.0446556403701977	1
-0.0328573284941326	-0.0274596482081677	0.0518423404819428	0.00938802608938893	0.0474079732039038	0.0165722735325651	0.0855650857056744	0.0286424805374456	-0.109318455442291	0.0684851086064507	-0.0524505972356767	-0.00918445431959514	0.0592372033856555	-0.034316770101398	-0.0107975866303337	-0.113286533532767	-0.00967645286642693	-0.0104363968005763	2
0.0241026905856594	-0.00752437412996988	0.038521762419173	-0.00454439169052545	-0.0249329736216082	0.0418988260683336	-0.0174357174171505	-0.00969115672892921	0.137010268442004	-0.0330826431700221	-0.0034732165932887	0.0170769426972102	-0.0080585543771476	-0.0555569006578267	-0.0963678074918499	-0.160769181484548	0.0161581863046354	-0.111610265264185	1
0.0105230027742359	-0.0209328713028564	0.0276497740010081	0.0709215678476696	-0.0488200260024119	-0.132315901669926	0.179790036266969	-0.0168184186839047	-0.0540510907679775	-0.0243373786741251	-0.0281731968751506	0.0736442892901266	-0.0379485967087337	-0.0712035278396106	-0.020545771970859	-0.0509260709110727	0.0227236003140805	0.145399057793078	2
0.0242346053980281	0.0532299229888979	0.0201944020855853	0.00963537080956595	0.0119548947229204	-0.0674809621968761	0.0191698264687994	0.0165783566826211	-0.0355001763370095	-0.038543544247557	-0.0275239576443785	0.0586335037654119	-0.102384029351833	-0.0599940590370536	0.0209972168524495	-0.0857482846100689	0.0137677566502239	0.0114936200322216	1
0.0741230229579754	0.0684198741858746	-0.0593616674100526	-0.0435571503763655	-0.0618617765777112	0.00365249441316373	-0.0904978167427153	-0.107884203944324	0.00534714823492097	-0.005789891815733	0.0549848976714623	0.133515367411898	-0.0241404641214039	-0.00350244449550387	-0.0878154190068914	-0.0157086914871689	-0.0538890957452602	-0.066655171767172	1
0.0521465063394816	-0.0291663004241146	-0.0379794539641272	0.0950197186070642	0.0344318778902905	0.00601650892319094	-0.0528631000602997	-0.0162547451816799	0.0590125446292333	0.196213050468113	-0.0212546563477198	0.0302591383735912	0.0767550924214639	-0.144999717843658	0.0623134385039124	0.0766046736172027	0.0218896122504874	-0.0410522666379408	1
-0.0268474110051881	-0.00502809184865225	0.0652542279440668	0.0233347892629541	0.0292795180305145	-0.0167565837644497	0.111102861653902	0.0205463488884428	-0.0347583744547504	0.0288073917823069	-0.000321269343062647	-0.0519639928617355	-0.0300676537952157	-0.0788042041961107	-0.0172823282911932	0.050699876603601	0.0172332682875747	0.0322049535088917	1
0.0417755994108674	0.00326632838741442	0.00436846778405021	-0.0724945015708421	-0.0331680740692487	0.00618188664500326	0.00716282311986037	-0.0836160271781148	-0.132576065462315	0.0545569353992983	0.0632917592341669	0.100509202716266	-0.148510210360237	-0.0148085754923265	-0.00127697756270083	-0.0646449582175487	-0.0301362162204223	-0.0152121770706459	1
-0.0393119774857455	-0.112807238464612	0.000591488014432798	-0.00829688315792716	0.0567604100855124	-0.031221896197996	-0.139018599305645	0.0776475458644516	-0.0182105944474909	0.133210529621591	-0.0378854263388976	0.00220719398741331	-0.039080589824217	-0.0163698432222854	-0.0434578566242388	0.0387554899215661	-0.0369969640696555	-0.0261691366553871	2
-0.0868135432883296	0.034445338031152	0.0648680598248931	0.0898537624039345	0.0439083787462184	-0.072452435088376	0.0796068760275205	0.05772485703456	-0.0319367493529495	0.106344166826313	0.0613503447966392	-0.019707662081893	-0.0283853601754954	-0.0338791930550303	-0.159869118798894	0.159759718956145	-0.0127308857376735	0.0577383935075824	2
0.047804529242876	0.0730658862834286	0.0494555320620284	0.0102017563781928	0.0315594581686287	0.00147814148585425	-0.0910288226733463	-0.064548361656696	0.0633952351180257	0.0385218989971177	0.0233773661349767	0.0135713062164065	0.0393546432602315	-0.00190718847725052	-0.0295063982974469	0.0782959248215863	-0.0750989519931252	-0.0202244162725775	1
-0.0787169417267978	0.0629642305666595	0.0343021091535499	-0.0312107182354327	0.00954624352469153	0.064835823372579	-0.00682763497717871	0.0297314509973148	-0.0252264188902489	0.0968313606964923	0.102567082540583	-0.0328468714474822	0.0325194707199325	-0.0727841175918686	0.0250476893380042	0.0285508289211983	-0.161131044898897	0.01317289030495	2
0.0332700692881618	0.00178946146717132	0.057924736133153	0.0127016960413954	-0.031851330775208	0.058531026458444	0.0668906167528459	0.0477712790654153	0.0546280709648909	0.0530515663313942	0.0640543734919721	0.114647201407818	-0.0805336709369972	-0.0871033532750851	0.0440708215934205	-0.0289855297495955	0.0114487825457271	0.077083726194273	1
-0.188843401722098	-0.0217887412474713	0.0723766832937219	-0.0187554896584056	-0.077112597455181	0.0313674903286287	-0.0409662744826388	0.0379659412394487	-0.0961607468403668	0.00847177070390609	0.0134233537088462	0.137655971018154	-0.0343123539783909	-0.0802325025231553	-0.00722571923196008	0.0682079151523886	-0.0611418774950038	0.0106012956067561	2
0.00524928968929005	0.00474842331419135	0.0931543159655378	-0.0383145775346387	0.0245356488746503	0.0218720521525297	0.0722807239643231	0.00711199812064801	0.048373970796126	-0.0435075235667712	-0.0349716324499213	0.055842012958407	-0.102890011149897	-0.0454985777163957	0.0226259938480141	-0.0478170291584567	0.020998120158856	-0.0350333753756357	2
0.0522810977507617	0.131933914409628	-0.0362656167572527	0.0477339360525987	-0.0624612874687547	-0.125267833049932	0.0111079209447232	0.0866353416822962	-0.0339731994668753	-0.0109295739954111	0.0864098631762195	-0.0203959171339622	-0.0335189691213479	-0.0917601470188501	-0.0371280226279059	-0.0574887947968242	0.0343322641872126	-0.0137675718030832	1
0.0147745400998677	0.00898767099331437	-0.0629362445590625	0.169610209475882	-0.101369537399451	0.111119759103984	0.106310614826024	0.0767825118618239	-0.0211602540504892	0.0239625128538461	0.0949605438456954	-0.0516100849845765	-0.0137802427509503	0.0604123217577511	0.141385145273172	0.0395335036785538	-0.154053970496544	-0.0696268426138473	1
-0.00493481890842594	0.0256889656265895	0.0691783061225869	0.00427293729023409	0.125267895483507	0.0361067886055415	0.0526780575307996	-0.0460935540905026	-0.0529917269103882	0.00100810825533421	0.0112105606448062	-0.0300658249181924	0.0335879600843917	-0.0573328115145856	-0.075299115171148	0.023731745777249	-0.027889804107964	0.0705043270673804	1
0.079000452473857	0.0428305694698336	-0.0361462254055872	-0.0347037325706353	-0.0457840595948369	0.0881058644451906	0.0275497105088928	0.017301218580411	-0.0384730923333475	0.0365602981397804	0.0239341465491177	0.12985800728569	-0.0102474225061307	-0.00701906377861783	0.0128488195894739	-0.0395029105444552	-0.0240255515990359	-0.0212423355613209	2
0.0562713042756183	0.0434969535207842	0.037065473969742	0.0435866572742579	0.0413321850716899	0.0369920466216693	0.0185454912127081	-0.0399331037288979	0.0404452653964017	0.0017805796193258	-0.0456507400937939	0.0502398130766768	0.00981319346313586	0.0299220564500615	0.00656776319686397	-0.0444191158660342	-0.0422275809647029	0.0245446291921904	1
0.0112403776470592	0.0632191047599437	0.0221162050914115	0.0774362653263802	-0.0491768893057248	-0.03567877994663	-0.107229921216847	-0.0154946673319294	0.0337503504714187	-0.0185238272437671	0.00396490586000162	-0.0720978886723582	-0.0617778325019864	0.0682673958939269	-0.0374122829048826	0.0495421194627028	-0.0458400229382703	-0.136541711833265	1
0.0170564989571592	0.0452987912368729	0.0822407606798082	0.0293014239999369	0.00624595432103201	0.0327334691350889	0.0290562217702798	0.0884175570061846	0.0170727878942591	-0.0212868805602691	0.0145571346138197	0.0329693762746375	0.0186378424127741	-0.0224262136816978	0.0119949166579961	-0.0539595579274072	-0.013504113133933	0.0426943854633741	1
0.0407360457803579	0.0887923645495613	0.0350193923734999	0.0374362458956127	-0.0184574123181357	-0.00157278152899091	-0.0931896028741086	0.0487445220820878	0.0839258746990997	0.0290912617701603	-0.0103963380130194	-0.0262987730155483	0.0468904997360548	0.0260952771496208	0.0173686757331226	0.023163824043531	-0.065778071501324	-0.0170604681947489	2
0.0565739939263797	0.0688827080343605	-0.0583094681256286	0.0661978787958486	-0.0177520872288269	-0.0976403646886498	0.0499276952493265	0.0107982405372451	0.0114452085305983	0.12245748286707	-0.0688433878693227	-0.0264931384364143	0.0188209772257927	-0.0849982444865041	-0.0587927060838721	-0.122792294940715	-0.0337326169474385	0.0967068945120233	1
0.0147975775199775	0.0595700940158458	0.0668583866900045	0.026575468250965	0.0679650137643014	0.0220503228792559	-0.0282483625080804	-0.00727286490361913	-0.0166785878159743	0.0293761195729539	0.0342073248290384	0.100976427568461	0.0478001713056066	0.011271382251172	-0.021226749434248	0.087407287344899	-0.109596097643653	0.104896406149332	2
-0.023691518820166	-0.172847742107466	-0.14291393343732	0.010261082858187	0.0707180276950076	-0.0689048131251185	-0.141485719694578	0.0185104905469078	-0.0116403736923656	-0.0434978091550292	0.0192338369063551	0.164004351818639	-0.0560713086214131	0.132230716174208	-0.250355262191519	-0.0862124798162247	-0.0681444235567236	0.0987491415829776	1
-0.0172329495687774	0.075576952571652	0.0399472790084905	-0.007178538994365	0.0299753154735153	-0.0117402998459155	-0.0586373537389642	0.080836533913779	-0.0371897895958926	-0.0161427474264674	0.00761408943429676	0.0196345202537245	0.0476273988834741	-0.00274729995762971	0.031975827418788	0.00604948538316716	-0.0495157283347056	0.0177092764057594	1
-0.0386802783783235	0.0434723707123457	-0.0231284201337851	-0.0208083449535569	-0.00392161877400538	0.0406934793980296	0.0446087479453257	0.0118052152114729	-0.0195002823125243	0.0236778079164008	-0.0711993221742685	0.0564503489562948	0.00119422489392464	0.033933045430025	0.101067863890156	-0.0486089627994368	0.0165412681116362	0.0545526853566395	1
0.0523451288137425	-0.0507673661321865	0.0968272848648591	-0.0171030298264399	-0.0963224502852689	-0.0101616136961604	-0.0766441592785403	0.00957119609941167	-0.0675176849152568	-0.00384922565034245	-0.103242981608802	0.00783668380817073	-0.0289386457272019	0.00665249978211266	0.0196835425121334	0.0381574183833107	0.00614625821608708	0.00545205163971627	1
-0.0135666502280321	0.0590752816028559	0.00642673511849891	-0.0209529904379059	0.0813438174150299	0.0101125544589127	0.0153054308368213	-0.062980844078647	-0.0919293968720327	0.0601077032073912	0.145594662255649	0.0197175512769074	0.0326036081179205	0.0420385675326083	0.0330558214252633	-0.0504545296338716	-0.00570266496155287	0.109103802431406	1
0.00939306635837881	-0.0714198083933645	0.0260775293575147	-0.0327523390245279	0.108349898676051	-0.0700996296394069	-0.0267582478154221	0.0689252509222265	0.0235030877550476	0.167763321191127	-0.100654453890734	-0.0343705882791907	-0.0333543348925625	-0.14193674681065	0.0601593000678708	0.0412906830435076	-0.105470370736912	-0.0341933152717284	1
-0.0113177425686217	0.0392861150982661	0.0726904975418779	0.00827796459724187	0.0380109082778587	0.000574461953623289	-0.0456136325681343	-0.0372501781703981	-0.062517265979931	0.0340286670790727	0.0143139403255236	-0.00539606570793099	-0.0477872410366386	0.0582792583852644	-0.00879167130288825	0.00342694801945793	-0.00440108547568452	-0.0612218007621816	1
0.0309770980736362	0.0291787537817413	0.0628382473842778	-0.00257799614056036	-0.0138539913850603	0.0343263827260927	0.0373967940557752	0.0499645034860219	0.0744135979503882	-0.0278170233357042	-0.0682102215390431	0.0615452548965399	-0.0423003268431867	0.0310913690963733	-0.0227155822781027	-0.0854848355936825	-0.022587333908243	-0.0284661933158705	1
0.0175385234289118	0.057123123370797	0.074862337040438	0.0129249217796366	0.112211277273439	0.000968578764372947	-0.0298366622250714	0.00619082591990546	-0.0229047920883219	0.0159801326396342	-0.0426688920944912	0.0582001487147687	0.0544448926657413	0.0946263776737682	-0.0120931306510444	0.111605903453308	-0.0237703881731724	0.0922023764538255	1
0.0393227123986555	-0.128971498096709	0.0942683134218611	-0.0330206806214931	-0.0293482565567182	0.0760161856630678	-0.0602909330573852	-0.158429209618735	0.213172511342686	0.043286164218502	-0.0431581805894731	0.00447086035551446	-0.0520240094679215	-0.147452970902325	-0.0493678079428704	-0.0189070464011887	0.0342491553481161	-0.0550456739010708	2
0.021131097064736	-0.0775216889701621	0.0105757010271878	0.0968793800546743	-0.0580049133488513	-0.154965185674335	0.182255670320912	-0.154173283672008	-0.124575283340788	0.0510126691555906	-0.114595515225015	0.0716587942985571	0.0071779810773059	0.0142978321204086	-0.0512290312452416	0.0399621047574553	0.00224861860812851	-0.109218844733253	1
-0.00843401315151941	-5.12382056084e-05	0.0424247753940508	0.0106030630277482	0.0740438833028425	0.101237233575077	0.0313764912010801	0.000453952265448659	0.0464235569866801	-0.0910077333609066	-0.00411736094827319	-0.00501508702204861	0.0519155564471833	-0.0370680243709321	-0.0496935478255685	0.0115537735867769	0.0355350850395121	-0.0316512796596948	1
0.0532476469617248	0.0725046774422102	-0.00104224728710692	0.0927832015225676	-0.00373602630105208	-0.0530057981332919	-0.146842317175768	-0.0625786054280736	0.0242301281847095	-0.0136415757000657	-0.0458043757413341	0.00420361774038882	-0.077520182110208	-0.105310294228024	0.0327495990024642	-0.0142479503293219	-0.108570622242949	-0.0989355961890059	1
0.00832705075212823	-0.00964926069016651	0.0192553377014678	-0.0264507788027411	-0.0247540145014281	-0.151943138826187	0.0896550540589543	0.130892842014143	-0.00633365582082015	-0.0515031879765603	-0.0312481846269972	0.0769918043644506	-0.103877786640544	0.0180134527180209	-0.0301599563296192	0.0491667971183548	0.017332371874427	-0.0799068263818847	2
0.039652237142247	0.0399985710861197	0.0101509695574688	0.0329431044279878	0.085092147755401	0.0248005706796253	0.000646713919845616	-0.0603409352801787	-0.0380657437863446	-0.0444110713241595	-0.0202854349742806	0.0107845864504691	0.0648582733600073	0.0332099007475896	-0.0121573678384066	0.0386080223307422	0.0112321339082077	0.0514421051131563	1
0.0372176322166646	-0.0251667071638563	0.00412054782562672	0.0414616915990663	0.0857418489541357	0.073774460235616	0.0458181857418718	0.0538265396399115	-0.0824162083230729	0.00391954401177517	0.0414036882694478	-0.033428119423447	0.0807898378572705	-0.0244789874074977	-0.0506640176987806	0.0258390087445404	0.0167161875788032	-0.010863230577218	1
0.00831004180252804	-0.165230528611233	0.0558196983669415	0.0455366468043505	-0.0213259841927272	-0.180974516077484	0.140101164964845	-0.265209932490062	-4.76447637509348e-05	-0.0919481372045629	-0.0848527771986256	0.219240905578898	0.238331506498656	-0.0678686855720495	0.0757701805309108	-0.0221917832773925	-0.143504777737986	-0.0247950969319234	2
0.0314808795977924	-0.00145328337169359	0.111874922366684	-0.0314767737315688	0.0461957841910584	-0.0118847279004714	0.0447432966200753	-0.00319892637364768	0.0166038238313595	-0.0234450773808884	0.0251214368836455	0.0841349724739051	0.00667912741971936	0.0037864369493592	-0.0636773012856324	-0.0775900144215901	0.028851357541591	0.0108951059075196	1
-0.0273433250782759	-0.0834321914464271	0.0187644766627524	0.104205878592081	-0.015618746573699	0.0491824747411383	0.0037189776332888	0.0979064182749484	0.104115503333243	0.109599981101631	-0.0561895627848207	-0.0504896364503886	0.0805333297496846	-0.14624228678785	0.0277006532388686	0.0318703354398109	0.157075875631384	-0.113355092491989	1
0.0633836737013809	-0.0147605781286657	0.0434016077486185	-0.00937700288274282	0.0277315275690009	-0.0189212017405826	0.0458068586741451	-0.184233251340963	0.061554695403671	-0.0192555037717314	-0.0315374713960426	0.0760203950181478	-0.180360725107045	-0.112748748586958	-0.0623680920706465	-0.0911134139387632	0.0267081394354858	-0.00478791238533137	1
-0.0339649238211534	0.0565701115889484	0.0643886628299943	0.0529703413851583	0.0374089564008909	-0.0621904188320908	0.091796854253594	-0.0705100055830023	0.0292565148883758	0.0221333308951538	-0.0671519518655029	-0.0383724142634352	-0.0828148087822961	0.0588440755216384	0.0140230236156801	-0.00941673472615432	0.0463346780701561	0.038467713499481	1
-0.028003346126033	0.00131125021756732	-0.0417873959009853	-0.00222106341605479	0.0133282120225633	-0.102262730839337	0.0645440760222178	-0.0355108729278164	0.0385849228747729	0.115359279112949	-0.0133901525223403	-0.0594013872089913	-0.0523604029911486	-0.0134691110265441	-0.0708773174659025	0.00778044989815561	0.0119950325071902	-0.0503400095413278	1
-0.127267331866768	-0.00295116956771089	-0.0628472873682121	0.0755306056351298	-0.07410210031704	-0.134707807342235	0.0833510408010949	-0.207029331860134	0.0737898118739717	0.0323404191932529	-0.0141423819242816	0.142222078116	-0.062108010827376	0.0318073642041246	0.0750667175114877	0.126303835338638	0.0137902271268508	-0.0401290225252413	1
0.0485488529080406	0.0328970199943544	-0.014232092903138	0.00612288680931843	0.00149285221186905	-0.0337380961872748	-0.0347445397491235	0.0109787264805663	-0.111704055122072	0.00959484693000204	-0.0215025220394681	0.00761611666323335	-0.0260779397590757	-0.0958837390017213	-0.00567091805827872	0.0289473608087118	-0.0297474526958403	0.00517107639195622	2
-0.0309485872512289	0.00492919294604381	0.00972627207731758	0.0167964734828007	0.149101497542183	-0.00732906559706304	-0.00995096537747099	-0.0136276075834114	0.0522639710563382	0.0145136716814436	-0.0458794290307053	-0.0495451760657948	0.0574102632950076	-0.0314280925739072	-0.105774869187969	0.012991464910701	0.00460199298162536	0.00448067160192351	1
0.0413285058361865	0.0773681157106856	-0.0952567293551053	0.03146439819865	0.049983408708301	-0.0315366896679879	-0.0325327088825943	-0.046684969045038	-0.0726589312254636	-0.0347665675791821	-0.0122419393006446	0.00529523056771181	-0.00545606733706346	-0.016071482738587	-0.102066210445376	-0.0515211872270284	0.0183493208483944	-0.0679711477828391	2
0.0244590661267618	0.0736288634700347	-0.0640397650193893	0.161333370900554	-0.0930584544263995	-0.188288974506383	0.229341301806421	-0.047775163635035	-0.00833108614794696	0.01135288627826	0.0131199034233789	-0.11223026743402	-0.137928107605768	0.0715215092587557	-0.0660206909890387	-0.0724262726920432	0.00120552211354113	0.0187704832095477	2
0.0375029750068033	0.0651353323501957	0.0269818710947191	0.0503060836890209	-0.0643964544117215	-0.0313100468032494	-0.0123189259359172	0.0821796533913966	-0.0164708428298463	0.0505885958449657	0.0477171750535606	0.00027175160083759	0.0113633925658909	-0.0300787173581119	-0.0941838102724163	0.0779621661837163	-0.0998019701145192	0.00707369991005936	1
0.0451437860721162	-0.106058450385804	-0.0609691137526521	-0.00900575086229914	0.0238333609096147	0.0258161669037601	-0.0676064036638711	-0.0225245749479506	-0.020342947279123	-0.00983182058341235	-0.0146120891899312	-0.0244640642735852	0.0187043686566287	-0.0913049456283849	-0.0965095734203574	-0.120746466794513	0.132352412595056	0.0213794259178801	1
0.0769949590788292	0.0596881515830699	-0.0766070391171856	-0.101655437180032	-0.117797535200034	-0.00130873182479303	0.00961887246704446	-0.072714364114741	0.0496568760625137	0.0592012836836409	0.0568397917833207	0.0115480589472842	-0.00011631643574355	0.0410534280494715	-0.0702035304267169	0.0293050468175888	0.00775658479679379	-0.0539005127643589	1
0.0300609464977637	-0.0163168352414951	0.0273199398767495	-0.0950831484392863	0.0866928526477572	-0.00731998538525447	0.0366385059544426	-0.0184417968428924	0.00822136107232882	0.0477726960038511	-0.0954105952440984	-0.0791294444792168	0.0726383872547348	-0.0550939049338187	0.0807988656988432	-0.036400807324313	-0.0678086586692525	-0.113839090785168	2
-0.012346048207848	0.00575387135854682	0.101035570764608	-0.0457247764905474	0.0185959223907567	0.109416077850021	0.0467746554397107	0.0600490805128347	0.0107122384696485	0.0334305255877815	0.0485962529969023	-0.0169149369758128	-0.00825250610037514	0.0382866335235867	0.0696546793899072	-0.00498615093720258	0.00468527822487506	-0.0170710880516017	1
0.0161859404498589	0.0447367589612908	-0.0422586451652699	0.0197152868647816	0.00731777996591032	-0.0143025349919565	0.00644058763439365	-0.0150019427210135	-0.0640416427318517	0.0899453786937557	0.0767944934420184	0.00446872295244461	-0.0213959408780443	-0.0770114150391212	-0.0156570331177039	-0.0782284655661306	0.098984462029355	-0.0115854457280326	1
0.0597365658745398	0.00522558085081747	0.0986648301753047	0.00605137815142262	-0.00812273328493794	0.0414658526792555	0.0195593454617793	0.0601434295848243	-0.0176298505547196	0.000164744766994516	-0.0813979777412372	0.0527659429437581	0.0282368798091412	0.0132259095055491	0.0396069342994172	-0.00993343974397493	-0.0415772639794058	0.0297892056356567	1
-0.0729997108733026	0.0487892167907065	0.0229908633404178	-0.0193397713365166	-0.0443643005004042	0.0484627980566482	-0.0049676244413248	-0.0446053659056377	0.0668934026986955	-0.000735520337723252	0.139150632014031	-0.0211827328529172	-0.23947075186323	-0.205534563883213	-0.0410854360932561	0.0277300889158908	-0.13713738946213	0.12133962073879	1
0.0537065643197883	0.0956724210765476	-0.0488801951242998	-0.00378649912732219	-0.102588188380837	0.0252651715252737	-0.0570561366375008	0.0639457292426904	0.0346918878990506	-0.000878512345722621	0.0132976086810363	0.0752919843959581	0.0515019576727998	-0.0209499277070623	-0.0307726351290168	-0.0811009548398737	-0.0984099491338163	-0.00267473272218713	1
-0.0305043352030559	0.0281300834036326	-0.0554858365803475	-0.0384668562736151	0.0156735249760552	-0.0781757931568988	-0.0633446326428325	0.00667187574876468	-0.0103275012032711	0.0442446061512896	0.0499054440286349	0.00276874830731542	-0.0725771482681242	-0.0689680562172034	0.166091713589549	-0.0582401259881085	0.0815250477403363	-0.0881140946040628	1
0.0238275885321189	0.0228561466886157	0.0297455532202042	0.029438413263038	0.0110746486446287	0.107220962751097	0.0721629623900574	-0.0101109858562153	-0.0704529543607669	0.0135553571958857	0.00907872041956499	-0.00317133157849883	0.0344720705974296	0.0337952810894653	0.0746732654065987	-0.0373777633851857	-0.04911350708645	-0.0498353329582096	1
0.0254752365859372	0.0649727244781837	0.0110738675984768	0.013655195580864	0.017270278109454	-0.0439329587015293	-0.101739683418143	0.0566880016948187	-0.0706996114115806	-0.0189128960291478	-0.00568373589460019	0.0076812546456423	-0.0481465123724106	0.0395958916112944	0.0120886195437645	0.100202484174762	0.00798572569596143	-0.0747643912776362	1
0.0670747189772461	0.0375296261659417	-0.00972515294214708	-0.00993189594969238	-0.0468788784783784	0.0461003494925373	0.0304345573046991	0.0365171786540008	-0.104905261463365	0.0331269894563667	0.0470466356321279	0.0451327958133798	-0.0693090449921223	-0.0479149166916215	-0.0163358113731443	-0.0401026747039519	-0.081153688947904	0.042525756090224	1
0.0214744692244773	-0.0577283686307359	-0.0620725569728513	0.0838842072223675	0.00436706536404505	0.0266466613094341	-0.14725917639736	-0.0162755517508165	-0.0391569461624866	0.092835671070963	-0.00964994043780242	-0.0224553348072229	0.0303200409446701	-0.0506754634033784	-0.0499267056287532	-0.0407612788086859	0.0279147926846533	-0.0980968445888711	2
-0.00457935923884806	0.079228816684785	-0.0528826626494279	0.00248540658223593	0.0260480899936449	0.00296442023680286	0.00273369418624917	-0.0444088674111355	-0.0888665253496032	0.0169197308979533	0.0169723570225788	0.0679697191771413	-0.0519443489272573	-0.0782316049525314	-0.00358834852237287	0.00891764134318089	-0.0719073670923747	0.0877611709513775	2
0.0334910532952547	-0.0694824430110768	0.082007468581609	-0.0299653227770189	-0.043386762593734	-0.00613798386807986	-0.0534873795836337	-0.0594354363055427	0.00486113792787663	-0.0531511280020979	-0.0411207000694188	-0.0418243207164787	0.00878512630547124	0.0784837832073175	0.0790862754620905	0.0738763502252483	-0.0421693106898397	0.0541110033976435	1
0.0147177646487772	-0.0673054459006537	0.0527018349993393	-0.0530103335845372	0.0670932837617778	0.0328947833607808	0.071427133949509	0.0208651183680263	-0.109922302516334	-0.00762195703078122	0.0201474370988908	-0.0457639556776817	0.04965265197304	-0.0404970064087012	-0.0491077406901158	-0.00425200620696417	-0.0555641259353907	-0.112263747440797	1
-0.00596070565832456	-0.151743719476178	-0.106397462701561	-0.0188000384506025	0.0817637848248481	-0.00320953480496026	-0.0500737991359769	0.229636373611774	0.157482367100422	0.164059598274264	0.040423642574614	0.122271250370802	-0.174903672801178	0.111206416876007	-0.100794366282729	-0.0497329344140706	-0.152518485355298	0.0823739926893284	1
0.0735527021310991	0.00736502036669851	0.0542447692174199	-0.0471537276720015	-0.022259161492545	0.0392860319047158	0.0440866193998528	0.0692699831575466	-0.0359961143247649	0.0255748865185731	-0.000325869600980378	0.0900870738799364	0.0834337937310602	0.00224068067908925	0.00307081061833713	-0.106984165351835	-0.00653079941639315	0.00566006785691888	2
-0.0937500692520938	0.121205708801073	-0.0039396724005294	0.0232133671352573	0.0546126790479993	-0.0189421159792655	-0.0426272240222362	0.0382737214123633	0.0128712165785565	-0.0157926883442968	0.0350231635739979	-0.0379673592456335	-0.0188042717292635	0.0117475238810091	-0.000329348879707404	0.0482781130051295	-0.0199178274732223	-0.0536361436034191	1
0.0498551468628649	0.0074965930298938	0.0672932611977464	-0.0207172681935741	0.0225200498935139	-0.0114680035724636	0.0431862385670278	-0.0680881691901038	0.0195993321403058	-0.00143558924923027	-0.0168336937147669	0.0264604760649118	-0.0127638166842665	0.0788398296817318	-0.00953972532298981	-0.0539569893919746	0.0167414655057034	-0.0328069198569651	1
-0.0638330909528834	0.0830474704286624	-0.034119079278292	-0.0189602666414215	0.0612765632433826	0.0203130424377243	0.00983044711512826	-0.0295691369224501	-0.0762898466143053	0.046129903379461	0.0183255906823135	-0.00634211981724192	-0.011956178688689	0.0544038717151616	0.0455274035313516	-0.0370935861473478	-0.0497080616155347	-0.103504135307157	1
0.0349517880731351	0.0312984313847471	0.0664721456584469	-0.0686901024149921	0.00881604309665052	0.0316892181073828	0.0479894171071172	0.0700744074320299	-0.0185968314867241	0.0301588313708319	0.0134878199471086	0.108619600461118	0.0785950867343223	0.0797725193025096	0.0118447174750644	0.00480212129539614	0.014746579952529	0.0223260125115126	1
0.0383507768728888	0.0608881270064118	0.0140234569431358	0.0211721584418956	-0.0223235274251468	0.0208414213840695	0.0119117035023271	0.0261536276114684	0.00439348635314394	0.0136416731079512	-0.0339247536630997	0.0112707601306373	0.0532718149572146	0.0983212852850442	0.0382566613138325	-0.0224806070390856	-0.0599949886943865	0.0730862537477313	1
0.0505142651748881	0.0234037496379994	0.0513975595176851	-0.0429866819543036	0.0397609971339753	0.0220980332082955	0.0564073104278407	0.0441853425971389	-0.0518188480496567	-0.0304828706658036	-0.0133676037787708	0.0351223376214674	-0.0168465996771834	-0.0324772741889823	0.0287311604680205	0.0627534570683559	0.0640168864350276	-0.00951337709720052	2
-0.220381422420659	-0.0291069802116894	0.02068496510154	-0.167154923183559	0.0198149049394062	0.0644626055337964	0.0625325859324952	0.0348436945464186	0.0827226181705721	-0.0779079415895303	-0.0497277726003006	0.0371211535476786	0.0887068634429804	-0.0113135895822477	-0.114381079653499	-0.0777282895664851	-0.102706310319012	-0.027409108780484	1
0.0273208129841778	-0.028105511992224	-0.0268200438828557	0.0016129403004406	0.0323142212992375	-0.0723522913329255	-0.0803077512904463	-0.0464414740087134	0.0888353964349064	-0.119559607203253	-0.0807552116430543	0.00963978939969848	0.0750563809040486	0.110711569630998	-0.0532051321945216	0.0923026668002015	0.0344606737966134	0.114765816881297	1
0.0287429237667213	-0.0804128286590702	0.127030281474292	-0.0645313764659985	-0.0832555039722605	0.0255610231169128	-0.0151910852543988	0.00671924939371298	-0.0532230401650865	0.0939388083730227	0.00100454915348843	-0.0646082910259477	0.0923216539646415	0.0601748061081822	-0.0706357068405772	-0.0639064629364109	0.0672971400557221	0.0421831862282592	2
0.0810602077014822	0.0323100059510109	-0.126433460939954	-0.0140940229488604	0.0550007029995326	-0.0204022747243633	-0.0373188021969871	0.00636202461620437	-0.0846973037904169	-0.0799322959919008	-0.066310858283465	-0.0254252478184372	0.0318612594411216	-0.00165784671890519	0.0142998142673423	-0.0431691253664807	0.000353202471668904	-0.0383629625731999	1
0.0306644018949063	0.021853372591964	0.101124781754919	-0.0050813478753499	-0.0163028371915613	0.0672597105560157	0.061006708197133	0.119339047323089	-0.013801560300933	-0.0206646917430309	-0.0060686900050485	0.00381729546413367	0.0250529913328865	0.0514409312012483	0.0315195699914416	0.0092526383624325	0.00942724867238431	0.0189464915784192	2
0.035026167232757	-0.0489406943694392	-0.046520801407522	0.110890340476871	-0.0189482042207211	0.164987296484684	0.0476717935343542	-0.025975886392603	-0.00578451445515596	-0.000878721529613235	0.0350382679139472	-0.0381791567553957	0.123433413330475	0.0387963782345483	0.0754258929142177	0.0232188706763741	-0.123985684540705	-0.129250345816776	1
-0.00766888596170267	-0.0789575862969204	0.11798773420207	-0.045050743414078	-0.150928845225295	-0.0313575385696441	-0.168030564483317	-0.0415116329127314	-0.137166216700266	-0.0458344887982156	-0.102522238167231	0.0893219718322547	0.0735230632336318	0.0123845631685652	-0.187086898999728	0.0845318488756668	-0.0439096588401272	-0.139910494228894	2
-0.188651730632556	-0.132594779461437	-0.00844564729131681	-0.0215658275928511	-0.0147865421563575	-0.066003480174095	0.197435555112921	0.125757587219148	0.039391023279525	-0.0608110492298702	0.00819252741571909	0.102769559074467	0.0629154754468066	0.00242749603138408	-0.0192152415682732	-0.0900230209689745	-0.0204793458466987	0.021820579680226	1
0.0237127157122695	0.0270309896150595	0.0190720553768177	0.00209906195127269	0.0524300869353384	-0.0090175140935871	-0.0463593640907611	-0.0107780776773882	0.131070507208971	0.0825065810150824	0.0113402387556098	0.0670599028643703	0.0873962906928682	0.0581281920225304	0.0212525777665416	0.0974948520274017	0.154289216438502	-0.00630054443071663	1
0.0717808359486203	0.063300736885709	-0.013674417822548	-0.0327176113094598	0.01683821599819	0.00491112260565972	-0.0392737839435739	0.0370436114064308	0.0200057867441872	-0.039284755991957	-0.0658875354650525	0.0341623421385814	0.0269687306558315	-0.0340674949097761	-0.00409145449591357	0.129644048178745	0.0189117998930292	-0.0203836841677697	1
-0.00870517979683493	0.0567156111643366	-0.102014637990408	-0.000394642824328014	0.0764906401321535	-0.00379078487349037	-0.0150416271991142	-0.0453418420905351	-0.0840532577770791	-0.0577727288382514	-0.0801261247560286	0.0237776925220718	-0.0415595854181519	0.0014269294877846	0.00499349338866543	0.0559919172106941	0.0426992202158258	-0.0892265932534236	1
0.0490001067382318	-0.0448561644189344	-0.0181651918099111	0.0476056899730861	0.0192938728084442	0.0332454277038801	-0.0188458935031227	-0.0262056342297883	-0.00282569403366272	0.0713578810385227	-0.123242818751276	-0.0435036453475308	0.0864191385583458	0.00180832186766614	0.0479523068681103	0.0506196823504647	0.00583182345822056	0.0814186166933945	1
0.0449178939621767	0.0181442417175638	0.0447479506872394	-0.0347075440595938	0.00534036159239112	0.034084105035918	0.00922059346813847	-0.0194059742871694	-0.0187725029056497	0.0121815684674677	0.0106693265476004	0.0902237289555809	-0.0316659922948883	-0.00418734356101381	-0.0115916485009267	0.0182051840349296	-0.0205924271240031	0.0314083265957426	1
-0.0305379402277904	-0.00793926527070486	0.0385255439726784	0.033937473407569	0.0378786718489667	-0.0305733812261	0.128039219853853	0.0532737221364034	-0.0364114432316519	0.0998861718590321	-0.0218733426435769	-0.133168336533733	0.0629520955823182	-0.0202978868961734	-0.0966887697650226	0.124258080583283	-0.00881507515616083	0.0779892513284659	1
-0.0492053689726709	0.0574610568837804	0.0267660385600484	0.00656799580789362	-0.000902973722525206	-0.0311378471961476	-0.0131855482266608	0.0377258755722233	-0.0111677479773977	-0.0274395966484259	-0.0629566464775317	0.0816949914175774	-0.0753638074740936	0.0176098061279427	0.0408982278639791	0.0057056054218218	0.0620968290899163	-0.0304328266387037	2
-0.0642339071426877	-0.000847873692802624	-0.122829640735158	0.0739981724522398	0.0258695671742835	0.0789595610756923	-0.0322503813090612	-0.0441955167400676	-0.0462848359854559	-0.0143065858751962	0.0834905334789972	-0.127517817910188	0.0837802949952067	0.0530196214392434	0.017941748421074	0.00272131261628007	-0.00526645812742793	-0.00291861453795562	2
0.0755085858829633	0.0349781445567399	0.0215675821909072	-0.0243657317758748	-0.00479868029124701	0.0484293547451497	0.0445357327227085	0.0479483092267634	-0.0455667465073154	0.00345155225672305	0.116636488451036	0.028761624967273	0.013621308367693	0.0129651007150884	-0.00736505686662202	-0.073875922257075	-0.00764856537970323	-0.0573037561734824	1
-0.052957287955604	0.0216101018693447	0.057913126985966	-0.0620082195837874	-0.00411297318377064	0.0428913674664056	0.062146766439485	-0.0595332144194281	0.0933291596766839	-0.054474369819031	0.00389616744433831	0.00274575400260267	-0.00833542262018297	0.0182945674681162	0.00815727266808834	-0.0444476796794889	0.0567741682484359	0.0853798103843684	1
0.0388701009046344	-0.112010383690968	0.0486412733066651	0.0455530984898673	0.0586348086719765	-0.000528547926946971	-0.0655398322057186	0.0109485208107896	-0.0792160999495549	-0.00335163933255503	-0.111560088733582	0.0144028537157564	-0.000271098784912925	0.0172355674528203	-0.0433927267603066	0.133969007404137	0.137920672809658	-0.0106924337134542	1
-0.00143555194734914	0.0432821692154544	-0.0291894666446113	-0.0491733407101694	0.0184962890639757	0.0211283174970272	0.0933217937739601	-0.0701066498499673	-0.114789550857709	0.0175100489107379	0.0451908056141197	0.0337144003209403	0.0175795304872694	0.131331666864614	0.00310665593516388	0.0443442348131041	0.0369683628485725	0.0258025428421899	1
-0.0773701369344571	-0.0477361273046075	-0.0193675660874705	0.00796669288506049	-0.0184153772650218	0.0424911433722292	0.0182620938006183	-0.174393871687112	-0.0775393643204997	-0.0819496585236711	-0.0153429118330603	-0.0190689577392807	-0.11007987159155	0.0794347709372396	0.0917710950368485	-0.124222960946529	0.0625069099655103	-0.00409960620046111	1
-0.00699424744002796	0.0948976157328434	0.0142816065422327	0.000434690593690083	0.0379493548219602	-0.0228214582811846	-0.0738329627691587	0.0654292288684513	0.0207414463799743	-0.0252669259663714	-0.0286488633341562	-0.0249642653385587	-0.00141545456632094	0.0312772554665168	0.0197333739926839	0.0396187184066178	-0.0174248344024653	0.0313213831413945	1
0.0552869700474077	0.0636060454713546	-0.0525239961179588	-0.0186547990173069	-0.017576796247848	-0.0124157888134466	0.0116841493053842	0.0135665324828014	-0.0863499715493809	0.024554006932127	0.0909919259406764	0.0178602559121583	0.0831667478951009	0.0784676154508066	0.00520908271579406	-0.0400799976226837	0.056209875110074	0.0742457466096988	1
-0.140626013407877	0.0683512484065242	-0.0990987441743709	0.0323554006106061	-0.0695438678202665	-0.150270883778737	-0.0450507802183028	-0.0619499732101345	-0.0181864303203427	-0.0252017850948745	-0.0783022626544688	0.0742979978085794	0.0670442473457436	0.0267682971765589	0.142268845521905	0.120108499366022	0.115122906602324	0.10308906923081	1
0.0837712295957301	0.046755521785953	-0.00995796922888631	-0.0460545811079274	-0.0483644883815576	0.031611977618034	-0.00489063579829651	-0.0183949021655023	0.0341210515473068	0.0307620133614548	-0.0399402080858272	0.106961118844568	0.173024751872313	0.0831317941057709	-0.0680401426592433	-0.0444234028783774	-0.00716149528984497	0.0181402941981064	2
0.0105695765550532	-0.107431094914172	0.0585722201008526	-0.0539481678486114	0.0885760716173755	-0.168621258034326	0.0848703629949117	0.0714590457191398	0.0909547754679741	-0.345342745749809	0.0428181627956168	0.0352835257485157	-0.0819813513615347	-0.037782052468043	0.112788721564374	0.15761491059532	-0.0840350792984109	-0.19534921953474	1
-0.159375210489731	0.0165166062776911	0.0947499675656213	-0.0584073702130868	-0.058594673446932	0.0315402634779673	-0.0116469878665835	-0.0722498819092651	0.226937060575257	-0.0620314715097169	0.0184773685535267	-0.00932711998707493	0.013615407586115	0.054555117583294	-0.0770632015785479	-0.0637438449418053	0.00629262152021907	-0.115975405523883	1
-0.00866450308734987	0.0436390784096489	0.0534510652983744	0.0403464985937254	0.0704199913843344	0.0328862161231591	0.0300127725792563	0.0465216010042101	-0.0325686994644361	0.0195891436707331	-0.0264621124660059	0.0232723646063732	-0.0473101596047396	0.102349593611658	0.0453116609841192	0.0756925700549903	0.0154623024710721	-0.0307769419844803	1
-0.0582765276803112	0.0586497988406841	0.0287479415294948	0.0266380812065688	0.0615972365656614	0.0269748211465295	0.0565200917628974	-0.061375314594508	-0.000282855771123	-0.0135182600562325	-0.0162758731200571	-0.0318869029254628	-0.0766544820841319	0.040495941220589	0.0540294993185845	-0.0398170532695981	0.0229378555603909	-0.00739779822307054	1
-0.023147781712675	0.111091259909859	-0.036372550951092	0.13701879502874	-0.172502924492145	-0.136317308607219	-0.0254739004053728	0.037050088159306	0.125160752012996	-0.0882641775758638	0.0706822502666358	-0.060401925435814	0.235626398102546	-0.0180875914497412	-0.0800505523852791	-0.152789584041968	-0.0726498945732393	0.106806057833071	1
0.0207757289804261	0.0211097207748398	0.0749916221871008	-0.000458962834716389	0.0110520307388041	0.0205448462832353	0.0221635404516126	0.0236456750415434	0.0213260590063605	-0.0220454843729066	0.0827805103836664	-0.0117492622151899	0.101828625836926	0.0878803470996325	-0.0283255020905545	0.018374666905793	0.0322469278803174	0.0617983988472225	1
-0.0141863612251175	-0.113785123408249	-0.114526729170414	-0.0241647987048694	0.0739637942062112	-0.00273927452516779	-0.0384688654561124	-0.0757104561346316	-0.0540199933232206	0.101544928778188	-0.00936212036934581	0.0326285198808723	0.00217521958285526	-0.0220872394250834	0.0441699932150619	-0.0193430356140881	0.0233752868001323	-0.0465778978345931	2
-0.212701607167107	0.0222470232419143	0.0452474662183522	0.0679863298170725	-0.155822920671222	-0.0723672300445998	-0.0684002694166358	0.00765861523236489	-0.0769335286700048	0.0724341225726994	-0.0910502841622788	-0.0359747826891389	-0.0794766498505736	0.0883726632349179	-0.0686167851180704	-0.0170484399663957	0.00572572543277968	-0.0707883535025169	1
-0.270455913539628	0.0622392540634586	-0.0138467231043705	-0.0604198410074194	0.0446104773987242	-0.0311707898325165	-0.0244342883512124	-0.00483941232517405	0.0381507650273866	-0.0641242189855862	-0.059731845478715	0.0418522128158119	0.0465208695077564	0.0775140708293113	0.0138305840912109	0.0511205278834666	0.0071252115188816	0.020839865171857	1
-0.269522830089718	-0.0881059532873323	0.0916895447989688	-0.0660477987651482	0.0278212107683388	-0.0085460062900747	-0.0188126106019251	0.0377035310861342	-0.040520261918687	-7.69421253717699e-05	-0.0962531892289272	-0.0232347606209955	0.0743678047537914	-0.0254488040405293	0.0243697126019533	-0.121839409979593	0.0117949372582138	0.0614677430020105	1
-0.0210957404950993	0.0783861298438384	0.0172274889361634	-0.00865307210541508	0.0760947832953965	-0.0395857327659455	0.0149659817779062	-0.0381270886930751	0.0536951463430959	-0.0370400097424574	0.0422097529643503	0.0162601816073395	-0.028010347982396	0.0247691129433715	-0.0380585334556259	0.0593433883236433	0.0851064166268619	0.00437198560551959	1
0.027319116240409	-0.0326512123805047	0.0691247394718231	0.0551062640482673	-0.0994836098032268	-0.126487351347968	0.107472293945345	0.0656051876633606	0.0359797703201641	-0.00488923794504162	0.084830569948929	-0.166046275957033	-0.0333008493328589	0.031092396695146	-0.12207561902134	-0.0356185168090253	-0.000600960921553049	-0.0125978797164898	1
0.0439848422864731	0.0237413366661935	0.0132636757457552	0.00336089123642219	-0.0163603146579321	-0.00113500435611389	0.032098494347659	0.0405487688260959	-0.0670981488800053	0.0324860278016782	-0.0782632397608881	0.0576163085983763	-0.0166743446948713	0.0401976755185859	0.0281442511200104	0.00604301421207524	0.0165234404933783	0.0239728241276703	1
-0.17021546373043	0.0392325690128446	0.0551274825364054	-0.0517517203958856	-0.0627095100858966	0.0485167969119543	-0.0254368045879218	0.0290940800935917	-0.00967117689855387	0.0376927891217876	0.0355462003356645	-0.0329867041170522	-0.0298877945710534	0.0922616513883191	-0.00561898629165066	0.0163562731577944	-0.0239539120479281	-0.102399359215304	2
-0.00643747170578123	0.0514731396115143	-0.0192179192355297	0.0224937098136559	-0.00422617262208494	-0.0320489087406613	0.0116043428069246	0.0599607036453068	0.00452112777375372	0.0591163682852661	-0.000308364623498949	-0.0549214181544424	0.00650534046264119	0.029675963058097	0.0475119891275415	0.0136878403776042	-0.0101784328544345	-0.166180581440263	1
-0.000391891133411646	-0.0581799357754007	0.0315804058228465	-0.00581567860173248	0.0641811397341969	-0.0123333915040482	-0.0605359370364013	0.0181230669203489	0.0497472039862205	-0.10680357866617	-0.125711726676817	-0.138614764536736	0.102017256006664	-0.111703444322591	0.0659134354893412	-0.0877343399017662	-0.0217758015493298	-0.0208085155123194	2
-0.043513609484652	0.00123593606368843	-0.14451625257361	0.100331310014722	-0.033672058992659	0.105579510671782	-0.0195804934537295	0.0760266304166367	0.011015073196686	-0.075108763987052	-0.0117554615262592	0.0130339274336003	-0.020526575591377	-0.049060767561362	-0.0704561070801854	-0.00415400424146848	0.0758724066314079	-0.141886257796201	2
0.0411301607938596	0.00870101002791552	0.0912002169663559	-0.0211232746782872	0.0166371912763813	0.0118152134035048	-0.002175431219103	0.0724013242562924	-0.0402559681033431	-0.107554456051879	0.0392982580934933	-0.0579133259248186	-0.0618833097214638	-0.161418260582438	0.0946860772606081	-0.118112381262524	-0.0407750898761123	0.0623731250425683	1
-0.0548207903413609	-0.0925994402817458	0.0825780999161578	0.0203056991579173	-0.200305940774018	-0.00213318096490136	-0.102186066723111	0.0981582775513061	-0.0920401200582341	0.0484193801572525	-0.105757892128001	-0.0173301928660328	-0.00835328512146383	0.0335353848246384	0.042772259971246	-0.00143859972079573	0.069088167903082	-0.088770505778182	1
0.0278342282930898	0.106071430533003	-0.0247076712945204	0.0205819829258239	-0.0646122140899553	-0.0400802632734869	-0.123934860669598	0.00758264319945133	0.0530515497484367	-0.0496794147339256	-0.0422061378309763	-0.0171683082733576	0.0833785341638307	-0.0201163697092664	-0.0424803492523927	-0.0965933041460891	-0.0630586244599378	-0.110236487276299	1
-0.0111550701115147	0.0912120638960923	-0.038604777084665	0.0529848084610669	-0.0229744380725229	-0.0746442075318308	-0.0791087661783043	0.0370103545846194	-0.0653811108920518	-0.0567890263822215	0.0525935517623367	-0.123815389870314	-0.0401599874297347	-0.102530150291126	0.0486641890117699	-0.0636137278205657	-0.11372281847799	0.0363970546820493	1
-0.0866837741892798	0.0325579346479647	0.0484815232685251	-0.0417219488436657	-0.00171997383160867	0.0484299022344126	0.0410721409678867	-0.00451762384832028	0.189098291076678	-0.00342440302526991	-0.0200798864937636	0.00199277538732581	0.00560839172184037	-0.04054631138491	-0.0418847522397067	-0.00562562861849315	0.0889501030311327	-0.00737475548688342	1
0.0157678141511989	-0.218534099401881	0.125707132930308	0.0147017064701069	-0.063795826737266	-0.123849815250778	-0.173935309755403	-0.102179917961104	-0.152487458577985	-0.132849681940852	0.485175390507631	0.00779350334336386	0.182299432445062	-0.0713725921772899	-0.0582798918118106	0.0468120452928675	0.0696297824938926	-0.0824483167731132	1
0.0132864339702257	-0.0426386626734765	0.0319209296079759	-0.0317114776313373	0.0146630556038135	-0.142988345305855	0.0471944728160344	0.15953716924753	0.0307168163180782	-0.163997798898149	0.0333445228049047	0.09218464644831	-0.0462885679720383	0.023676163321619	0.0559467610717833	0.15941184469972	0.0958213199091614	-0.0421444622991514	1
-0.0748175807877856	0.00713689471508093	0.0352601519370848	-0.0454379616463279	0.17371179986551	-0.00169870348866414	0.0506825621072314	-0.0186486369212959	0.0260605230355707	-0.017355339790343	-0.01175668192966	-0.0572327111306475	0.0303555571135045	-0.044032736545544	-0.097789576115706	0.0364368258480357	0.0354596401433307	0.0876505363238541	1
0.0376760969817143	-0.0263931195197811	-0.0858918773184372	-0.0180004125639417	0.00235721163493434	-0.0139255669414624	0.00554464248352597	0.0810691107414751	0.0732808940964719	0.118477451143017	-0.0115172426055058	0.10511433862201	-0.0162590034658496	-0.0149565786987809	0.0826299827328475	-0.0428242371248922	0.179924839086047	-0.0554113649930343	1
0.0390208024861728	-0.000507852345917892	0.00838413998896778	-0.0492296729363416	0.0436901144577955	0.0493610393761141	0.0689779662960276	0.000444159572006622	-0.0917159928910477	0.0332376319153727	0.0105555250392639	0.00320557962179264	-0.0223656829161029	0.0238999744758242	0.0017270380615325	-0.0269235738239576	0.0833240387874163	-0.136751129865574	1
-0.0678555001280794	0.08754051462915	-0.00523174095966962	0.00898864311832844	0.0147412617604151	-0.0430070120765111	-0.0216517041811404	0.083314479707394	-0.0465232289663348	-0.0094225155845639	-0.000222000856482471	0.00206644074621638	-0.0253867325847587	-0.0293729815668636	0.0725994306365334	-0.0547747781677751	0.0684736195977006	-0.0366590686638839	2
-0.0330520920828635	-0.110226881790123	-0.0255036925571337	-0.00982680773252612	0.0900036634224408	-0.0609730150320249	0.0145869709903029	-0.021035188836198	0.00364841262057378	0.124608327146705	-0.0829669057712985	0.0880875780088729	0.0726520459316235	0.0157760489327814	0.0672174785045826	-0.0922094196514324	0.138434382079	0.0221464726700142	1
0.0199565021491777	0.0216654124398489	0.00463084441289349	-0.0292644795594839	0.0885292742775224	-0.0022888195541289	0.0559290292440792	-0.0179999225725366	-0.0289562597668489	-0.0666973911920303	0.0194481703169619	0.0494633194680724	0.0169833602022784	-0.0125129233122662	-0.104953186715729	0.00181133992518702	0.0362522811805895	-0.00683937341143338	1
-0.0204168245314845	-0.080673545272762	-0.0535435726747892	-0.0674996761886706	0.084609521209334	-0.0484628720033619	-0.0526660983755853	0.0392739792541604	0.0224444706909556	-0.029786951635943	0.0338356494650212	-0.0418045013483347	0.0944210290078521	0.0257059690939654	-0.0444302337067296	-0.0381653292636416	-0.0114785377418679	-0.0126084205430766	2
0.0827802285256029	-0.080813692081482	0.0472742780169624	-0.0829798786302035	0.12547827775958	-0.0272506005006214	0.0258390671066406	-0.0337173870562318	-0.0141226245835209	0.0683048022361228	-0.0382515746334751	-0.045392559593566	0.0012131952126886	0.076390909976757	0.00908431609018002	-0.109737249355079	-0.0733622400927037	-0.0688681255022646	1
0.0164173053182907	0.106428813098808	-0.03144369104056	0.028731559587932	0.0675628357625884	-0.0583447388381413	-0.0954252526372355	-0.0780600503283274	-0.00121863725030716	-0.0726666755136861	0.0944735864269071	-0.0227747504135334	0.160872730601243	-0.00308962832957712	-0.0485915017708624	-0.0226438062597263	-0.0394637158218506	0.0982429096295701	1
0.0113037535971109	0.0528889907208611	-0.113840773678464	0.0142497607261852	0.086416487875868	-0.0438265306847606	-0.0271934582175697	-0.0350851286760059	-0.0500958508031277	-0.0624889613435418	-0.0878237946124766	-0.0610682778050115	0.0167598471051253	0.0164220595755138	0.0169240357074407	0.012456204085705	0.0219662792920762	-0.0681445290803683	1
-0.0167494216775975	-0.0770166862335291	-0.113586065253055	0.0917862302594461	-0.0772981081899167	0.0699733613203457	0.156659849893529	-0.0794199798771028	-0.0246111959259611	-0.090403575938783	-0.00470036783508367	0.168866279278852	0.0882329410422195	0.0376175300324761	0.144362385796478	-0.0762349115879788	0.0751890026823396	0.0996094586868976	2
-0.216021455011038	0.101400022440494	-0.00907640254682028	-0.0905395708412841	0.0274285115235195	0.0293573269887177	-0.0287259886199993	0.0476248247966743	0.0357621841719435	0.0517396024985991	0.0860499642809409	-0.0419325233377006	-0.0461401263553826	0.0857697643245789	0.00757174687711523	0.0972593360776116	-0.0457221938569194	-0.0667469458433967	1
-0.0633618605753888	0.04312390185821	0.0284300414858508	-0.00856676013698661	0.0620471201278796	0.0218598141474933	0.0184197456125792	0.0481302899606476	-0.0465861886372633	0.032036346963926	0.108813197817999	-0.000181908411450795	0.00640773274668948	0.00390006505304364	-0.00128318034742601	-0.0309184391963948	0.11696891209122	0.0196639569345738	1
0.0390207757681823	0.0333159850061599	0.030401973825552	-0.0869374745309879	-0.00751076081965876	0.0501996851566276	0.0334993250120488	-0.0245721014800147	0.0444775955928219	0.0201372343655973	0.101337732525865	0.00236584010524514	-0.0243819395012789	0.0949212090431907	0.0167573619517059	-0.0439908767672064	0.0794157995706292	-0.0884260301883392	1
0.0598314059370371	0.073249100929424	-0.0605734887397587	0.0272903186782486	0.0409890705763723	-0.0192576074116728	-0.000175336462649502	-0.0329749690841281	-0.0754067650637822	-0.00830086240223201	0.0345166348698315	0.0101188354277966	0.109188243345652	-0.00752338858364703	-0.0372184980620601	-0.0608259615183011	0.0463069941475307	0.0390207515250962	1
0.0348843272883893	0.0219957832763069	-0.00290554336360776	0.0367856743143322	-0.0418016482443767	-0.121852447660943	0.162908668624754	0.121843592027925	0.0533382475160644	-0.0318274042831689	-0.0679752336836938	-0.0576408804242679	0.0433981345935317	0.0758269403087997	0.0411158860012676	-0.0203583262417281	-0.122341076836962	-0.136485253839752	1
0.036477043168733	0.105035034958556	0.0448754837428915	0.0971039897656365	0.00741086501065282	-0.0259529999471267	-0.0689849360750689	0.12217069139036	0.000579889174523843	-0.07954587903322	0.021440978720853	-0.00582536348066472	0.136141486714645	0.0414217766932239	0.0193653874476597	-0.00119925444691978	-0.0484015981594727	-0.00331035266586663	1
0.0556381734085178	0.0345112033071722	0.0721251139741424	0.0162639472491471	0.0862244969970511	-0.0222893368687539	0.00560965325200936	0.0619582735446108	-0.005128128287498	-0.0519736948764857	-0.0340033186358575	-0.0792430926373068	-0.0523410097831591	0.045894744074584	0.0664196697981825	0.000755221648768979	0.0749039981100011	0.0066749750608395	1
0.0603755792382247	0.00698211936472037	-0.178136934982224	0.00429562978451169	-0.00448489476855951	0.0444716038610497	-0.0158321592172608	0.0446479675414525	0.00915496293838945	-0.10424770550199	-0.00690788157170004	0.0479051838329262	-0.0363978873677671	0.0799919022787844	-0.0592675497967673	-0.0270930745182921	0.172663103631569	-0.0255960744008987	1
0.0385148533914637	-0.0234966951348204	0.0377530066299113	0.0189468177517154	-0.106816129729026	-0.000602149689617869	0.0574889749310707	0.0260746934338642	-0.00191394217715835	0.0691023668629316	0.0191167254175518	-0.0619579858638119	0.0964311266475106	0.0086394908469155	0.0944508792587895	0.0758319793792534	0.159734390095769	0.0774142852373355	1
0.0442339231309666	0.0557105984276179	0.0120759368945008	0.002750141568786	0.00411698162392962	0.0557733302262265	0.0146926553030168	0.0188959063567484	-0.0282819292330752	-0.00391662405517893	0.102927957692045	-0.0254507718114377	-0.0707137486882247	0.0626058943408785	0.130762065160616	-0.0631385480007126	0.091622617178558	-0.00184602632089465	2
0.0395020009159316	-0.193546404391509	-0.0801557998250247	-0.133352815442267	0.106210357878704	-0.243754921582686	-0.0445162875200845	0.121354720865545	0.0227905888142694	-0.0697108771879143	0.147151539993616	-0.0219285156788335	0.0176759370266181	0.041396527972678	0.100187627142857	-0.102072370916235	-0.122661091086992	-0.0041602848849587	1
-0.145820665473866	0.072745560910998	-0.0531210996335426	-0.0105018183828849	-0.0753069590494888	-0.00311800282120751	0.000946335389728989	-0.0688972225372658	-0.120608981507802	-0.00556744936163916	0.113103053592165	0.0041483665015537	-0.0688020706199854	0.0880640118914309	0.0999046976431912	-0.135802770496924	0.0393390809204476	0.0519593778739015	2
0.068542166817342	0.0176740341451064	0.0101906888619867	-0.0587515988399323	0.0127116404269534	-0.0224730404629812	-0.0649326883698384	-0.027070536649898	-0.0435199049902798	0.0135741824294765	0.0398221937860778	-0.0181883685099782	0.00190369742839855	0.0477645260593313	0.0372490973843313	-0.0589085450219368	0.108228972097784	-0.000344760913234927	1
0.00731934911278537	-0.0536205180929975	0.0309995695677032	-0.0581539457825189	0.113112619665423	0.0204526135846503	0.0228485775026951	-0.00604415967674688	-0.0698395239587931	-0.066656739163839	0.0379282130471836	-0.0865293856066731	0.108569137235293	-0.003381150302408	0.0105981921343908	-0.0464626657251694	0.0613063879309946	-0.0173354448286566	2
0.078595681150363	-0.0219778868169772	-0.0478772028898503	0.0450770879186672	-0.0393018705497511	-0.124558576942118	0.13333938657342	-0.0300052175945736	0.0296492619427025	0.0203513319803388	0.0195146949754853	-0.193686424161252	0.0270352607632449	0.0173530480396421	-0.176843792950166	0.0259957379186145	0.0999137983524809	0.050246576397269	2
-0.262421617091392	0.0604485682105855	-0.128679485418473	0.0190783132800189	-0.0175780624610848	-0.0222105334535128	-0.0430237396604392	-0.0296788942112713	0.0373118764539915	0.118970065528101	-0.00312698465249954	-0.0365861606873825	0.088826443255113	-0.00372865694223291	0.0741237906458695	-0.0858355487242399	0.00544203950254375	-0.0358655727996552	1
-0.0714991093625127	0.0480993182456195	0.0620246587365258	-0.0555443569492421	-0.00429888777844311	0.00815313293854772	-0.0254839769914024	-0.0162103196556979	0.121757991074407	-0.00749288771471848	0.0933087060847283	-0.0324887190082434	0.0705604315230768	0.0799908609853151	-0.0706540212401934	-0.0274892140957547	0.0537911661503469	-0.00349819363831505	1
0.0540484406679568	0.0622218619472035	0.0362233166193159	0.000253630462673319	-0.0360969548912766	0.0144661500892166	0.00655053923534279	0.00281116333971333	0.101437565543184	-0.0843373407182533	-0.147365877664001	-0.0171238474121433	0.0467764306352925	0.0997591876930843	0.0702390246232436	0.0317838574545449	-0.0307669029210273	0.070924217355616	1
0.00160474390749449	-0.0412159061740743	-0.031124611823481	-0.0247349524119756	0.0631587298149839	0.0364823402391607	-0.04414214503	-0.0226446393472682	0.00456467433031152	-0.0113669211650524	-0.0957624206209286	-0.0969434794775999	-0.0387329513996712	-0.132848029721934	-0.00229314512104524	-0.061979577338395	-0.090844844730576	0.183393148845587	2
-0.0624663849592514	-0.069803095626341	-0.0709931666774217	-0.111367069193339	-0.0613607416003566	0.11486812164183	0.0351295636372033	0.0534068216588114	-0.0734685071083894	-0.00852176883478709	-0.0558843338140749	-0.098220644656928	0.081485193569957	-0.0603335377772061	-0.0497707237712689	0.0132730366543947	-0.0260505493353104	-0.00430674779779808	2
-0.00259255443950936	-0.117735942502747	-0.110391609753231	0.116033168386332	0.0370230451459922	0.177932917275495	0.112218412917772	-0.104335598014683	0.0653311082817424	-0.112811496517518	-0.0432745862047269	-0.170061814999643	0.0376335179228373	0.130088223201728	0.075360253078301	0.143849025783106	-0.129259401533175	-0.00434529006355037	1
-0.167441102849218	-0.0110004427489511	-0.11766922873729	-0.159367654181118	-0.061184887646644	-0.0262523249827034	-0.0616323373274669	-0.0590172522629941	0.0523787457451597	-0.0353767462795412	-0.0173133586754897	-0.000809556565995894	0.000951279695943182	-0.0383250162559659	0.103798905004455	0.0826434796308621	-0.0631058037396319	0.0168026351500688	2
-0.0509816451001424	0.00053629931341165	-0.160764002056863	-0.0689361434060777	-0.1355518000736	0.0352418278173402	0.0481559872606627	0.0503158286923753	0.0320686062998267	0.0771464406096365	0.0580987269034531	0.052861162659621	0.124406089914268	-0.193080461781899	0.0740619156649905	0.119570647227048	0.0413973124012584	0.138778328963941	1
0.0987157137997137	-0.070333705688522	-0.180609063786219	-0.296048233583027	-0.0541840661232993	-0.10185428005809	0.0153002269574312	0.00479877507952091	-0.0700022677953757	-0.0300541478922009	-0.00857687002936923	-0.0468392420867213	-0.0324472055681916	-0.0410617773764401	0.0895667873901208	0.130598564062425	-0.0745151947733954	0.0397670626480494	1
0.0995277147351285	0.0323781152384197	-0.104185437329907	-0.186598549070272	-0.185891811120811	0.13714359593474	0.0466535072531069	-0.00552700498170198	0.0534719951005821	0.0864788534588315	0.0440052106208217	0.0334586087631523	0.0576241206124312	0.0769898083191083	-0.0190147777997395	0.0273940426661105	0.0716853052846639	-0.0458218703931408	1
-0.05538048229974	-0.028873328407907	-0.07093509884133	-0.0087829111817771	-0.00265067070288463	0.0514058440661635	-0.0458525387627197	-0.0327046117412418	-0.0399550561352973	-0.0239618914250769	-0.0215503128546967	-0.12368552384289	0.0503075579493604	-0.0647293891874077	0.0495334288877027	0.0954836740853767	-0.0599461784941385	0.137967118939571	2
0.0498469174912636	0.0392596234210523	-0.0383932743459219	-0.0405519262567256	-0.031012083867937	0.0433076032754983	-0.00438893419035898	-0.187519667252013	0.179618349387801	-0.0740843010338066	0.00431897713528454	-0.0555074685069405	-0.0676242126473736	-0.039597771509605	-0.0339311946322918	0.0720339241073672	0.00507627796657588	0.0762965561499557	2
0.0858736920937487	0.00317594821261612	-0.148960212228645	-0.218342154587876	0.0216703990293729	-0.0420817544189498	0.0374069159944592	-0.134837507152226	-0.0105422050425565	0.0316556769065191	-0.0254467026628125	-0.0906937627964172	-0.0645659016893487	-0.0305332004678545	0.0685673074684773	-0.0229112184195718	-0.081808890900913	-0.086721026506536	2
0.0258498731678976	-0.0158193907897073	-0.194408252805432	-0.280466239383614	-0.00412283798905609	0.000806802404204913	0.0651521922005895	0.014506610349368	-0.0402171270533999	0.0256846458591728	0.0394427278029989	-0.112551587905339	0.00494626511475076	0.0314825062865809	-0.0506554287612834	0.0642691259247928	0.0154636115796415	-0.0290952797602857	1
0.0502531405773994	-0.0276943915726725	-0.0481575776878685	-0.0482941358175262	-0.00187518428091228	0.0742032651811846	-0.045367599267716	0.00971638032679193	0.00380245065583001	-0.109845967598237	-0.0700278065978587	-0.0655247670101706	-0.0508468832377902	0.018144839508193	-0.00911073144489256	0.0785111162706331	-0.00451381553456583	0.130812995532835	2
0.0606755673793401	-0.0050969056282672	-0.131596126872644	-0.142021002357619	-0.017071622112631	0.0452741605818267	0.00526034790226786	-0.0157649203119334	-0.0590861031370646	0.0212770198496803	-0.0445969110357594	-0.100517174091475	0.0323451564863634	-0.0653329899020219	-0.0330858586624202	0.0587128900541867	0.0353198202954099	0.0289342204018983	2
-0.0161991609457473	-0.0945397188017647	0.160676485243992	-0.00625718154520511	-0.219095281186976	-0.0435443626856008	-0.170866782017814	-0.102430070166475	-0.0853383668255357	-0.00594774641759449	-0.0236361070748025	-0.258558966034463	-0.125860172102128	0.149539086249132	0.116839526235579	-0.038495630698075	0.0691433032308004	0.151174342490178	1
0.0597267480501196	-0.0307834656036302	0.073998644362189	-0.110170202998772	-0.103296625336506	0.108269567428723	0.0134905798603203	0.00119174849338544	0.0357643553292573	0.0082869305394991	-0.0419367870880785	-0.0447940732741256	0.00957377595833897	0.0223952967773352	0.0112289081310326	-0.0137943723975584	-0.0134239907701988	0.00479482102570595	2
0.0156658601161232	-0.140278108324337	0.127453907967218	-0.0363580309806758	-0.206190890134196	0.0400499461269134	-0.0615199995355874	0.100448484088336	-0.137626849767867	-0.07175740451981	-0.191182373989557	-0.0581044755326839	-0.0397631359199099	-0.0493640986546834	0.0610512301236865	-0.0824674656087982	0.0191219360963166	0.0423164323022704	2
0.0737320153671678	0.0127592071517852	0.0397613382431598	-0.106978489043434	-0.0132165100906918	0.0381982077260047	0.0386662292672177	0.00288230373730866	0.0292831464098127	0.00300549107803531	0.0388523452598122	-0.0523725398690433	-0.0752539349326315	-0.0668457291782584	0.0745903818149624	-0.00596111763386402	-0.0115650640859432	0.0538048165215143	1
0.0591696082494395	0.060649201087651	-0.0496521371050084	-0.0759345488770745	-0.197476575648717	-0.0108676249994165	-0.0808689158264502	-0.0260865908861919	0.0654700456479858	-0.00710558725502942	-0.0286127573846901	-0.00505084858212671	0.0255149756587972	0.0782009875097676	-0.0107532905878767	-0.0691544304964256	-0.0462254964276674	-0.0214544495256089	2
0.0613448124037722	0.0279101183573267	-0.113357675041001	0.0435631558597022	-0.00220325351451184	-0.0550765147498165	-0.0902315492180547	-0.0137877078395545	0.156899443058668	0.114612603630775	-0.0897157949867067	0.00421852687126292	0.0204135072729589	0.0115694852048031	0.0874378826407265	0.0276184366495512	0.0800417197658846	0.063240730625786	1
0.0573103192489417	-0.0124174465759955	0.1296264840061	-0.0129646014972843	-0.010526993876084	-0.000617008871017338	-0.00176306788076679	-0.0835392106022433	0.0730373723293462	0.0276490210952397	-0.0150323016091753	-0.164921333751051	-0.0737535873156414	0.0675767193720809	-0.0118115445692629	-0.0164977633895399	0.0596077813007887	0.0755714351346916	1
0.0394861902070875	-0.0629104900113242	-0.0550141438125566	0.0075210117810026	-0.231478460926789	-0.128744566835999	0.198367489720907	0.0176137726285122	-0.0114063357851344	0.0774273359041731	-0.0331061393802776	-0.139692284433078	-0.0296044715642844	0.00922556171894371	-0.195009991072388	0.163948820131221	-0.0922682588774584	0.00235521547883562	2
0.0450826592310142	-0.0144388454419393	-0.0212798557100355	0.0833707636643425	0.0649743891941979	0.0515877965951736	-0.0140196020722721	-0.0042286621632837	-0.0157287177729878	-0.0576882558033524	-0.0749520237826646	-0.0113574903115691	0.00365400820805192	0.0172575062062842	-0.0595313460780314	-0.0267000333679068	0.0544927118281506	0.0501907936576716	1
0.0428541901453302	-0.138294178421782	0.040975827650851	0.00595353793062728	-0.0133810245591658	-0.103070241163726	-0.0528881904598175	0.150470805660631	0.180463346963125	0.00181064250579865	0.204338419065595	0.00324421318653473	-0.0410524318131845	-0.0564009415777777	0.163670222327592	0.118956026773004	0.178882285211425	0.101712050919353	1
0.0572873123137315	0.0994718690701606	-0.0218103248686627	0.0653931414244095	-0.0407747922017792	-0.0332352979141235	-0.0876475602838804	0.025665359533521	0.0320446971461986	-0.0474480386822948	-0.0794456425058174	0.0568918352411425	0.0393566856766673	-0.0190044413533402	0.0367421053679043	-0.0457860912996218	-0.0374477372285379	-0.057898878238787	1
0.0360489319748022	0.00539003273290303	0.0758553324335951	-0.0379623905304517	0.000806199821245642	0.00272048201991633	-0.0148802773449487	-0.0770886331174009	0.0812670684951303	-0.0231032735059762	0.0249792017240401	-0.0336302672374025	-0.0545828698843969	0.0203992060583583	-0.0539081549612257	-0.043006413568876	0.035888720118446	-0.0593687217048609	1
0.0408378859994015	-0.14566593498841	0.0550977471108464	0.149058645443602	-0.050796071195885	0.120183642056815	0.0150874223771862	-0.081282002184945	0.136459777889698	-0.0391543842678018	0.163753827376185	-0.0664742770386138	0.00667638754843674	-0.0622393983264279	0.101446795872743	-0.00571647270864911	0.00111197461043456	-0.00239270832570893	2
0.0617369579146506	0.0179923943158237	0.0152460319939222	-0.0593279094939853	-0.0888564986524136	0.053465536076479	-0.0205646538620664	-0.044830989782115	0.116153323401215	-0.0117531126459612	0.0292448790348911	0.0502937308158649	-0.0338788297771113	-0.00549124299438246	0.061091562951429	-0.0300839369711165	-0.0644794964867791	0.0511462340011245	1
-0.0125362896644142	0.00208150732227899	-0.048560071870964	0.129717666336512	0.0620362405700049	0.0124609478742725	-0.018795478002435	-0.0200797510283533	-0.0989403814438239	-0.0660862627488259	0.0105081778815721	-0.0705181065397354	-0.0554816330178154	-0.134388669863362	0.0119679800896331	0.00138741657137031	0.0349020895326962	0.0680249100504686	1
0.0738756384094903	-0.235518183977995	-0.0601551529991741	0.104363251308614	0.0871709927998918	-0.147124778974301	-0.10476447991857	0.0167845639798207	0.118946869196271	0.216403823485902	0.0696474072429112	0.0360044233665942	-0.0644880946916206	0.266993850551695	0.127002093609788	-0.0870567219053035	-0.192284017779923	0.0598934082683192	2
0.0656006583553328	-0.0444674446177438	-0.110448877564806	0.115025425376817	-0.0247395353692778	0.167808250101767	0.0142885794594507	0.0178775061806434	0.00580889747946892	-0.134484247952898	0.0235715434373487	0.0376481727828475	-0.0935003325264463	0.0978469456063703	-0.0559440325599038	0.107826371677906	0.0718955132346467	-0.0236726355465368	1
0.0212982482771066	-0.0428386142116857	0.0121576304986013	-0.00304813194873948	0.139450181060214	-0.0573372308360014	-0.0545109059970157	0.0035772584378619	-0.0181110614000904	-0.0219769115309209	-0.0195720934389464	-0.134836011147616	-0.0351014552111538	0.0341372703241517	0.0570094662894502	-0.0405662922136338	0.0602344155381322	-0.00610557833457524	1
-0.0191603950180876	-0.136675264426625	-0.12512821791439	0.136054944980189	0.130241287399954	0.1079869811181	-0.00694453228975594	0.0627476550196303	0.0199941613658929	0.0711692407948935	0.0226504065223184	-0.0467268279027437	-0.0911173296701797	0.162616999478794	-0.135853601871395	-0.0707840766462275	-0.0214590141858486	0.0787980428107619	1
0.0118680652410203	0.0868425320364871	0.043576887027304	0.0659058242449373	0.0603926665223413	-0.00260119674663607	-0.0547413925065223	-0.0903073064767981	0.0757653051565888	-0.0425838025384898	-0.0135742797574881	0.0136626864868927	-0.03275408646324	0.0139877095946759	0.0613316697930796	0.0103449901489448	-0.101534235622714	0.0926144084581221	1
0.0340406548134401	0.00925229075396962	0.0481529966891408	-0.0469878168554398	-0.00529812287206224	0.0658703026780124	0.0302974434463319	0.0213152635459032	-0.0461605198018657	0.0213015996518123	0.00732023738186837	0.10210692121078	-0.0604747544535869	-0.0100452718453768	0.0472978597821212	0.032028848860414	-0.0403411477746442	0.0956131455379228	1
0.00131463954664766	-0.0830952794580445	0.132897822977079	0.00375323996608216	0.0325054173852242	0.0617666547653916	-0.0793243898235414	-0.133498365033477	-0.0693195100221414	0.141287550007961	0.0142108172972469	0.109649479563645	-0.0151752559213581	0.0711228268385024	-0.00828025210548458	0.233749293604122	-0.0527297495366316	0.02675919696984	2
0.021181602531279	0.0570274361191326	0.0431576638646085	0.0235130637443731	0.0526421175566321	0.0431426996939645	0.0137947289401016	0.0928702451900763	-0.0251506402769372	0.04354778093242	-0.0445275586435777	-0.0102472955676001	-0.00198560227039811	0.0416958184093714	0.0431980693148832	0.0364732586778391	0.0295136165127944	-0.0185056483420983	1
0.0392998882034504	0.0988110806583055	-0.0399454070110721	0.0335394366820797	0.0047226011318398	0.0163513724468982	-0.0587637712121153	0.0285755586186755	0.0542607594405849	-0.0564903958031974	-0.0434140592508808	-0.0223782029972703	-0.0170039966247873	-0.0535537875778887	0.0239935496537213	0.0257578548358753	-0.0173994792981837	-0.0437293197090089	1
0.00850554400019029	-0.0447938777929256	0.00199894404583209	-0.042732260534746	0.0727558016452039	0.00257449059130726	-0.0273509984256063	0.0549140739708011	0.0609939601745713	-0.0251868159861623	-0.118077268658435	-0.0359759271902626	-0.0276265199882294	-0.0445478139377854	-0.0410389381313728	-0.121643696011337	-0.0108613245613271	-0.0178790020460998	1
0.0502603668217874	-0.087622084984682	-0.0312232074442373	0.175338995687587	-0.0073696024778997	0.12073122680076	0.0593122553951266	0.00694923824861528	-0.00834607892867932	-0.0293384151889271	0.0780696240081626	0.0038204122828389	0.00637130389573645	-0.0190181503182608	0.171322942883521	0.0168163280436932	-0.185771491705938	-0.124994728616563	2
-0.0069164366006162	0.0761278862838637	0.0290498230238835	0.0413868900854712	0.0677786943855113	-0.0504106393934559	-0.00876450236875242	0.0208341901907256	-0.0248015900303453	0.0210479138970904	0.0347940317771119	-0.0440939581983698	-0.0490007323152662	-0.0367180628609119	-0.000340850625747858	0.0644888050352609	0.0350820807395133	-0.0213266743027974	2
0.00250101703515192	0.0811741927934537	-0.00180359648075406	-0.00101766661930958	0.0748256000327438	-0.0612758518756612	-0.0352871185960315	-0.0441205809474059	-0.0484186982402049	-0.0811195167473477	-0.00954773397112233	0.0405940099780008	-0.0574278763719029	-0.0678076524088046	0.0403936331965008	0.0318674203542434	0.0140849453368624	0.0817787610428516	1
-0.152732833283959	-0.0919057574546809	-0.0840578305771185	0.0690065920232795	-0.0026907175837031	0.14914766158489	0.0758477949843376	-0.0453885033642769	-0.0385254870876543	-0.0848263727170278	0.0444365035436545	0.0395940744954445	-0.0708228543113698	-0.0213208588961714	0.00578486698237734	-0.0603652445677955	-0.0667816038993405	0.0313728869165345	1
0.0511522264294249	0.0802041364392815	-0.0104089659582032	0.0256754096824696	0.00907018319376986	-0.0318411076185372	-0.0839814315206626	0.0389781136751872	-0.0267875103494268	-0.0050965359827516	-0.0264149021415069	0.0759656646083545	0.00283006034164815	-0.0334199685960871	-0.00736871464616989	0.0870748346838619	-0.0396651957259206	0.0207373628211135	1
-0.0376148675443604	0.0141578590679471	0.0444422782122823	-0.0242317370457015	0.0682815001854273	0.0288751663379556	-0.0177836782318673	-0.1070567351854	0.00400377617004171	0.06451835186119	0.0647493771056641	-0.0308228281709488	-0.117958015373495	-0.0180032470201827	-0.0429389409151379	0.0368975728868965	0.0372514857753774	-0.121102355704623	2
-0.0393857897918443	-0.0287778140439566	-0.0254376246307276	0.0908782990877409	-0.0451666418574593	-0.00190180333788436	0.0315166343428667	0.00532809366699762	0.114769958456218	0.169245828525793	0.0210493215104504	0.0474124390641872	0.0822892571254262	-0.226199668912165	0.0540339346614324	0.0444562716101988	0.0869810182495581	-0.0719086164589936	1
-0.000422410617432856	-0.0533279761194768	0.0343606069342524	-0.0121645393942978	0.0150676685317931	0.0906258020016732	0.0342818746687551	-0.0165563800264931	-0.0234171869270255	0.00948303526561246	-0.00894684125775281	-0.0323402869942973	0.0373923583078887	-0.140289432861791	-0.0894451179118491	0.0334535130290333	-0.0864892653181307	-0.0365460051131063	2
-0.0503894697727212	-0.0950069213251986	-0.153814901331042	0.0121394253403831	-0.0881265759817482	0.124769029820662	-0.0258309118407677	0.221848777693196	0.023548625198445	-0.198334361823632	-0.0234817324700142	0.0715324373334867	-0.110000058915276	-0.0221024168096571	-0.112763735305701	0.0525894992474441	0.0351683706208032	0.121451256813807	1
