"SV1"	"SV2"	"SV3"	"SV4"	"SV5"	"SV6"	"SV7"	"SV8"	"SV9"	"SV10"	"SV11"	"SV12"	"SV13"	"SV14"	"SV15"	"SV16"	"AGE_GROUP"
0.0125767235306537	-0.00662642549688651	0.0850476009861953	-0.0124104936892459	0.0786610743453735	-0.0414735981498971	0.0712357662288215	-0.171754083008227	0.0783247553731464	-0.096104080912282	0.0490281641846375	-0.145386733337913	0.0674459748155454	-0.0212368568848448	0.0351254498890758	-0.0371748948932643	5
0.0752959045155406	0.00953825744097683	0.137038997726507	-0.0219798039492877	-0.0256594869115262	0.0511065743676459	-0.0894332759519667	0.0774784998717662	-0.0435588512544898	0.0202597417721265	-0.0110525214456899	0.0417123373592103	-0.0425556130882789	-0.00157795875020251	-0.0188792497780974	-0.0516868405175885	5
-0.0089672756125444	0.0252869613970121	-0.0265551873805412	-0.0214253079630918	0.0600130834653842	0.0373853770680764	-0.0149771347498544	0.0550321879628183	0.0977236490577309	-0.00986451640499189	0.0426235869264945	-0.0305635043527935	0.087349360476401	-0.0310922885525601	-0.0121112801366565	-0.0356989760403381	5
0.0241275341645759	0.0859170292368811	-0.0111171224039766	0.0740369067301406	-0.0723805725550783	-0.0672883856912472	0.0165159029646373	-0.0266457522821486	0.0154760671694617	0.0241612399763246	-0.0246730251371998	0.00447546571573929	-0.0139529116890178	0.104257076805256	0.0312660952559512	0.0342475067983281	5
0.156715661436669	-0.0433168898883697	0.0781839854040918	-0.0729486184616902	0.0205145974511027	-0.0452819842235966	-0.0102067192351194	0.056886527885743	0.118569096567175	0.0407194662435702	-0.151352256651307	-0.00262941977735437	0.0374694898582283	0.0796161402748361	-0.0485759239040074	-0.00313445755314194	4
-0.0264729326019288	-0.00832001131778037	-0.032142511839692	-0.0370976651163975	0.0456994850722048	0.00678286994632551	0.0150627413194837	0.0900789818053145	0.00797110877030969	0.098320564136844	-0.0172196497733254	0.0375916783665633	0.00296878721441254	0.0676397219489214	-0.000284347252902245	-0.0271341553606418	5
-0.0463881069156539	-0.0110663256085475	-0.0215235063636432	-0.0764179416885733	0.0119881281379488	-0.0395299277555582	0.0492840910229167	-0.0745132661882248	0.0796959084805446	-0.0516822849796611	0.0319801769035201	0.0138556437561672	0.0276973392255629	0.0631078183627895	-0.0714341448011262	0.00926992493112505	5
0.0222524923511245	0.0151176104302044	0.175925753362873	0.0369140106738601	-0.0321946833579681	-0.0429047024061924	0.0914968889496755	0.0642877257255264	0.0247123996047073	0.0531268980616835	-0.0101360000119632	-0.05508515055245	0.0492691710920741	-0.0531762846663427	0.047864401870162	0.00717641812712067	5
0.0317545429286628	0.0486996517449275	-0.00612535131555955	-0.0503189327591206	0.0380935348879495	-0.0171941016925692	0.0168823373864534	0.0334380990278443	-0.019567119978607	0.0300953495030618	-0.0374143582418701	-0.0194923736644236	0.0282213214492461	0.00664829484086729	-0.0393966153547144	0.0146364850154238	5
-0.0508273806418639	-0.0824329494605592	-0.0106597504185188	-0.0149949739702853	0.00741931555911973	-0.0814491848327153	0.104854424371708	0.047474795029475	0.0255197771985368	-0.0732162243407912	0.0565659999029523	0.180382038588107	0.0360068429498335	0.0720343775109053	-0.0780500510060019	0.060742059896202	5
0.00953210624888604	0.0626386668846901	-0.0492197582949292	-0.0598361418419408	0.0343191728033546	-0.00249636752478849	0.0165148673474074	0.100930967794073	-0.10397778318784	0.0799083103347293	0.0388045233953559	0.0261605676355563	-0.00270370297176226	0.00638782006674603	0.00635247307014481	0.000169340004794988	4
-0.159358895530699	-0.00128898048668063	0.0635942036415906	0.0713301737839286	-0.0733985862903216	-0.0423999375239031	-0.0380052430436756	-0.0607068908325583	-0.00385404238959482	0.203215449766493	-0.0346651764035529	0.0392593674943336	-0.027087173061915	-0.0241630638829274	-0.0125543839434194	-0.0689246258321952	5
-0.0221275398920245	-0.046099025250487	-0.03124081479437	0.0874396999618423	0.000364767848962527	0.153517914446694	0.054607460865562	0.129599890551244	-0.0150384046817482	-0.0797920744438295	-0.0231366737495449	-0.147941699837173	0.136709391092995	0.0810624424530941	0.0778396209168492	0.134745486039546	3
0.127128829142599	0.119467351832249	0.0742839595754171	-0.0513966519434532	-0.0114387782026547	0.661416793274442	0.393372070931518	-0.368070070826818	-0.0896536492530304	0.147299818819298	0.0479889978197423	0.176233589159886	0.0643856167696324	0.0191923625604764	0.0343294636212847	0.129893908850258	5
0.0727302828976508	-0.0391039639373207	0.0362926294329836	0.0148499124556336	-0.0828745854096014	-0.0910643624169362	0.0846241081806212	0.0408221839159902	0.0248628670061203	-0.0517946263586856	-0.0707443025594107	0.0230518404355561	0.0388508572756273	0.0769195469974867	0.0162460575307494	0.0303106397657533	5
-0.0431022876732895	0.061870577559161	-0.0468513672175788	-0.00518609803430496	-0.0644244019934385	-0.0250995080009632	-0.00818976396646601	-0.0423590989710759	-0.0228790303977412	0.0611638449885016	-0.0449613043784827	0.0458966201734428	-0.0435620864257011	0.000835811725935831	-0.077679152599791	-0.0300700795300223	4
-0.0684730460968524	-0.115062854924794	-0.0257751727434196	0.0452614980217034	0.0578866576926562	-0.0437673803697627	-0.0218819212993322	-0.0740867202326851	-0.0184755111331975	0.0610551999882672	0.0526560204427432	0.0331114309394415	0.105986286309025	0.0314192159595283	-0.0291645685566494	0.146369126374376	5
0.0362598745711408	-0.130004568332815	-0.0657413329647659	0.164198031176018	0.0486907484860293	0.0370812695821503	0.100082804743183	0.0592651082109342	-0.147908080890138	-0.0501122177808951	0.0650280260430108	0.117642344693567	-0.0395716148523741	-0.0854312791834597	-0.117911849321397	-0.328604844799931	4
-0.0419490192192062	0.0927502664068896	0.015049508849429	0.0840601860544784	-0.0711274244725612	0.00846853349194147	-0.0412443774119167	-0.0484848595819935	-0.00598618602683881	0.0227016292845554	-0.0191049508179355	-0.0209657575023147	-0.0571513153778537	-0.00713318691614594	-0.0623600240855973	-0.0467236560058251	2
-0.0152521670799822	0.0415921972972963	-0.0532275323325651	0.0180345580124339	-0.11244842297492	-0.0216465739208767	0.0441516784696269	-0.0148339884853116	0.0339874587709601	-0.0245339590908248	-0.0832805268424931	0.012792945862377	0.0114994850902581	0.0179327472606118	0.112136650734523	-0.0322607270134082	1
-0.0670025343236018	-0.123797871920886	0.0933765165123865	0.00348026467478006	-0.0252410036302916	0.0182975850159255	-0.0300087474119359	-0.0210600748477569	-0.0348565855812088	0.115321439479902	-0.0575754641105405	-0.047718439806149	0.0482480348486431	0.0484286218630326	-0.073845503498515	-0.0618232645071358	5
-0.0189783875647803	-0.0182821331335805	0.0275773615249524	-0.0929304861017125	0.0135267948317992	-0.0471756171990724	0.0692952617543346	0.0252414832745297	0.0367722070799334	0.0124794917897159	0.0733678690474046	0.0783155396363913	0.0685392576960136	0.130394872424525	0.0199329564117354	0.0185823658284304	5
0.00029835917439037	0.0435989545647624	-0.00380331113941048	0.104883133736615	0.0131099713844739	-0.0382634297968477	0.0243278224011815	-0.0318103175454543	-0.0130300293728691	-0.0131105254675972	-0.0431716874020913	-0.0710428459704114	0.0309103176561389	-0.022589642228183	0.0374581923906729	0.128936928681542	6
-0.0300474417045148	0.0524880621545668	-0.00230889714802923	0.0632736057530642	0.0472854459993385	0.122341643004073	0.0166231460337005	0.111880010298261	0.116972706601392	-0.111996765934159	-0.0712963549918272	-0.0108600824270273	-0.081919032366799	-0.0427067049373189	-0.0284388492826988	-0.0587099358711243	4
-0.0425096164196805	0.0247656445976287	-0.0143355084078521	-0.0477273724477204	0.0826435526779846	-0.0455666569864924	0.00357195711371082	-0.0791324416470661	0.045956688199342	0.00492278384949708	-0.0872659181458453	-0.00855411045311942	-0.0323520176678321	-0.0793635572563109	-0.0819210297779598	-0.0155144817427105	4
0.0275866028759629	0.0768666913481949	-0.017878394281479	-0.0294076259964966	0.0132614825880316	-0.00788886035613675	0.0236590606512493	0.066099603029377	0.0835674342418868	0.0354925333457017	0.124488125957378	-0.0337395045861472	-0.00109689271208332	-0.0725192312699387	-0.0130989432528856	-0.0622261698599799	3
0.11185954092182	0.0278951748969241	0.153220494328901	-0.029963243457024	-0.019362776232562	-0.00683687343567029	0.0399094922959197	0.127958099626899	0.0264873431240995	0.0784199453123751	0.00603826744851654	-0.0207249523804936	0.00814339563558986	-0.037625781272898	0.0367715890430371	-0.0340726094018036	5
0.0269250894295553	0.0346932200859362	-0.0333131134692942	-0.10482443407665	-0.0339347542898729	0.0393574476549458	0.040271198167458	0.143800998823849	-0.0309214374672034	-0.0250611877745173	0.0105615482451611	-0.0593584288273519	-0.0465329419961562	0.0785045849521738	-0.00490807047525849	0.0357816004536328	5
0.0156939757801073	0.0678946932371654	0.117590538838141	0.0836882850418092	-0.0647202643541071	-0.0502046270495843	-0.0526877276269173	-0.0473689178645023	0.0630193731650016	0.0129761316052071	0.0809817376381795	0.0274576247755335	0.0455346652555691	-0.0609072792452822	0.0277061258771615	0.0217333852121894	4
-0.0894632688791021	0.0103114690311951	-0.0297146123914084	-0.0673459222924705	0.0751939896848705	-0.035321981700198	0.0106104965883873	-0.0351290182565824	0.0159988647888894	-0.0290819871365789	0.0325317906988642	0.0952370253309869	0.0634307779775503	-0.0393241837205138	-0.0179020440234338	0.000297229482839112	4
-0.0149228375844145	0.0756661082232455	-0.0362110906605162	-0.0127184831804596	-0.0163598690332333	-0.0131017320390106	-0.090416337085783	-0.0390526102966783	0.0206486736361757	0.0293118883918234	0.093799682311755	0.0692010283329336	0.01458539694905	0.0164505244069899	-0.00372419994900797	0.00290765423510359	5
0.0642153693276838	-0.0728677464470505	-0.128072144389134	0.014974937360798	-0.00015330038066936	0.0178384632815818	-0.131451602085991	-0.109969192559935	-0.0879844160279852	0.129412786106839	-0.0665784919553244	-0.102788516607589	0.0305527601718522	0.0139761976629597	0.0186804313734829	-0.0365710580194648	5
0.0171106955209839	0.0136211099015416	-0.0156718302887831	-0.0734161690783478	-0.0564679049068682	-0.0477313122521009	-0.00808299100105081	-0.016931414524042	-0.00893662414848695	0.0683294561495244	-0.0341476717582532	0.043366437365322	-0.0504542826760815	0.0540916899550471	-0.0840267980040722	0.00463286749722444	5
0.117247163211273	-0.0307877985069612	0.0768199790549589	-0.00389918233689134	0.065452627397299	-0.0532301229495641	-0.0171324668900141	-0.0860185201072667	-0.103627731878649	-0.0228503549364387	-0.00965311414815633	-0.0869685635652283	-0.0147065797917182	-0.0782009977196969	-0.0583875581072359	0.0882512381832509	5
0.0343950133419444	0.0106148955713661	0.159120252571791	-0.0198966162556343	-0.0377301305783329	-0.0227513464925252	-0.0161806878233917	0.0330750125102107	-0.0293409189194137	0.00166432672875859	-0.0286433548693284	0.0656924972663332	-0.0464905689558336	-0.0796134296737989	-0.0663790939387165	0.0236936804203796	4
0.0259498537679593	0.0485125617798528	0.113333093098195	0.0329427216378842	-0.0545854778006026	-0.0465448771984959	-0.015398572007407	-0.0300751953638299	0.019347954174922	-0.00598054934417711	-0.0300620844947099	0.00450779645496585	-0.0701631728056692	-0.0628847684078362	-0.0912642615534165	0.0198007476403669	4
0.0905125320184863	0.106748680921371	-0.0275271788752878	-0.0577783105842666	0.0071033541725883	0.167480532370465	0.127928693941987	-0.133878834088472	-0.0338608607155551	0.058304207555259	-0.0481702439286779	0.177297601994584	0.0176284322808411	0.040520113577637	-0.0158107303559656	0.0316307070881955	4
0.106168304630749	-0.0765339484475013	0.31917404817071	-0.0417879886789539	-0.0644349580587987	0.0314396497418476	-0.0375921605853624	0.0841604820364816	-0.0510992068682348	0.0727821790573263	-0.00415390990330644	0.110502137522507	-0.0158829626987817	-0.197540123605731	-0.0886918857435377	0.0683590642560826	5
-0.0372565869093584	-0.0815821608394844	-0.0271090288004829	0.0121780311983256	0.0849679409313379	0.155288401835925	-0.0184346760821472	0.165445442932262	0.17784550584643	-0.0471075461571577	-0.141947034203665	0.122742587740293	-0.0421604549133098	0.0207988630209353	-0.0534104604686414	-0.138353727787752	6
-0.0115877575257035	-0.102411553677645	-0.0110109467626319	0.0437850917504416	0.0316633667503265	-0.0516335309260671	0.0406894389151049	-0.00532353187579032	0.0642603985984673	0.0696349690740297	0.0448312966647945	0.129831568741259	0.081280677219159	0.0563590672030243	0.0610951401517196	-0.0341101960659629	3
0.0439449543434516	-0.155727289696574	-0.103297132148803	-0.103741059603262	-0.161922929463473	-0.0413957486508283	0.0911495323246061	0.0639720297746005	-0.0308215457334165	-0.1152599311862	-0.0818519950351758	0.0891311416152382	0.0237301566884573	-0.0586184254401672	0.0684433746650528	-0.024248795353777	5
0.0433985719197591	0.0495053737897588	0.119747901436763	-0.00716308995575844	-0.0428686845176919	-0.0557369000146838	0.0213414395502835	0.00653517386131092	0.0449435738656212	0.00142501357844397	-0.038521667710247	0.0300163910848618	-0.0643609999056193	0.0114941599497552	-0.100625601153674	0.0439643258263628	3
0.105528275651597	-0.0340376114960944	-0.123201219433499	0.128992573502532	0.101526347033274	0.0648312054955632	-0.0737826455487542	0.0728247533945835	-0.0203464537654885	-0.00598578282829599	-0.078491055302933	0.086017253745938	0.00174665833171408	-0.0511307807186004	0.0135282380954911	0.195327420210632	5
-0.0297309382567158	0.0594618332529767	-0.00520704290559802	0.0589292935845044	0.0142113263919312	-0.0469607932226317	0.0200754308082587	-0.0329680495362156	-0.00690657329306377	-0.0544639006585496	0.102065173955275	-0.0256046366820186	0.112940201746717	0.00400426976775865	0.00113643524468928	-0.0210425003998495	5
-0.0364428709547171	0.0701837796927316	-0.0268265577748822	0.0165227651721322	-0.00136306707951097	-0.0201298444403165	0.016438858766012	-0.0131391030041282	0.0372250357948062	0.0364297507074993	-0.0319955680911029	-0.0388486321999994	-0.0333914914696134	0.0200805413619127	-0.0117009623685593	-0.0163439771121623	4
0.0476615360983906	0.0330045194637635	0.0432454881687018	0.0343629035602519	0.0352933953712398	-0.0289895199237434	-0.0194591481247123	-0.0177199542483263	0.00301934133752305	-0.0213647739709529	-0.0819666572207165	0.0012858396207218	0.0435914317742878	0.00929753385434287	0.0196728344991214	-0.00247598467771495	6
0.102418992395909	-0.186101150310463	0.00286624791251961	0.00591933780172737	0.0718208959547329	-0.0760644843020325	0.128494259081368	0.0490261077579729	0.0107912389173335	-0.0409270266151844	0.136741798304912	0.0957879811928988	-0.0167992056103812	-0.0153390606148328	-0.126729661615907	0.0152653920890492	4
0.0730490918704761	0.0623865799588821	0.0307852342736966	-0.0481373646935648	0.0165973166576627	-0.0498291472187834	-0.00441166798991745	0.0349092973331218	-0.0183947006172633	0.0197166708926862	-0.0386534373523552	0.0558729695506199	-0.0162871890617676	0.0366100055395672	-0.0329132341032808	0.00758854969180072	4
-0.0561316636050205	0.0168383707768219	0.0406737641640685	-0.0777811859258644	0.00360936518465887	0.00425231492887476	0.0721559859596458	0.0799927699225347	-0.0204654894310345	-0.061627718133478	-0.00603744351407741	0.0531986888825135	-0.0453035355600669	0.0315872838607459	-0.143939148887313	0.026072027483265	4
0.0747139982726803	0.0031896466013618	0.10964112474018	-0.012374206233196	-0.000235888176762764	-0.0758406802235133	0.0785941845646372	0.0440356251133558	-0.0297526732975001	-0.0844058058522385	-0.0361729498959482	-0.0172589075924344	0.0409982464766346	-0.0437892068604589	-0.0320346035860478	0.0619210078164602	5
-0.0182657782983262	0.0351267882524913	-0.0312499754427317	-0.0449058037152863	0.037531540718679	0.0296068187517135	0.0201504783518665	0.0531260834383585	0.0900274588432327	-0.0496895220121183	0.104524830853591	-0.0436877829740998	0.00401572534338836	0.0286245912615142	-0.00788874150200207	0.0358918301947961	3
0.00357643980199336	-0.112563578740409	0.07221271950887	0.126889168588633	-0.0202133594225617	-0.00617011633728158	0.118956031473508	0.105306025085228	-0.0675368238064396	-0.0483020124404745	0.0235029490161366	0.0501610693513671	0.0136101195243422	0.0184606940493928	-0.112133915927075	-0.0342340608239151	4
0.0192101526681188	0.00461075730824303	-0.043334573087955	-0.0528425398549235	-0.0223666023834025	-0.0614627710673925	0.0113633131799181	-0.0424809817656182	0.0617452156785827	-0.0298587670724602	0.0749798830012514	0.0415046246107804	0.0134396529791087	0.131560005347908	-0.0397606602209783	0.0456541363623231	5
-0.0195677261983431	0.0186121584326673	-0.01191463444706	-0.0708211782560765	0.0125701086822153	-0.00741342235858273	0.0105286713554489	-0.0545096074481106	0.0287606805259566	-0.0547523068580374	0.0583630912234411	-0.0277753111385761	0.0839612289954889	0.0539517752012706	-0.087137896329952	-0.0421365366563603	5
0.013071799874719	0.073784303728366	-0.00363404504101143	0.116239210177431	-0.0280491593420494	-0.0668082629085198	0.0926195294822093	0.00956938345138695	0.116936055278914	-0.0934864303215313	0.0999647210341341	0.00341270003816767	0.0345393831901325	0.0651158847242614	0.0566327559560122	-0.00311165109005915	4
0.0190862734239755	0.0709442406008448	-0.0032916150290576	0.0454394666660378	-0.0737520628409263	0.021510206940127	0.0444224898299388	0.0229845442095317	-0.00625919620250247	-0.0161267381564085	0.0288608983674584	-0.0971232701305401	-0.0292500997776477	0.0557570080573256	-0.0244871925790026	-0.0534135819222245	4
-0.0998558260134681	0.0304745682954016	0.00524575845278301	0.00185951555691185	-0.0285547778200084	0.026181881069556	0.00998830795237549	0.0679192862582072	-0.0678652640260662	0.0478488480087563	0.0252825921942293	-0.038220418594679	-0.0221938072822358	-0.0366866821363767	0.000733274850701073	-0.0343394286986698	4
-0.041078671176385	-0.0573997743197035	-0.033433978334444	-0.0834337520895862	0.0465530633956714	0.0181748614694178	-0.0147184215361981	0.00566220705471109	-0.0183382963215705	0.110883467225174	0.13729352682426	-0.042379069070737	0.0474581772430783	0.00798204812985245	-0.0207875379388354	0.0280030901612594	5
-0.0390890991811866	-0.145328047716322	0.0644923044781767	0.00419770504081323	0.0793974953913252	-0.04023609709834	0.0486259382186445	-0.0178234801139625	-0.00458374847102578	-0.0446874922116207	-0.106867645322316	-0.00168837321170345	0.0553432549884095	0.0837273079437028	0.0266402915904015	0.0823624700941855	5
0.102757370669404	-0.154363762514955	-0.0455759817200461	-0.0210014654072866	0.0535802675133429	-0.0449390312076894	0.0740405768154784	-0.00682830250298894	-0.00979636098656457	0.0783203814606251	0.0412846733688987	-0.0135784144189259	-0.532954700889451	0.0157176735477125	0.167292067613565	0.107317058759322	4
-0.0246066259184816	0.0726457549117781	-0.00360519058193244	-0.0576502762560729	0.0354022978887601	0.0321737167477823	0.0283682081414167	0.081854353494597	-0.0364633415687985	0.0231398993153745	0.0270303579932991	-0.0301972137721081	-0.0558288736654363	-0.0659683003212788	-0.0291127872360622	-0.0323825246296628	4
0.00255802161146665	0.0619500611737346	0.0401762913834232	0.0114909392648697	-0.0122404787971047	-0.0348113022597933	0.0400060610622727	-0.00758372564785771	0.0110095418632678	0.0060333656592849	-0.0382662818515955	-0.0201513169935608	4.4300604460589e-05	0.0427581458901855	0.00488936173201764	-0.0583233688649067	4
0.00862241655491817	0.0758475526932519	-0.00125451935458803	-0.0320949608385254	0.00378130413119688	-0.0454807098290254	0.0695809686118316	0.00286213047915338	0.0546962956872014	-0.016640819789797	-0.0437337405515382	0.0281786682656538	-0.0621460106591858	0.0244882670005405	-0.129272925435318	0.00165300503654752	4
-0.0173743327359875	0.0990942252126873	-0.0175228334937898	0.0174391773354683	-0.0121631045227579	0.0352921874028082	-0.0111343355191597	0.0549473425099295	-0.0331984839490235	0.0365194234492006	0.0149320792754183	-0.073174998098434	-0.0292631233901759	-0.0108359456725923	-0.00842838696789923	-0.046295265680696	4
-0.0918677793387953	0.023290212027778	0.0967492553379971	-0.00144741321689088	0.0193257355647897	0.0323539640789407	0.0300059812440713	0.0305601761268995	0.0354497046888292	0.015051180217327	-0.0226663494801013	-0.00913604179400495	-0.0501210604097719	-0.0464328400251193	0.0578834931124723	-0.0743026672655986	5
0.0559429388704742	0.0780976465589895	-0.0257580983203134	-0.0861888729501003	-0.0416097971694248	-0.00435367914186657	0.0420881945840862	0.0654851626074736	-1.76284473759869e-05	-0.00504479897835128	-0.0368777529233329	-0.0115450048520403	0.00747647771149615	-0.0518396616249748	0.0981665944292561	-0.060718353575766	5
-0.0421574098737757	0.00560834801164543	-0.0154435441665174	-0.0849541930660309	0.0701384522163375	-0.0326722943479398	0.0321224495286307	0.00450195222595194	-0.0116296217990981	0.00792240473853006	-0.0632982483966762	-0.00492845753690759	-0.0124478164499669	-0.0329446339298621	0.00504001285783712	0.0345292692002826	4
0.0806373825715042	0.0125007496174456	-0.0865489660179195	-0.0156654984044471	0.0294851610601357	0.0110728755412367	-0.0289103448244369	-0.00659796225320049	0.110385211077096	0.0376117017845425	0.0488268552768246	-0.0380578609360034	0.0914569457797775	-0.0768458811347866	0.0448236191703674	-0.0103625494395123	5
-0.0108049929580324	0.019653801545413	-0.0504311703467465	-0.042191593625044	-0.20138564076796	0.0032274955635704	-0.0466197780115635	-0.0556507468070022	0.0747988720333532	-0.0563753315919577	0.0355135915960552	0.0134391576674351	0.0609892977415038	-0.125104249335547	0.189985261347013	-0.0113481347161603	4
0.0600478875594638	0.093854573743923	-0.0219127448147661	-0.0251678819343006	0.0230235951834911	-0.0476201121898788	0.0168170323775435	0.0495945859969791	-0.0502171587936559	0.0458377190840965	0.0142229210881445	-0.00289244315723211	-0.0123834278206244	0.0356903278565012	0.0244105533177529	-0.00461091497203188	4
-0.00548657471752916	0.0141962502354098	-0.0323582954842262	-0.0557181887431673	0.0885399870329519	-0.0226159225811643	-0.00632152719438813	-0.0904423294024616	0.0115291430021566	-0.0134495890519135	-0.0767655066839453	-0.0393753065222165	-0.0374510366877964	-0.0220731986426007	-0.0149514624496121	-0.0560313719190445	3
0.0461150892733092	-0.0411231450150889	-0.0758912935720258	0.072255721638802	0.064882899645876	-0.0101106472732483	-0.113248750761285	-0.0542405807087051	-0.116980788004793	0.163648155393512	-0.0565330251169472	0.0485100879877941	0.0899622714035932	-0.0149937032555638	0.0775739614657372	-0.0265019783013478	5
0.026170037059304	0.00146120743411181	-0.082752373665776	-0.114372295892121	-0.139220379544446	-0.0371261014615643	-0.0496435929656851	-0.0014942906613918	0.032358940911523	0.00568409640649662	0.0483395022521623	0.112584388938128	0.0443116237099205	-0.150589441392128	0.194872670787616	0.0338039175859405	5
-0.015967191750138	0.0800886625769933	-0.00538523286145059	-0.00945683549608848	-0.000574655813323636	-0.049360650800596	-0.0354600086900436	-0.0220235855843316	-0.0721496806029191	0.0281773558502144	-0.019902448449496	0.0685019008208882	-0.0300371308879839	0.00691013251107379	0.0448618755844603	-0.015652289621017	3
0.0437196164930178	0.0359207374225558	-0.0523693954088865	-0.00569604156534608	-0.184912580599622	0.0191794092251169	-0.00197595943879411	-0.0133105702682203	0.00113430188197611	0.00616059033234834	-0.0474564462247113	-0.07763669596063	-0.0326856579404252	0.0397784487119455	-0.0256274761746561	-0.0264280255365905	5
-0.0339280328289919	-0.0145448463613992	-0.0663740694135261	0.0489571705122509	0.0594016140026269	0.0238570343173702	-0.097445950487092	-0.0549027832638785	0.14086040954341	0.0960187704912938	0.0417332992160971	0.0867483927839794	-0.000297426356282966	-0.0102486040206311	0.0939776734424517	-0.0490358834946467	5
-0.0220093727549778	0.0467278143603847	-0.0575605634400575	0.0266121759856174	0.00419881298953406	-0.0716608308296144	-0.0456476325870943	-0.0168476617962257	-0.00315462656764138	0.0576451156360699	0.113064865932914	0.105950963007303	0.011228885074208	0.0452709589188149	0.0416280518771785	-0.00272987883281585	4
0.0517643720235078	0.00319947030430425	0.0663325438603273	-0.0274430903818757	-0.0243932492466424	-0.0637277502966743	-0.0324598186366152	-0.0144994787425375	0.0854788869771275	0.0472432234615844	0.0846606663198128	0.0446900435830085	0.0140224160485761	-0.0445833822086267	-0.106749338785351	0.0351146030033967	6
0.0253044889306574	0.0574572124279279	-0.0552146879561818	0.0283777737739473	0.000176170724583431	-0.00560105448317329	-0.0715485762651654	-0.0939475258620195	0.0117134717470429	0.0204212791286257	-0.0352331171044506	-0.0666281454254569	-0.0298091540698103	-0.0214937195487117	-0.15397053578197	-0.00467549718055233	4
-0.0564132389389004	-0.00149765398754191	-0.0569442041781214	-0.0972211102085209	0.000572683110562755	0.0167521218036011	-0.0482721566663264	-0.00136293189248041	0.0082532551849961	-0.00731937311846417	0.0871066693700067	0.0942641327823729	-0.0348467579047259	0.00927646973478145	-0.0727738228102363	0.0178637573712683	1
0.0404185020060392	0.000855676591361016	-0.0644487092182756	0.0120177705359103	0.0303444790815508	0.0250913938239511	0.00256645181208373	0.0133026796852563	0.141941660102126	-0.00754163316621446	-0.104123355844854	0.0721733954364779	-0.202121408668394	-0.0772698230598417	0.0868148348978888	0.0902540919211512	5
-0.00628400542177986	-0.211609572409261	-0.154281651664433	-0.0242155499397969	-0.146590848068184	0.030849656531192	-0.0480557021891826	-0.068821539583683	-0.0854603822706702	0.262414607902532	-0.0684409786063803	-0.0385867267640008	0.0752680243395298	-0.0357569082131886	-0.267064906987938	-0.0161876603549822	3
-0.00556223820863975	0.0264628506636952	-0.0580752494031174	-0.0839007171205999	-0.113520606149566	-0.0148383370058107	-0.0142940660541576	-0.0458714910368945	0.0296475378068241	-0.011699981857323	0.0665470419391162	-0.0182082760945099	0.0670102449292028	-0.146541967964834	0.144412798645729	-0.0650240302249205	3
-0.104687035502587	-0.0605255323528584	0.0368219693241117	-0.0449354954734806	0.0294011371221672	-0.00768404377066053	0.0189705312894369	-0.119188292131144	0.104202134378356	-0.0791805606669931	0.0118861312674104	-0.0664510927926995	-0.016053503392241	-0.0257570257393929	-0.105599821328739	-0.0182435376495852	6
-0.0839069868148884	-0.0260547222894251	0.00345123966152759	-0.074739633360692	0.0139097076168734	-0.0111275312037165	0.0125907178211293	0.0722950276907572	-0.074762358196142	0.0574441120051429	-0.0103734726897511	0.0809939374073511	0.0164198972148758	0.113614040148281	0.0599887354086908	-0.0304900601690151	5
0.00836417727644507	-0.0092066647761226	-0.0743296272526475	0.0217113301776196	0.120300269660993	-0.0177994314400086	0.0395848636623287	-0.0328338799273452	-0.0245254577556718	0.0182277854815445	-0.0667059340356736	-0.108888222169262	0.05616385578205	0.00194793021620468	0.0522856791918559	-0.137451312956963	5
-0.0434786930043509	0.0071045440074238	0.00455481449985769	0.0285527397351893	0.0136847994976423	0.00345127622195686	0.0186974574690425	0.054793158343956	-0.0737086518227685	0.0749333480092	-0.0487858399211437	0.00269993032172835	0.137850676545354	0.0495983607928755	0.0759959337679783	-0.0647313176463395	2
-0.0992470180830841	0.0177444854523818	0.0107811617704623	0.00358188633401758	-0.0193252328974905	-0.0311881045545388	-0.0195894692469555	-0.0590426901678604	-0.031022695954015	0.0898413910891952	-0.0446514481211044	0.0135272105231665	0.00989300091337253	0.0173283271457554	0.0453427496713833	-0.0383545961003251	3
-0.0253926071644396	-0.0290230686371011	0.00333738223851261	0.0017187841527734	-0.0167087203665056	-0.0367879232877599	-0.030075576573556	-0.0190010557443937	-0.00378660775564939	0.0427121701638631	-0.0571722726044318	-0.000883171857044762	-0.00293660433941836	0.141723883522603	0.0597231476750047	-0.00925513670590171	6
0.0392869449102399	0.0332712433476091	-0.0391966380865035	0.0510129680829826	0.0200217928797928	0.0515536745189877	-0.0177026503614665	0.0733495780423349	-0.0304544071648438	0.0358532189925543	0.0104293936972952	-0.128434711771938	-0.109416523586417	0.0683591872397507	0.0739828152847643	0.0994537528355026	4
0.0432338997640864	0.0685971301736093	0.00210537713718967	-0.0612457288677619	0.035009534110197	0.0192219171402583	-0.0114871789096522	0.137692995752681	-0.0916611642816478	0.0589525976867966	0.0299238016838719	-0.00519833264539094	-0.00285198452093333	-0.0144018523701962	-0.0103298572271627	-0.0361544176816264	4
-0.0397016148440759	0.0225100948413097	-0.0465917986786761	-0.00271291657363911	0.0718879718819266	-0.0446540118582693	0.122741981654745	0.0490842992715095	-0.0124333779165803	-0.00780409383170187	-0.00855432062657275	-0.0759143610426924	0.0571055477827983	0.0194114577987163	0.00776083523648759	-0.0383099682430723	4
0.0144666175598968	0.0593535117443971	0.03102629963904	-0.0355261725864449	0.0210133010921112	-0.0492665796547884	-0.0176736115101857	0.0153825622944078	0.00257302755584095	-0.00512569605945108	0.119470733887826	0.0494258271713638	0.0218749072323139	-0.00449807844061465	0.0321278073186688	0.0453300435065809	5
-0.143695393315236	-0.111223583486743	0.0875169877312141	0.00835297703246468	0.00383613189397893	-0.0214724330185969	0.0270605854836165	-0.0559724096041869	-0.0774149571673193	0.0280838545832809	-0.0188339302742323	-0.0844804336430918	0.034320008880772	0.0447290489003304	-0.00216919670030047	-0.0308540771596914	3
0.0136351550656697	-0.0762315192992757	-0.0240539721641475	-0.0629773128587458	0.044678735546439	0.072432019196938	-0.0752342220618111	0.0602170889901473	0.0772643698097639	-0.0246437685928776	0.0470653743505303	-0.00316550557547962	0.0131503122015535	0.0708460654337639	-0.0268631591642769	0.104422692412255	6
-0.00824925312843392	0.11005258487915	-0.0552937731710014	-0.0233028508540287	0.0451159345948156	-0.0455694684887655	-0.0194483956223267	-0.0389515257676787	0.00394600720293489	0.0494148071654578	-0.0471740291459393	0.0877054223528432	-0.089926213099862	-0.111365103348408	-0.0385930151464266	0.00814611142834108	4
0.0120397048272238	0.0841038779950575	-0.0145837480323516	-0.0569822388435359	0.0416581847678809	0.00866007904895935	0.18089451501692	0.202252934267936	-0.00634558145511378	0.110985868306535	0.112877556965207	-0.189184047401817	0.0159047312236905	0.0335405354725017	0.112704858156003	-0.0470384319785323	5
0.109002472973962	-0.0164734185611194	0.0436669374824151	0.0486544078047497	0.0500516887924378	0.0212303320621545	-0.0485252307682776	0.0605166742366827	-0.0518809474781226	0.0360386273500044	-0.0710748593770744	-0.0298943568744037	0.119624546200532	-0.0107702143372093	0.0487960019391119	-0.0776443740088073	5
-0.0596068589487658	-0.0269063191088098	0.0203364763970113	-0.0720520791756449	-0.0564418515965996	0.00557583413355455	0.0488633938312891	0.0843008172090603	-0.0326920908863724	0.021014242123515	-0.0233692493290015	-0.0056254275912983	0.00744501597011342	0.0181752066142526	0.0696674567495062	-0.0426978778483295	5
-0.0969168465747403	-0.0600342238432277	-0.00914594380648582	-0.0219329104336998	0.00540716916757367	0.00934276201837672	-0.0128347209485301	0.0577412859921542	0.0319914795945848	0.0376691866012362	-0.0667547536850951	0.0529912133960075	-0.0379299996524567	0.143330509292143	0.0356275910359114	-0.0035622195157712	5
-0.0346248954125401	0.0681126688170857	0.00903509185337734	0.040170807978832	-0.0307665565852813	-0.0160408282539397	-0.0444595134533208	-0.0273431440590123	-0.0435508172866745	0.0455013103457947	-0.0310576078084643	-0.0392283354985252	0.0246391440236856	0.0179570699939699	0.0313742982603012	-0.051810382078985	5
-0.0450154774235505	0.0750055771498721	-0.0348731081604597	0.0359778456483235	-0.0512282183080639	-0.0633950934696492	-0.0364359898252671	-0.0367075390937897	-0.00814438870552744	0.117947374748522	-0.0428731779968194	0.0215742039155696	-0.0253857964417975	-0.0013209373662776	-0.00903824743887849	-0.00470548538964646	5
-0.0527707749773816	0.0727747754958618	-0.0376669119310511	-0.0115034905562991	0.00892907732363734	-0.0114154747964249	-0.0255600247800969	0.00407491717634925	-0.0356383037966382	0.00893249029754376	-0.0428251487001126	0.0393538298982079	-0.0283420913769678	-0.0342485547525937	0.000974145480857504	-0.0256282574854638	5
-0.264699701882197	-0.0534022792361825	0.017492164124087	0.0763231548950171	-0.0155128690856804	0.115784761778975	0.0489615007178992	0.141718991607384	-0.149137494971571	-0.0446352236010284	0.0696178998562672	-0.08402002335463	-0.0140835636783661	-0.0856055627874711	0.00903184228101789	0.0428196367621174	4
-0.0127091131972116	0.0608242982720999	0.0313333127310473	0.107803903681413	-0.104202639985411	-0.0202702895068084	-0.119164705406986	-0.0541394201698398	0.057521051108039	0.0310787637625014	0.0819290086483188	0.0059246214654432	0.000657658658193637	-0.0461944987841267	-0.0706570266694345	0.0436075846118603	4
-0.200501069334882	-0.00686694139888781	0.0140298098436535	-0.0172178874052386	0.0346941203089167	0.0155500477293138	0.113291796220053	0.106180953466787	-0.0333037543892962	0.137080940008624	0.0428116543387988	-0.0530614887559467	-0.00503997220540594	-0.0322842175286108	0.124131113012995	-0.0794291770290854	4
-0.0940501471120225	-0.0406353255972386	-0.00212826526258821	-0.113728294534754	0.143423946077503	-0.0571115286279323	0.076712726447962	-0.0677084452157184	-0.0207532179423779	-0.0134022166637652	-0.0291668213408799	-0.0526833498856384	-0.0706989061367926	-0.0811632816149937	0.0375932815743589	0.0249320817250201	4
-0.0733728753222366	0.0226664972300838	0.0649069663683799	0.226259798039248	-0.171527581015852	-0.0101894197224171	-0.03024359574127	-0.06884745078064	0.0646978135291028	0.0613104075509297	-0.0424894437082075	-0.036286753100386	0.00413566644681292	0.0177227076986004	-0.0555997089716817	-0.00373918214170184	5
0.00357270161408396	-0.103254997059613	-0.0584120001584073	0.0684851255357509	0.0406787448496979	-0.0382631399918322	-0.0588571012257219	-0.0621073982352043	0.0339462390180199	0.119212495351446	0.0742114370047937	-0.0459923420565028	0.0175991239310839	0.00522382137005563	0.0880229740659573	0.177968616713286	5
-0.0463908527039225	0.00422498888289841	-0.0254419325016949	0.0106942846471806	-0.00531465385454534	-0.0397695548295614	-0.0196032447245119	0.0566205895391485	-0.0640499634275865	-0.0547218585622246	-0.0461190834343007	0.131471789736976	-0.00974285337848213	0.0549334081639994	-0.00536338079891759	0.0563476771803815	4
-0.107963006480629	-0.135980522261095	0.0390463094566693	-0.0234947942274192	-0.0154654843299493	-0.0303754407351867	0.00734362290141255	-0.0438320287756142	-0.0282707568931217	0.0499638901230086	-0.0449056558330578	-0.0321429194665495	0.00283344422653059	0.167126129374713	0.0119859903709995	0.0631771580626569	4
0.0504382286997239	-0.0152867897405543	-0.0483892329635605	-0.117364289644712	-0.207686004937518	-0.059781943349996	0.0635138111268384	0.0167150192019801	-0.0227048892121006	-0.004025644649453	-0.060004854569315	0.0488808329477402	0.0301553546337608	-0.0627803483926187	0.235325929067911	-0.0220657021804653	5
0.00458510645755892	0.0712409107391832	-0.0193621592445005	0.145865481007352	-0.0639984243129824	-0.0756428751699995	0.0224533826537876	-0.0539760323541917	-0.0201845889508498	-0.0569114533963087	-0.048470223722687	0.0341498858160643	4.91491330375019e-05	0.0475104894944397	-0.0181148310212855	0.0398706626280798	5
-0.0577421420055974	0.0285851270656749	-0.0218969703056155	-0.026756824926271	-0.0129989444927804	-0.0408848906530831	0.0336995746250491	0.0188394536388797	0.0499037729334179	0.00689252504850494	0.106012200189687	0.037826386798456	-0.00980002201143024	0.0693220824530725	0.0206455377621838	0.0465905867459075	6
0.0572980227366296	-0.0798250811530556	-0.0835716651717571	-0.0383476594106706	-0.298620825703034	0.0652256680437018	-0.0344159240582835	0.00338452654311998	-0.0532211262861024	-0.0765909500834557	-0.0652908741909925	-0.0472013491040072	-0.0123109011128364	-0.0401216646954615	0.0382379574153817	0.013438254940427	4
0.0388206469014025	0.00410506400673254	-0.0468227835397136	0.0578561757935708	0.0235759032402034	-0.0650153195117877	-0.0859436605756615	-0.0942073085701961	0.0564261519118282	0.0429434709843415	0.0497770388484964	-0.0186873954995778	0.0451911497422786	-0.0674517208635135	-0.000377646171673254	0.146035572708792	4
-0.114360717874949	-0.0502466177640835	-0.00611871084366717	-0.00522536259591876	0.0654107208284356	0.0424874145688644	-0.0443022418219603	-0.0159812506156015	0.103841396774903	-0.028140891296387	-0.0368387560134728	0.0833891427268222	0.0632177777198391	-0.00314749383716883	-0.0235353588155462	-0.0245738173777004	5
-0.107710918920718	0.0428351835858077	0.0162225767160971	-0.00979315782874778	0.0141190815773104	-0.04446836000355	0.036577735694017	-0.060063717059612	0.0211240665729537	0.0471300359376338	-0.0541239382688532	0.064736761012167	-0.048323212041663	-0.0482306931018228	-0.0600023209686696	-0.0232626673537169	5
-0.0124989730314495	-0.026234420469901	-0.0967132818821416	0.0496862822841133	0.0682026178355573	0.131761819147265	-0.137734908326804	0.0400855719845435	0.187731264930466	-0.00936580026543036	-0.0466716229304343	0.117321317833309	0.0510463658698836	-0.0248209683471416	-0.0651242957417858	-0.129034113639596	5
0.019581820384059	0.103743852290867	-0.00872151321074961	0.00468168862183353	-0.0129381962964358	-0.0151599910013739	-0.0485333448305762	-0.0313859904262701	-0.0345684547203011	-0.0119343872616217	-0.0342650652254191	0.0321240900938203	-0.0478899368442727	-0.000387949982730482	0.00110931056002094	0.00920760880427371	4
-0.0594145025734518	-0.058298852590024	-0.000567540946390272	-0.0892163274698146	0.07220428983206	0.051896967149128	-0.0478641415324319	0.0210273264846555	0.0425387262380856	-0.0892990678371027	-0.117614134071953	0.0332406041019631	-0.0770333274395538	-0.0543775901259969	-0.0301768554235368	0.00312452050505484	4
0.000233203161156103	-0.0619729507156338	0.267279666177079	0.0101916491070226	-0.0524383456240788	0.0289758316105372	-0.112661688869395	0.0380685180221491	0.0543884506965759	0.0144129884085502	0.0928854247529337	0.0975401551328654	0.0182033486859586	-0.0824011387462059	0.00971111173987306	0.0387815851132654	1
-0.129411859183057	-0.0699262635917927	0.0396870653406301	-0.044647781663003	-0.060390515918573	0.0610765276959546	-0.0683852315835754	-0.0228778933123093	0.0799709188926945	-0.0644810050466372	0.00587237081510936	0.0331360688885515	0.0262193145028146	-0.0308755441309712	0.0618459743999782	-0.0425878519475936	5
-0.00982182794728627	-0.00967068878479899	0.0353570294880316	-0.0487826669561271	-0.0537258807852008	0.00197219911777728	0.0147004120738078	0.0192275766465848	-0.032883339620709	-0.108433344443818	-0.0739478440783993	0.0200565984082396	0.0240721624169135	0.0672244187607509	0.00749879753098184	0.0187489144022951	5
0.028500826046209	0.0260154995358457	-0.044249753874916	0.0769724721901113	0.0771003675389078	-0.00482457257997792	0.0336702182960421	-0.0777771292673242	-0.0115371397378511	-0.0661873567142365	-0.0692037879678312	-0.0638907319787341	-0.0398850789642858	-0.0946101379057361	-0.0690818805524226	0.0455084762522431	5
-8.18644371253213e-05	0.0369043463393273	-0.0640687739016627	0.0384400279949401	0.0569548324840656	0.0469950710652952	-0.0726202364187757	-0.046172992823926	0.0543516764777099	-0.0907639803768583	0.0172803068067245	0.0167329822668907	0.0820655737258515	-0.0731812603402191	0.0225629468764992	-0.0417088718774474	4
0.0655279938832911	0.0549561433373466	0.0232649474781495	-0.0305369677572375	-0.0015823706182392	-0.0177121433531914	-0.0173817757320697	0.0176586233038408	-0.0495381146217592	-0.075490969534895	-0.00315765978095509	0.0370154660586131	-0.0479327900025221	0.107376814248435	-0.0488171517749328	0.0291627917994578	4
-0.182995574473659	-0.142051686806825	0.0370535972576403	0.0668173413918019	-0.0851243405227862	0.104415916410121	0.0745754234906774	0.110347077551543	-0.0469745840214289	-0.0915380337427029	-0.0326884213985047	-0.040140638263883	0.0245773658231299	-0.0165029013712508	-0.082147548776268	0.0992435900298502	5
-0.0547261944517565	0.0252940166380178	0.0533926502801896	0.00604349504216985	0.0226743034866175	-0.0434192032995259	0.0615106459203074	0.0310883208414217	-0.0118303183088631	-0.0217051649652162	-0.0763202277605313	0.0178678203011977	0.0970262033325721	0.0462106536649641	0.0715671591278375	0.010837138580703	5
0.0503279062769577	0.00404823223063634	0.010340473641927	0.154288190461633	-0.00132551491151575	-0.0308644116487242	0.0564714505028855	0.0125749764458101	-0.122206745214876	-0.134887090473215	-0.0294691274534011	0.0902210462277927	0.0872759132719424	0.0370730723061408	0.0125936879789753	-0.144734710487237	5
0.0411355612496511	0.000405256295504311	-0.0580865391862218	-0.0561966002395812	0.13901448803999	-0.0412465941519794	0.0161825294327127	0.0794805600544837	-0.0620402220498233	0.059146513832189	-0.0694812774292102	0.0247687887976832	0.0336639224878284	-0.0799351068509108	0.0330276576675319	0.164419195830807	3
0.0498624686070218	0.0441264806374259	-0.0465433562065095	-0.116724357821403	0.075391559244218	-0.0200593582424368	-0.0589728123829296	0.0567140036601849	-0.0790475883453663	-0.00502075322765052	-0.0683843292923478	0.112510843250676	-0.0232739534809095	-0.0334922214319684	-0.0114030723242933	0.0196749473477581	4
-0.162803611196885	-0.0585294608863001	-0.00974818494843491	-0.0812379034901136	0.0214869476123456	-0.0457659083345616	0.0248433234090885	-0.0172133957927475	-0.0219550175789336	0.0159420471112641	0.0519435225884716	0.169663456720928	0.0273949151999225	0.0624279363553763	0.0353994623803584	0.0570156025465037	4
0.0144594205114386	-0.0306492568748341	-0.0234262035508901	-0.0496622083549444	0.0436357090389631	0.0242072026605555	-0.0717678475126361	-0.029120113587968	-0.0227666892488805	0.0128506859866933	-0.065296576739577	-0.00977445450877876	-0.0040854842961239	0.0639699719127855	0.0276950075955104	0.0235343316775232	5
-0.218189996075569	-0.104027015957621	0.0549071078384712	0.0439333994056438	-0.031997443455528	0.120489960782443	-0.0753636071091848	0.0122044817673239	-0.0235978881282071	-0.0586540915905958	-0.0813089108113681	0.0261698722763036	-0.000267807491628004	0.0851821714786069	0.0310139725417021	-0.00649504816766636	5
0.0256484320584278	-0.0083179527172804	-0.0528757677130778	0.0580829415046986	0.105172888510892	-0.0310052686779164	0.0080393589539693	0.0267048846782926	-0.0646620817979093	0.045319752195604	-0.065828573050238	-0.0314664733011254	0.0966398414714425	-0.0684690890614119	0.0539139992440594	0.149409442997761	5
0.00901258492777736	0.0405540858752651	-0.00369516103079605	-0.0808849140258491	0.0308547667398817	-0.0147587907986469	-0.0110000020307283	-0.00438411553921732	-0.0339602085873962	-0.034091637649209	-0.0812707161844333	0.0299858139698027	0.0210790528518135	0.0161106220117167	-0.159343556730808	-0.0580430784724018	4
0.0201033149992067	-0.0557991580776921	-0.0358265001491453	0.0445742427820645	0.0637824938331964	-0.00570796308250071	-0.0894500799272994	-0.102666912084691	-0.0244279901638567	0.0410033180999764	0.0875368253638916	-0.0465072580670654	0.114419264735859	-0.00872267240198182	-0.0100571649869716	0.00947452927539718	5
0.117478112858523	-0.0477224301931898	0.0359982954478036	-0.122132119193574	0.0603162092091105	-0.0228363437930969	-0.0377092105308936	-0.10411804722039	-0.106346062895193	-0.0215295429968289	-0.00913053062527946	-0.0961441983242231	-0.0848674508893052	0.079988627405306	0.0443873703346101	-0.045870877706007	2
0.00274200288739215	-0.0640696119636323	-0.0304895377825334	-0.070178217538077	0.0460953303107888	-0.0124326166209331	-0.00343130675124847	-0.0824407412075934	-0.013999143994772	0.00701983479345927	-0.0454848230167583	-0.0749071676812025	-0.00280750923627326	0.144472902373651	-0.0355197213128434	-0.0319538735850421	5
0.0637309639917166	-0.133802726808172	-0.0692401201763186	0.150820202719156	0.031064232289944	-0.0298997363992007	0.151266211840497	-0.0943271263393954	-0.0253453793580164	-0.0815020307251708	0.163123068480984	0.108026572806413	-0.0711794700549714	-0.0775217199426059	-0.0605154031688292	-0.339238341823965	4
0.000837967916801969	0.068183233100047	0.00345440619932901	-0.0069698426933045	0.0200861830438324	0.00174203600987776	0.00269508735390805	-0.0190968496592382	-0.0532965524513651	-0.0240543366140111	-0.064748168251454	0.0798673292490376	0.0194427453898442	0.00740743584603016	-0.0238424050989586	0.0720327843843076	3
-0.0210865742405625	0.0830805790745295	-0.0556562773553597	-0.000148834093102092	-0.0312435344340215	-0.00233148481326266	-0.0327236804999627	-0.0450451819966157	-0.0366909397685688	0.00981244471161973	-0.0292558592615624	0.0214737541413927	-0.0742865708944969	0.0532938316957827	-0.0310056379622349	-0.00856505571329772	2
-0.0537402227796078	-0.103952211113325	0.00564621472227197	-0.01525660422458	0.0780542524340135	0.0593229128045151	0.0159019599904572	-0.0640288741009804	0.0478876901897684	-0.00892260326408014	-0.0471696165938262	-0.110980100609865	-0.14373474902077	0.0878589095388851	0.0519721942768554	-0.0497738629684346	5
-0.00422739028097872	0.110263418954513	-0.0181027685291413	0.00464350126597058	0.0405930771287114	-0.0460459704878545	0.018263526144233	-0.0470666042928337	0.0421650253063353	-0.0549578431976205	-0.0856346947702036	0.0295614770561429	-0.0199631411240211	-0.0180318764450503	0.0218117155044502	-0.0299319492785599	4
0.0704482498383519	-0.109705593802621	-0.026515196651684	-0.0939866328314767	0.0147664680207872	-0.041044349114968	0.0236021107952768	-0.132606287595404	0.0870295687013078	-0.109975365177799	-0.015871797591884	-0.143137884250616	0.0228731382147954	-0.0453620501864513	-0.0878188237116334	0.00962020563641306	4
-0.0911991942950781	-0.000577886526973706	0.0833360386939426	-0.0143324207537064	-0.0263240200709634	-0.023531015187437	0.025727123376595	-0.0663523888115207	0.00285879131699459	-0.0373752468640234	-0.0340997772124025	0.00548331626955785	-0.048198003393162	0.0870513844765411	0.033302067664162	0.0220575385086313	5
-0.0893769081133305	-0.0209197965012074	0.133902214079284	0.0376637315251632	-0.036229532975627	-0.0555146543025352	0.0246568441721902	-0.0813537967675818	0.0279354093123187	0.0135091303008209	-0.0457899775974866	-0.00230116877495342	-0.0222562873690036	0.00284784627655811	-0.012109031513566	0.0187669816051797	4
-0.0437578055374301	-0.0576235887249311	-0.0250777183537418	-0.120471602811737	-0.13504797714936	-0.0394779689596142	0.0314634837071663	-0.0145670503862902	-0.0368167905256326	-0.0683519605677654	-0.114619037189966	0.0251901318384775	0.0756839630700052	-0.0576937375325548	0.151600112557016	-0.0606698451022738	5
-0.0854300063536223	-0.0765702288452017	0.029774761389915	-0.0893285869821627	0.121214247010459	0.0136489076893088	0.022587663546099	-0.145632115964204	0.0697124642502604	-0.1311116219666	-0.0046243455553668	-0.0628791282575388	-0.0415855502542099	-0.0605459200183213	0.0943455948385769	-0.0492518111791279	5
0.0441187056649463	0.0817080137096623	0.0185221064008848	-0.043743379401278	0.00236212102043392	-0.0201612577133702	-0.0101857606209849	-0.00646512488024041	-0.0334882387721877	-0.0511136864868843	-0.0143148920759078	0.027203160315147	-0.0464803906338626	0.012403438840793	-0.0701569183961099	-0.00331000327614452	5
0.110593602259767	-0.0783629904626915	0.0942500043522197	0.0392813533050786	0.0596004170565081	-0.123146366458768	0.0865397225858664	-0.104537688314287	-0.0532591504319808	-0.0929242166471457	-0.0281496121759569	-0.0402965297085308	-0.0601341742067099	-0.067216569008088	0.00324211190896028	-0.102249094743692	4
-0.00454605626459097	0.0544475825120578	-0.011988533261641	-0.0710969279059457	0.0465454190977939	-0.0158401072985166	-0.0340357952159069	-0.00906318744709153	0.0592394210433936	-0.0121678058926861	0.0556838005780075	0.0402903035445316	0.0102797687110294	0.0239491532398396	0.0226239081922917	-0.0128436653373292	4
0.0260533314058893	0.019410920794488	-0.0855168999010877	0.124858823007029	-0.116180730551294	-0.0514909651361415	0.060366928519883	-0.0407465841227907	-0.0262498398311569	-0.0826341026012573	-0.0597449437517012	0.0343014698153028	0.0605689365549048	0.0428921263938574	0.0476849360377569	-0.0163169812842867	2
0.0137627210060482	0.0702749721784994	0.0410428962276455	0.0410680585248078	-0.0200582490178083	-0.0824417228254824	0.0398049426288243	-0.03351702353224	0.0121946606942763	-0.0614637247208932	-0.0324239090550296	0.0317324139802004	-0.0103548237366866	0.0832382123735174	0.0819620863995326	-0.0526511568661096	5
0.0946077920419007	-0.125866923921992	-0.0310830277154969	0.00626951090295958	0.0876194630763805	-0.0929149346936598	0.0783182609334532	-0.185843289368037	-0.202212969564405	0.00846235046724061	-0.00866617505355294	-0.0947167366913945	0.0111628750971625	-0.164819282045067	0.0754542432482498	-0.107420377020451	6
0.0769616155663378	0.094900263063994	0.00118343036925588	-0.0330268867566444	0.00997273531094101	-0.047152195898381	-0.0111986891502483	-0.0527342085812406	-0.0290474287654947	-0.042017874248623	-0.014368234249094	-0.00954481137674741	-0.0329847339464179	0.129344400253214	0.0415551777993805	-0.0318429241469261	5
0.101909490909138	-0.0729067057599871	0.297576987021795	-0.00863318441101714	-0.0518812161330699	-0.0289361943443439	-0.0267082178675791	0.0110833784290624	-0.0168205612808522	0.0966041438306606	-0.0264642553986145	0.0774492942858209	0.043373205209196	-0.0811538393541678	-0.00927027558547701	0.0252454128412314	3
0.0353076774165742	0.00823513629506257	-0.0441102867471923	0.00941377067386998	0.053058559586517	-0.0503393138711126	0.0543529075643842	-0.0574317545622318	-0.057605887853819	-0.122463018154166	-0.0696696940798331	-0.0371624055355043	0.0826449536176938	0.0895765930721154	0.00303395820003478	0.0310264010459632	5
0.107180789012567	-0.0664820457336133	-0.122485649963129	-0.0374901881600737	-0.0324210016528978	-0.0682639329941062	-0.00778041471900242	0.00699320795032893	0.00777376365991258	-0.114835686956003	0.0588651079999709	0.0454847698308256	0.0862187141399155	0.0622949120880533	-0.0494050865250329	0.0698742999700214	5
-0.103929412530257	0.0520467718614584	0.0166917365547365	0.00197919918929596	0.0295500695759773	-0.0453067974468998	0.00224166359968287	-0.0521469126838901	-0.035329612202174	-0.0203409611351914	0.00353191531470004	0.0403786677443083	-0.150878296760368	-0.0150437004743165	0.0603040883197112	0.0187635183601569	5
0.0758552734478527	-0.121851236572704	0.168251554681663	0.0191079372301585	-0.0502101971416982	0.029717493633594	-0.138807470263263	-0.0719119976934131	0.0628103749986369	0.122585203098623	0.0869835007647312	-0.0455437102154732	0.0960013743665886	0.119549241665694	0.0521520302388211	-0.0707987367954745	5
-0.0293673489441791	-0.100524826724489	0.00639655709070617	-0.0299894888930303	-0.0919806178477435	0.0309755312697239	-0.0843896043556603	-0.0601123167461679	0.0459237449373209	-0.0687849913820719	0.0147972711200371	-0.0642726942673903	0.0239053211489228	-0.175880430569745	0.16581031418692	0.0667138783822502	5
0.161720029851975	-0.126149473502693	0.0425953356658711	0.0207142978788413	0.0707960898078376	0.103195823181805	-0.099589022135396	0.0302098608345525	0.199451856063103	0.0410096699561858	-0.143341886207861	-0.0377631759866594	-0.14450491169666	0.0388111096306173	0.13634473128812	-0.115103990334548	3
0.0238255261664821	-0.164910546477385	-0.0639660136639469	0.212292615911277	-0.0411454486620297	0.0166333113618101	-0.0384072968559226	0.0263408844048262	-0.155823958952663	0.0144024067855456	0.310480111721139	0.10689854117876	-0.315655738263356	0.0117380393449892	0.0983221362844874	0.0393567524259197	5
-0.0675000033799563	-0.00202555590052829	-0.0229349371805943	0.0353942370513035	0.0862982570690452	0.0608546335308751	-0.00618828390441596	0.0687079878292447	-0.0316666983090006	-0.0958299432382118	-0.049079276073881	-0.0183188008530225	-0.0204456061054137	-0.145512210575195	-0.0204148169910573	0.118617072333286	4
-0.0469274249782332	-0.0521003096531423	-0.144808992240465	0.134240898523183	0.0169826840690007	0.0158948876112547	-0.0211815724213557	0.0406685845561888	-0.0550996264416303	0.0160669052447884	-0.078190272363505	0.0157858456106363	0.0398014921399497	-0.167721216870327	-0.0349719774316481	0.14303264268986	2
-0.0105087114439806	0.0865897426606515	-0.011749903322035	0.0262058115853935	-0.0429813357722445	0.145030105524928	-0.191764738203812	0.0423560064053107	-0.12275169512222	-0.108059206657993	-0.000118344469343381	-0.0323789331905955	-0.0853885190270349	0.00886924855582785	-0.0509172332323884	0.00440404764850693	3
-0.1118687523519	-0.0993229720622558	0.00466511671107679	-0.00522249885425474	0.0409821516771806	0.0623082871320541	-0.089438664386674	-0.00681502778444632	0.00734859506068608	0.0149320728937018	0.0788142111381381	-0.0407585045999506	-0.00629365992157125	0.0288712749181519	0.0147030649220582	0.0649178556174909	5
0.00448048728757501	0.0268708006226029	0.034675060281256	-0.00165380525499368	-0.0284208525604542	0.0244083700335142	0.00615882211848133	-0.0090739545783507	0.099691740754509	0.0205544661880813	0.0968459301866002	-0.0374050808195881	0.0339169146072178	-0.00596467905512225	-0.0621418679300602	-0.112445235143624	3
0.0344040662190144	-0.0338384670433931	0.101764015258057	-0.107370330928278	0.0749861804926167	0.0351640123260442	-0.12753231514507	-0.0554989765128259	-0.122792560135755	-0.129909060901332	0.166941311134007	-0.0698030467581725	-0.0483338610882667	-0.0116393858852492	0.0610132587618832	0.0125481956374545	2
0.0647141388896544	-0.00794404005422263	0.0288923766846174	-0.105367697709505	0.0925382106272318	0.0745479589830879	-0.198840071848198	0.00742016741271876	-0.267564036523533	-0.0929293392541121	0.00372311072996686	-0.0760297023880963	0.0407502010478066	0.0236861560260337	0.00554113387438892	-0.0724571849071652	4
0.0232825774254447	0.0011510793839572	-0.0568148894421942	-0.0491392124650125	0.0193010422793477	5.69127890036952e-05	-0.151372346490078	-0.0511639545292745	0.0514848900949357	0.100063925573249	0.0737515687035295	0.0176122602402578	-0.0127336138372378	-0.00680152410544729	-0.0965766156949786	-0.0428639612187428	5
0.0991724914434529	-0.0716432264870577	0.0707890589333912	-0.0913084347953598	0.0380412939775539	0.030912853272344	-0.00240539025066665	0.0879810611247149	0.00958029696590027	0.0605864615511512	0.183183167172989	-0.199202609415103	0.0914957342445087	0.00658884954870394	-0.0929823529457985	-0.0123078916829893	5
0.0108675617755524	0.0806513558056254	0.00153601883486349	-0.0246480687472383	0.0098917058263687	0.0576065662033489	-0.114631824419442	-0.0224096970416136	-0.0020921178267098	-0.0815935272263098	0.103417666462533	0.0381551205929749	0.0111428709047634	0.0214967583708892	0.0606353037732539	-0.0375080120944905	4
-0.033509522848887	0.0264813510289199	-0.0267803355324562	-0.0394846026045604	0.0610231747497476	-0.0348861313491758	-0.044319956431271	-0.0156373994911144	0.0645470682205067	-0.0408809157077414	0.0431059519793956	0.0938225110562393	0.0132028921865287	-0.0224423803462827	0.0140132728107545	0.033116421342814	4
-0.0572082562754685	0.0821965881568959	-0.0324437595212733	0.0342416803867106	-0.0214101450023089	0.0583144011052153	-0.123182541997978	-0.0342306916059409	-0.0348518986570754	-0.00572633591573964	0.12836581462585	-0.00691429702991843	0.0134238271203948	0.00905343734892874	0.0288424679310218	-0.0564041062998023	1
0.0399947718661389	0.0651142883799846	-0.0133226467324121	0.104089342093245	0.0284540374051909	-0.0249472867103435	0.0205375832893539	-0.00740251543749322	0.00376816973360837	0.0212326605354657	-0.0471248064710205	-0.0783946119134868	0.10280999856877	-0.0178091729376834	-0.0013039978407639	0.0429523895995261	1
0.0343449060544854	0.0834194792604584	0.0491185842073856	0.0419735360014612	-0.0478875548927659	-0.0208214896722144	-0.0237866311687631	-0.0323245508887204	-0.0369749321054871	-0.0714196212717349	-0.0132783073557993	-0.0161498135457675	-0.0212347397900329	0.0765769551169463	0.0364826146592092	0.0128694409569548	4
0.00237937750208162	0.0609514506609705	-0.0650705363745298	0.0383219119871234	0.0554110882804531	0.0560876697658469	-0.0803817255162115	0.0137606115026329	-0.112743726224238	-0.211684557901927	0.11953761328847	0.0795518364163701	0.0621949852340005	-0.079200132149261	-0.030165170323853	-0.111929996200592	5
0.0620854088538411	0.00892019173264692	0.110988401243506	0.0195685683741983	0.00925439904131061	0.18825294333528	-0.225089438062527	0.111280572430128	-0.114794887856575	-0.169683060287705	-0.0406121046574256	-0.0173126965078491	0.016945065036064	0.0479778174206151	0.0601951393494779	0.004426969068057	5
0.0515908340973241	-0.0366663823017822	0.00696959354727524	0.157629468533413	0.0366175169468984	-0.0816975023132318	0.10728694618997	0.081204751665048	-0.0383184753387704	0.0490510574294458	-0.0329642198218218	0.0720641848459713	0.0832271983173951	-0.124920821527707	0.0152701018235738	0.0148741245246639	1
0.0329303305034807	0.0838488396599871	0.0720726070500731	0.0942713656407591	-0.0934909071365489	-0.0170401463311673	-0.0236259382276965	-0.0101960287700619	0.0192995331475359	0.00654731421190969	-0.00423276828565134	-0.0819607258200693	-0.0332362797907349	0.0400249501590259	-0.00637100439056586	0.0227055832246916	4
-0.00441266716689396	0.0978385949889062	-5.23800496518606e-05	0.0506704843564765	-0.0467159904933966	-0.0200521743717346	0.0092382339851655	0.024753146540164	-0.0179813548481067	0.019710803591267	0.0269422456089339	-0.0705113967628342	-0.0756374021643271	-0.0754262558216774	-0.14397884139492	0.0628600030817242	4
0.0458759207672037	-0.00526838514123015	-0.0910654945697278	0.143644381806279	0.0686852553547977	0.0399884322897126	-0.00926405565820219	0.0921674979142818	0.132568285083158	0.0224254816330259	0.0637744783615936	-0.00452135406134309	0.0929576524198579	-0.0602730008535046	-0.0162332964987543	0.0889479614608109	4
0.0618890854071864	-0.00241903407827185	-0.124985064490704	-0.107640686113023	-0.209710227717816	0.00108998622332047	0.0336068436573112	0.0732963268584781	-0.023972439671001	-0.00632110432542765	-0.0424776327123961	-0.0216381819679315	-0.0603439601805334	-0.11610475703909	-0.112289033960178	0.00909115289860286	3
0.0831833302504406	0.0504225340632273	-0.0547125619638477	-0.0245070626982144	0.0775164242017218	0.118925465408671	-0.0786365063592275	0.0910675267011412	0.100477192533466	0.0542355126256949	-0.0873708261264437	0.0073972268501775	0.0137609688101262	0.0572348356880459	-0.0122037835717661	-0.14178940690241	5
-0.0848026195991647	0.0441743451184424	-0.0135002129859549	0.125178869713065	-0.120604536409458	0.0519013061452631	-0.0156482769973117	-0.106601721148591	-0.0446451910004331	-0.184848196996516	0.031849207941746	-0.148782396940169	-0.0878923719702749	0.193998820650635	-0.118739954624594	0.0886382350422187	5
0.235341043842913	-0.0882812689424085	-0.107285867246598	0.213092806622384	0.0170941036096176	-0.0181543835772996	0.0174892168831266	0.0812451485330528	0.0263535155050888	0.103968428585934	-0.0211982143152143	0.0746454685996121	0.00849601163736546	0.269777479791782	0.0513204392765452	0.015631604275846	4
0.0623523643232578	0.0184162424815339	0.020901911498347	-0.016802250023568	0.058488044562889	-0.0251405892632049	-0.0418615101078311	-0.0134246128630899	-0.067335317852643	-0.024202409222516	-0.0413148494604183	-0.0556161565126357	0.0378788310963662	0.0479147359988181	-0.0399576738427521	0.0763116202361844	5
-0.0399530405751003	0.0677453549250692	0.00973807644774358	0.000695955406748318	-0.0162983602438525	-0.0272806892550633	0.0621414600228947	0.0175777647196419	0.020342240372592	0.112530567863965	0.00587771247872508	-0.0521425680923192	-0.0213299061644249	-0.00174733067371601	0.00359756380021616	-0.0612286324803502	4
-0.0443400967216677	0.0607033292632422	-0.00925784143370664	-0.00496006275711695	-0.0285043897255932	-0.0123915976343784	0.0011447859173802	0.0698663494261904	-0.0113319244465713	0.0959060011694127	0.0317623473799577	-0.05539422849034	-0.0566833685766833	-0.0181819270072124	-0.0588437154857335	0.0260284231186819	5
0.055860917944757	0.0353005620959001	0.0722641495969804	0.0132699703048308	-0.00374030245162855	-0.00972995047638546	-0.0383735081435091	-0.0068964846521641	0.0601231381906991	-0.0744032047609371	0.0631087219362967	0.0405521096961585	0.0572770219625209	-0.0425659921439103	0.0446455657433816	0.057281890735355	3
-0.0400439586756377	0.0984609726034039	-0.0124455572295083	0.0102791436799776	0.0205100634419875	-0.00485642191970073	0.0918188548201228	0.0332363368702975	0.00520655032602683	0.0602628686316763	0.0350231535514708	-0.110095593745429	-0.0259313914708832	-0.0618620118969028	0.0486893194140494	-0.0530706456683056	5
-0.0573038829495278	0.123604369086105	-0.0293676901778392	0.092277488869943	-0.0279957361678141	0.0102931257866663	-0.00214420820549153	-0.0484800798180451	0.0329974684271922	0.0506848673461007	-0.00337499291054208	-0.112233279694298	-0.0675982130003739	-0.0409769738196483	0.0131581128859207	-0.044398644969658	4
0.0820924935999594	-0.0449294825074679	0.104099604486415	0.133222247413682	0.00404256453922625	0.0856840242824716	0.0667452975660013	0.00764500203636674	0.285492077566255	-0.0942423201336506	0.0419467245319737	-0.0798237793035858	-0.067577859579463	0.020100282789253	0.083105726989584	-0.00116507676918001	4
0.042556438770377	0.047908613493396	-0.030197858307179	-0.0730308710808441	0.00870653817206022	-0.00149965935433225	-0.0743180309556104	0.0298010932828892	-0.0417242464368874	-0.0794634143880809	0.126002188487525	0.0877891025885148	0.020506679015621	0.0858533010426109	0.00463778873461232	0.044371203390073	4
-0.0227196337017018	0.0234255063904431	0.0485183822507202	-0.0423361210267539	0.0203270317046627	-0.0241075958768375	0.0554765952286697	0.0768363457924281	-0.0414550216577506	0.0749621303724565	0.0232312495886395	-0.0515763903487653	0.016785491326126	0.00498520804258083	0.00755372366678813	-0.0135236276120944	5
-0.058435258439652	0.0267118525948055	-0.0258286895705642	-0.0830551422948526	0.0457101036334578	-0.0671576521379312	0.0749232182580024	-0.0468884617691064	0.0810570364118101	-0.0121669743021666	0.0773384126788953	0.0658121058155052	-0.0363400913370077	-0.0585814240401897	-0.0793439370834676	0.142400572387127	4
-0.0448249270669699	0.0106441727645928	-0.0348309623092026	0.0343690421929311	0.0745369526671176	0.0863488225569088	-0.0068103962755254	0.0637302066468117	0.123205632672136	0.0287535708906885	-0.0840533077293166	-0.0970769876067033	-0.00746855149879761	-0.105015626478503	-0.0539024917734392	-0.0132932224948644	5
-0.0105437177248975	0.0838100182629456	-0.0253531952370686	0.000560759166587629	-0.00876312827988003	0.0182048323962104	0.00331595239897252	0.0587310376838542	-0.0579065037724263	0.0767971391934098	0.0388865436139131	-0.0496156669683413	-0.0107142420907985	-0.00792414233232264	-0.0347170177613076	-0.0560128670366931	3
0.0287942660226977	0.0559068305125741	-0.0505853515270014	-0.085525676826985	0.0483805996649293	-0.0133789058469746	0.108729684969874	0.0772670564033075	0.0538846156155999	0.0318945472398014	0.189773647166661	-0.133566415812712	0.00772249534363167	0.0512425687111841	-0.038040670375952	0.0163967927424899	5
0.0286278943936471	0.0197619443923925	-0.0389137959740941	0.138618226392803	0.0498333699781983	-6.89245750904751e-05	0.102517616479032	0.0645708996862471	-0.00915882496741469	-0.0754798531946663	-0.0494354290018599	-0.0686936718737687	0.0512544341940373	-0.133762957863406	0.00486968949238572	0.144089573029775	4
0.104933174169984	-0.175517969688691	-0.196509043762048	-0.158035139269516	-0.31938416365144	0.0776733383455411	0.0619342285413511	0.0523152301843685	0.0915053342356187	-0.0421380482641438	0.0687131729701572	-0.128712020796831	0.0162667773298686	-0.00358030960291158	-0.150690915363973	0.00277859506171437	5
0.0415336416659398	-0.0738404712336908	-0.0526740386331298	-0.0226002789769074	-0.00558826717054699	0.0415176825881399	-0.0150857997359397	-0.0244216868364696	0.0632725165931463	0.0581965329042604	-0.117846113153545	-0.0632972132191316	-0.0691559117478106	-0.0790939900615735	-0.0745469303390387	-0.00223922419572019	4
