"SV1"	"SV2"	"SV3"	"SV4"	"SV5"	"SV6"	"SV7"	"SV8"	"SV9"	"SV10"	"SV11"	"SV12"	"SEX"
0.0363503930381998	-0.0114543408839555	-0.000366595042298345	-0.0469739044926674	-0.0131947411291085	0.00592424832701018	-0.0556024023284363	0.0703894379611831	-0.108461844769337	0.0283409197532529	-0.104249688865322	0.022926735874917	1
-0.000240028629756472	-0.156238693264782	0.229591296671136	-0.0276626767807606	0.0985608083149508	-0.0781796380084958	-0.00822746710040513	0.0662217203054868	-0.0200909749096309	-0.0200542320349256	0.032252861309758	0.0765497279057585	1
0.020948835985189	-0.0183952257657243	-0.0905749435037069	-0.0691984194330451	0.0395382485556579	-0.183899289643152	-0.0350134289575681	0.0211823152049848	-0.0129181657303257	0.147783531414863	-0.0945405081962128	0.109247847401801	1
-0.0184016465329211	-0.0982354917198054	0.0897383450226047	-0.0352568991314801	0.0243559129969418	0.0607821452386981	-0.169074977200394	0.0528526447874668	0.0488215818719333	0.0336013228506488	-0.106170484059085	-0.0618062199219537	2
0.0285708925625375	-0.0216584351071831	0.110978007552207	-0.0168078712656423	0.0148371282816373	-0.0112117913797701	-0.0846646886069357	0.0274630905779282	-0.0218411940094285	0.00306158101317609	0.00692909455315066	0.0096877981851639	1
0.00383012228895373	0.0453205870092119	0.0528705168736983	-0.0434230920428221	-0.0233479504939142	-0.0824515029539977	-0.00683191153079771	0.0916385281911157	0.0203261747517039	0.0639599058902109	0.0826993626572547	0.0463561932809708	1
-0.0372165071486481	0.000896547360304011	-0.108469449848468	-0.0476162422129635	0.0701721274270996	-0.0778474994985274	0.0196260116110313	0.0361202362499519	0.0376788340069159	0.00545375078284435	-0.0162205497721718	-0.113981017152377	1
0.0178761368776959	0.0509084071291269	0.0669420238400212	-0.0095535249778077	-0.00328654003199713	-0.0416372759544072	-0.0143106875197081	0.0245991869788964	0.0213621215488759	0.0367543511914877	0.0230238857029685	-0.00991336970656552	1
-0.0196940416404775	0.0020219827990432	-0.0305219854119985	-0.0195313241358901	0.0230798199483128	0.00570852804762004	-0.0936169028147616	0.0618505425251853	0.0308130649711286	0.0650804555916657	-0.00755153929437757	-0.00870136703632278	1
-0.00180845009140559	-0.0518513298379101	0.115508025636092	0.0277205686322136	0.0746394364752153	-0.10102301154875	-0.0161243165624218	0.0330610073013251	-0.0048079379239272	0.111847064583236	0.0651787550074386	0.0351506268391503	1
-0.0319887927301723	-0.0645477729508499	-0.00829452855142909	-0.0822506708891098	0.0769703269541687	-0.1568742595995	0.0119531952797093	0.11027865326488	0.0342773428714253	0.0180510474968676	0.0664151152065153	-0.140911520829734	2
-0.0726824126304779	0.0445196804606178	0.0381669308510783	0.00588452324680784	0.00346087681212434	0.0133003450374515	0.0784044985641922	0.0283724315215463	0.0420569466017997	0.0262698706687191	0.0265147592486615	0.0444948100913679	1
-0.144582447450429	0.00903477078630318	-0.0511000137185727	-0.0142629188540278	0.00849509628408372	0.0442316385284038	-0.0704098380777888	0.0121139647692081	0.0197604408332144	0.0328513057673812	0.0222844346582438	-0.0277605415324175	1
0.0469208371213835	-0.0374038315791965	0.0454631092067158	0.138854858725757	0.13483271414329	0.0912225897139834	-0.265031544992213	-0.302329528167562	0.0807972379150299	0.0170765127292008	-0.0267635915684203	0.092966047273501	2
-0.0346353407709009	0.0785383753925536	0.0415658840592949	0.0867326540944461	0.0537359493001264	0.0446588500052868	-0.133082503854803	-0.0664982200306707	0.0388067282044547	-0.0248461974766524	0.0154969515561593	-0.0404074407270972	1
-0.0141869744953569	0.037600195591349	-0.0748521946601957	-0.00602512653013347	0.0902348841392122	-0.133469858325129	0.00829533318353802	0.0209852579515859	0.0282523548461439	-0.0472122030447865	0.0560408957524574	-0.00502880489829516	1
0.00142812394642225	0.0837432832798024	-0.0582383895197283	-0.0319927848289078	0.0577277205847966	-0.0761490276041064	-0.00330918932090785	0.0249099771715761	0.0823499298743065	-0.0797027452577667	-0.156186616447554	0.11420507560727	1
-0.0351537888063869	0.0700031697220646	-0.00770901755686325	0.0525956292240255	0.0436259092454288	0.0265469752284692	0.00185462021027947	0.0258394365674097	-0.0139212890482189	-0.03384905393948	-0.0427957457129494	-0.0366648243195275	1
-0.083372355435495	0.0417049783662469	-0.0107528475959025	-0.00981347876971784	0.0120038611992181	-0.0148474896342609	-0.0169356465778545	0.131313837564239	-0.0455004885368742	-0.0148445168314693	-0.0284161958427533	0.0179351274682201	1
0.0461352000878793	0.0482030397369343	0.00508194907986057	0.00393265630377684	0.0521514120937463	-0.00510536352169595	0.0118406345319273	0.057234798308967	0.019667279690469	-0.0946074268278818	0.0116531281582607	0.0820153239888231	2
0.0388661127773892	0.0208618987300418	0.00967050234044762	-0.0228008272228986	0.00800878649427118	0.0601728563356732	0.0486086155718735	0.0980437450661978	0.0484752592064186	0.0802454246868271	0.0734502707169891	0.044489727249836	1
-0.00942272139084201	0.0645706225952372	0.0368744694864359	-0.0219074647445602	-0.0153946923424996	-0.0164496351108814	-0.0300594094853982	-0.00747240494457466	0.0353718130876344	0.0418073703526026	0.0306261069335189	0.0412733241613933	1
-0.00879098393811353	0.0729445662226711	-0.000741260521099766	0.00123482243255856	-0.0073960090925878	0.0709708024276433	0.00270525131983353	0.0405074932571355	0.0353034848709639	-0.0108836684025385	0.0224784007815791	0.0450247830888669	1
0.0467661517559678	0.0926586320970762	0.032058760467167	0.0272081660228677	-0.00497770270248463	0.00238081040595811	0.022994555278184	-0.110721208175603	0.0393009328147549	0.03804286341235	0.0570036469661681	-0.00417030883159099	2
0.078196451236056	0.0434743278070338	0.0420316256734014	-0.00959093034721745	-0.0461523070990479	0.0832726178460009	-0.0334378950320237	-0.0500007461568581	0.0137122831916132	-0.0197066063268154	-0.0428385440117244	-0.1073049343901	1
-0.159780316893441	-0.015894805724519	0.0646374498193642	-0.0438268502327393	-0.0766325232404379	0.054551585789029	0.056892642653733	0.0188210217887274	0.000404809564987714	0.0290237678706432	0.0342354109067302	-0.0646416048314843	2
0.0517052127899844	-0.0174526926356661	-0.133471277447347	0.0334317974160915	0.0629361057074937	-0.0714595557246389	-0.0102256405803777	-0.000119422753888186	-0.188296399044977	-0.0200958803579468	0.0237177885552272	-0.0426663352795383	1
0.0272800790116824	-0.0280804977396353	0.0701843353925513	0.0845538198294218	0.0786600606824647	0.00216917414952596	-0.0449399633344459	-0.04130224557873	-0.0593119202095328	0.05852717425632	0.0297594329600867	0.00686326812516927	1
-0.155164138401135	-0.0299767049471378	0.0157422099232324	-0.0418594691935461	-0.00884560988568	-0.0134089399859789	0.014137138977536	0.0166412958336343	0.0317047326458249	0.0503129822805318	0.0512132093527796	-0.0406638161414815	1
0.0169182821508048	0.0094581507363314	0.0565204109746663	-0.0742082571884445	-0.0774698661312403	0.0241915823330262	-0.127088759983526	0.0666518404451652	-0.0255292370880573	0.142241666658685	0.0391636234110607	0.0199673501448399	1
-0.0304028958192097	0.0715593974641098	-0.0809954581270313	0.0565085499978932	0.0957809290411904	-0.0156700472755796	0.013411643383057	-0.0398466791428667	-0.0531849902580588	-0.124624895315054	0.0627958915574401	-0.0978304343238573	1
-0.0838899840122632	0.0531810757277651	0.0537010147276972	0.0666689195866951	0.0531907187353575	-0.0107930630254666	0.0348470987099114	0.0604324347967529	0.018319750918224	-0.0506658111920947	0.00899150713975895	-0.0293155400059029	1
0.0382421431660307	0.0498411473783693	-0.0516432692637999	-0.00689153901498402	0.0765607045564366	0.0431570569367735	-0.132374872201142	0.0948106159804651	0.0672924345841447	-0.10525591714644	-0.0222692042685047	0.00724971332597568	1
0.0500546803419328	0.054428207886717	0.025786280380587	0.000765414951946876	-0.0374973861648312	0.0609095018761866	-0.0177922483219983	-0.0344739236343471	-0.0132399117553098	-0.00473221412503472	0.0378120510997361	0.0318395355007251	1
0.0360684652620873	-0.0284837114519704	0.12303496567667	0.0620513831143442	0.0655923059997017	0.0412036880105795	-0.0424358011175797	-0.103464227458967	0.00093638550745418	0.0819753441932007	-0.0204142586807303	-0.0337200735069774	1
0.0253113164807737	-0.00688785139705703	0.113056756206782	0.0134802874834047	0.0365919468745144	-0.0266894789219711	-0.079704635860764	-0.000415723456706771	-0.0132581930102268	0.0533778565178116	-0.00233355049083169	-0.0273209645673059	1
-0.155815210529023	0.0946204759903037	-0.0699882975725212	0.00972449739347745	0.0385986947895759	-0.0603526331681567	0.0797486612765288	-0.100923218031779	0.123158428404411	0.00892135427014001	-0.211028242702475	0.0723842476445207	1
-0.00166882513254166	-0.0116158551835359	-0.0502509637036545	0.00933306954986728	0.0667119518287661	0.0349777085530997	0.0683428302415575	0.0751479273725177	0.00414342995055112	0.0487739606172357	-0.00729105354639884	-0.0499609973981024	2
-0.055194187566384	-0.00622277938360219	-0.0787566228954166	-0.0702792661017987	0.0517335284107022	0.0295933631256611	-0.163187013104874	0.108829485291241	0.0480240855245026	0.0127375781345461	-0.0464912654035628	-0.0310952277318191	1
0.0398368770253478	-0.162533437594399	0.0692017987465279	-0.0303512217124308	0.191622627515938	-0.00459886173256159	-0.170662886422765	-0.121006060611971	0.171918603036373	-0.0606473617027708	-0.129976129837799	-0.179070600231183	1
0.0327666559194741	-0.0132919903363857	-0.124881812694104	-0.0482157558676241	0.119227159479159	0.0192536682397057	-0.0216338246770967	0.028546832867364	0.0636109607909815	-0.0184042703503185	-0.0119332285671106	0.067964656052143	1
0.0328953216646129	0.0309429085328738	0.0445271962096334	-0.0326292890846019	0.0285950120809063	0.0652155397536944	0.0418019046184874	0.137758374732419	0.0850222876247284	-0.0243029881394297	0.0281761625648879	0.0255354244061004	1
0.0351664681199269	0.030731505605192	-0.0412048847021353	-0.0211860490851362	0.0450433077715107	0.0560859607959867	0.0253317534587372	0.0709848398748201	0.0497438415561118	-0.0716902428927088	0.050623776896732	-0.119644730549073	2
0.0504122577337409	0.0602815598824932	0.0118394309192497	-0.0265205614614985	-0.0056036587510358	-0.00455096541355019	0.00470495719861409	0.0389285563639677	0.0151590081223297	0.015491577655416	-0.000396533721894775	0.0428825185043728	1
-0.0151461524074119	-0.0845165364103153	-0.0661321348929211	0.226548966502287	-0.00156928697309787	0.00086402477413246	-0.0872053892943029	0.111663775464364	0.0417507371731217	0.00145170088502996	-0.0715306320520782	-0.0132638646519968	1
0.0356051876274314	-0.112208977036663	-0.121496092252308	-0.125817519000879	0.00218459222248428	0.125523528897515	-0.0333289842283919	0.0356801442234526	0.0109038489096681	0.00474623805952367	-0.0407695423078401	-0.0748185562540865	2
0.0512296291074113	0.0604750665409431	0.00690944020562637	-0.019671527497058	-0.0416973512839409	0.0575771506984443	0.0256647376981899	0.0156285973554836	0.045235960953511	0.0316825439524427	0.0685581659259294	0.00183557742509582	1
-0.0200129936507898	-0.0938172999844115	-0.139824096585366	-0.16376629524247	-0.017868372674776	0.0510023679501392	-0.071285571105988	-0.0126048517252112	0.152144244245699	-0.00563803860282318	-0.0980829653424024	0.027798790811304	1
0.0805772354317386	0.0270544267620731	0.0125057935926389	0.0124661482765719	0.0023584423039555	0.122150134584964	-0.0142446988049331	0.00431134629621513	0.0143604397264416	0.0471359021519257	0.0163332586556284	-0.0250023202804201	1
-0.0473633072672746	-0.00906348267465686	-0.0414471256407531	-0.010829839672457	0.00834457350311845	0.119895785941727	-0.107171204149615	0.0624873365262502	0.0181579260274621	0.0306283936148707	-0.0264798920913297	-0.134704644380867	1
-0.164714078068515	0.00804091760733771	-0.0198433448730492	0.0302432426447093	0.0410226760481881	0.0351351475078608	0.181098694036703	-0.108124746728581	0.0832427442283484	0.018305177583892	-0.169746976258023	0.0589759735125752	1
-0.171129044267331	0.0201818034774504	0.0259005120929275	0.00338633605264025	-0.0531479249515382	0.0339209540786729	0.0355185794728044	-0.0694114241733602	-0.0166292479024721	0.0732105626580387	0.035606459342604	0.0183540140958775	2
-0.00106627657958448	0.0172949198114397	-0.0786152316312665	0.00408054742518806	0.0487985689770041	0.0339290468869095	-0.0381783125721331	0.019707189939624	-0.0677453924557167	0.00871441657340117	-0.145975397064796	0.0743104263195863	2
0.0726571152912859	0.0375702942952249	-0.0273769897820679	0.039930988128258	-0.0283428103132766	0.0695107490701977	-0.0332872275703084	-0.0978440613137335	-0.121679808818885	0.087161915106869	-0.0296445249477303	-0.0572656573215436	1
-0.0375331381395886	0.079705491916509	-0.000269250620752075	0.0775891422297478	0.0614654457237825	0.0125325887178055	0.073314625635227	-0.0372162458740418	-0.0209099920053369	-0.00463798801864461	-0.0114299702551086	-0.0536807720908074	2
-0.0855355540783793	0.0403515517152266	-0.0768494617788622	0.0406827687998574	-0.0132566101392209	0.0753288695304534	0.00446428721332645	-0.022167042976886	-0.0913525349556256	-0.0331842207009652	-0.0161177417880271	-0.0369465427733164	1
0.0498718527488937	-0.0347363339740498	0.0539773593982636	-0.0283882118959744	0.0406603629623746	0.0742812448992038	-0.0420104770576049	-0.0171328313815123	0.137412270890661	0.101028589496699	-0.0618721568825558	-0.0879074102255509	2
0.0669980109203174	0.059835530187746	0.00740615936742107	-0.0214103383162853	-0.0498378738476417	0.029911639178887	-0.0327227537960664	-0.0852690243767873	0.0252733715284473	0.0729210519382582	0.0386518201216924	0.0386712257117972	1
0.0344206090644537	0.0809773367543317	0.0580932295358699	-0.0777072465841264	-0.10667235501152	-0.0492686821440071	0.0166053360607374	-0.0711627697853633	0.0480695413908972	0.0557163083154488	0.0575685686425564	0.0459768362429324	1
0.0832259540798483	-0.0162756852758915	-0.038195106226391	0.0409144887652133	-0.0537502225284144	0.036350526715084	0.0556180606511504	0.0453217909171374	-0.0441365164716911	0.00390898801114553	0.0267088006833081	-0.0767141569234663	2
-0.0596752382914908	-0.0440719710561197	-0.0461208204154351	-0.0530741352103771	-0.00739000545280238	0.0157677818663754	-0.0491322390368897	0.00928597124111439	-0.0738112009952242	0.100187770043137	-0.0479380012718166	-0.0834846399503432	1
0.0234854257344011	0.0701066041155197	-0.0315504531052478	0.0630686071576639	-0.00205145072051704	0.157403079372031	-0.0173349033939753	-0.00938158649145189	-0.0177219864614843	0.0119580122190249	0.0191843488520163	0.0265836797531826	1
-0.0620765185229829	0.0509110425417872	0.00107424217055198	0.0331783024454599	0.0593051758905815	0.0285732199013053	-0.0087774840443014	0.0549024121043688	0.0346460380287378	-0.0887108248339976	0.00108846705134109	-0.0256960126578599	1
0.0456665801856643	0.032181049125202	0.0432133615051224	-0.100041376663617	-0.104808192886534	-0.0347481469519972	-0.025608051122287	-0.0175341296710237	-0.012328807077992	0.150581235455073	0.0536448437122174	0.098217642687113	1
-0.107117676821314	-0.100707391884165	-0.0238738036514141	-0.144172739324562	-0.0464321457822311	0.0905375873874457	-0.0353225199432133	-0.0296415637337799	0.0499908062576514	-0.00596768718832537	-0.0441626129574061	0.0831018082494838	2
-0.208176862809606	0.0414310157576052	0.00757588025299994	-0.0356167385422658	-0.0903058609030652	-0.109077189278047	-0.0582096493610582	-0.0912214103188718	-0.0671731159487817	-0.0156067265265118	0.0280561510444762	-0.0226688651114994	1
-0.071249550190278	0.0141200395529977	0.0761230177459595	-0.150791318192427	-0.11471741106904	-0.223513642750647	-0.182104901239488	-0.0132754937133289	-0.00138026071455173	-0.10232863649034	-0.00779313740563116	-0.0395099241946412	1
0.0251700561688438	0.0137013852501904	0.0268846550939596	0.0380706543310539	0.0634872957068612	0.0222751940021222	0.0115546266751762	0.0874567544406683	-0.00343241682664735	0.00883630006199124	-0.0612085535954344	0.0404041998727017	1
0.0638803246338925	0.0264330951414772	0.0838474287180267	0.000947613010152221	-0.0224167035691771	0.0715196265270928	0.0462863011526022	0.0388180349175338	0.0197169943714708	0.000218527508371595	0.0375961693660392	-0.0683062850881754	1
0.00824681619754545	0.0676555663614734	0.0230951623184537	0.0529325398817297	0.0365315024082216	0.0683123728950116	0.0193318979061113	0.00825132268054135	0.0327201595502471	-0.0536623833791521	-0.017157515215684	-0.00306264405053443	1
0.0352728359936451	0.0330872757083577	-0.0408795852908654	-0.000255151121939347	-0.0235069803763839	-0.0502008284459021	-0.0334218634171747	-0.0402741835845074	-0.110263834394359	0.152635035693261	-0.068717044966109	-0.0219039501242326	2
0.0471546382139487	0.11929386983199	-0.0424740420455658	0.0606303449619924	-0.0109505607644389	0.0585482748009105	-0.0350155097145034	-0.0981341113884026	-0.0117172672567827	-0.0921369112104013	0.00761624803332279	0.0740890138917635	2
0.0729227585848081	0.0672555425958792	0.00945473417688266	0.0141890701412286	-0.0165100807667054	0.0861171502741436	0.017624225601474	-0.0395711389817009	0.0103167287416319	-0.0333362269396363	0.0476603021871007	-0.000830214891008356	1
0.0587207540932247	-0.0566342853645553	-0.0356747065888904	-0.0225965476504425	0.0619740070502359	-0.0619253987848876	0.0331777594461101	-0.045543552454444	-0.0589451469224939	0.0831614729723998	0.0216932021962571	-0.171892046368799	1
0.0381832764168981	-0.00215692969658973	0.119892272734334	-0.0577833908950818	0.0164675085714688	-0.183814916562152	-0.0594054453138228	-0.06174259482513	0.0228477773511466	0.0242472137183299	0.0429818357686614	0.0369346295601667	1
0.038006202348315	0.0461359522355348	0.0495553110028051	-0.0281737962147845	-0.0291680837432906	0.0231364252478276	0.0495082504137373	-0.000898346540924344	0.039784015294269	0.0492321577772059	0.093653072587169	0.0014833199633838	1
0.0689740160223797	0.0370804504604859	-0.00771232515153193	0.0750289494343793	-0.10503503612216	-0.00182405538672146	0.030667640067836	0.01260849938282	0.0816196360160645	0.00694833023163144	0.0151678964658069	0.0394814414365686	1
-0.0138545427128887	0.0328221911804454	-0.0359131119771489	-0.0362158902909402	-0.00456726010298248	-0.0513836646610898	0.0281459798741955	-0.00120600239137763	-0.0288244826284294	0.0245032710155105	-0.153878997539192	0.0533266472622964	2
0.0736226558530174	0.0622625993553724	0.0247233594555802	0.0105934583887828	-0.0216512396425743	0.0532487032442876	-0.0346875173732049	-0.0575387760574793	-0.0301101379003859	-0.0726603545791601	0.000490166491912465	0.00537164641745115	2
0.053927019111136	-0.0294882259748935	-0.0301080357149337	0.00878906797774721	0.040704947801318	-0.0558322984163491	0.0381190032120891	-0.0506709227042632	-0.0568203953738072	0.213104377253161	0.0334921248186109	-0.100708191552015	1
0.00531039027385758	0.0548744578911502	-0.120148088602021	0.0933991555292185	0.0945558498817426	0.0226289431922767	0.00255741515797322	-0.0325686423768743	-0.0844254829134942	-0.0281747147465016	-0.0492692605872059	0.000591529471973888	2
0.0876998515945382	0.0332622177617474	-0.0218915841719371	0.00986145218815538	-0.0197260335825013	0.0655226443311469	-0.0630455514674627	-0.0531234495579595	-0.0874862402929623	0.0474903024610626	0.0396645645296897	0.0243571047944109	1
0.0442387404387973	-0.0187072068056976	0.0363427640586553	0.00807912151067567	0.00910005917435521	0.0333977042403415	0.0704088417066595	0.0294068677833281	-0.0618361278863481	0.00887162909517161	0.00169020555043576	0.0134190448334377	2
0.0375520138014794	-0.042333526952015	0.134689185360379	0.0203125139487709	0.0797989003449064	0.0183037632078292	-0.0772553902742764	-0.0404003258152662	0.0281079227732475	0.0293679276975688	-0.0478984548772737	-0.0596861840187015	2
-0.0269923845384452	-0.0960687575236608	0.0161220694924167	-0.101235305833046	-0.0776996446806213	0.0498731039009386	-0.0715901212814787	0.106018327755806	-0.130821735932061	-0.0712385288110542	-0.0356595658959741	-0.0186912465494515	1
0.0579118541908617	0.058414080484252	0.020210499973557	-0.0385791624845208	-0.0782091939474594	0.0707117873901487	-0.0206457552917564	-0.0927605069306771	0.00758754667426101	0.0446401737609109	0.0292656785362921	0.0790161408896127	2
-0.0510576288432543	-0.0658546681700054	0.00953249974934157	0.0264370340389984	0.0976251612549123	-0.000304995330813145	0.139743532069342	-0.0399096372890838	0.0528480765153214	-0.00525085237928983	-0.118535378493633	0.0427917364216126	1
0.0561088480675963	0.00211293025883431	-0.0515686644482178	0.0311889924462868	0.100054349823254	-0.0782434647048599	-0.0265368272476975	-0.0367153578126669	-0.0862220268482437	0.0744430872311511	0.0814116144381334	-0.156452282175331	1
-0.157495594969587	-0.0523108844836414	-0.0492561221966496	-0.0594563323697521	-0.0148983844296662	0.0403228613576606	0.0770746186438489	-0.138082459029226	-0.0343145732674132	-0.0163548169322812	0.042395864995495	-0.0880931750386806	1
0.0837186332432747	0.0308748749639114	0.0157674887897288	-0.0588514441977038	-0.0867796192296399	-0.0351423768782827	0.0913626341936345	-0.128692485840037	0.0293006996328124	0.140554676185911	0.0674305292039918	-0.0501608592796152	1
0.0667216959438624	0.0494928745234001	0.0301201757724102	-0.00208298962683303	-0.0577343148264683	0.0402817610048854	0.0168157413426108	-0.058540757828218	-0.0173875396030259	-0.00145143457785535	0.0353817700614424	-0.00328937651423267	1
-0.0766674931193706	0.0824700932554326	-0.0987119046378716	0.133546461364573	0.141014027117784	0.00401662577698297	0.030861364021697	-0.018879954458961	-0.0451131335325888	-0.0486371907786147	0.0604396933390831	0.0354227597376019	1
0.039165252891135	0.0313617602363913	-0.0625341322432535	0.0650733041051634	0.0999674909593677	-0.0205264457614463	-0.0946604318764412	0.00178379011530059	-0.0423567700896777	0.0424464996562338	-0.0115205898422581	0.0370091344958316	1
0.0394873910333266	-0.0147849497208131	0.0515345668444693	0.032676629134181	0.029299753847402	0.119781104942404	0.0217372594094127	0.11215030330901	0.00291104244838637	0.00162091173660792	0.0175869407946965	-0.0247152687980533	1
-0.0607076030496258	0.00495825716322373	0.0485349980948804	-0.0272041276608536	-0.0425043295604119	0.0658684747731284	-0.0178964279589666	0.0476131321148075	0.0243281590109565	-0.00931608798227896	0.0435077945887944	0.020207880674222	2
0.000219606463929434	0.0221745191912301	-0.106925512389629	0.0429218988518305	0.11555096629799	-0.0423913118848576	-0.0127738646466417	0.0472466528037042	-0.083362357862415	0.00185656099384936	0.135767765817147	-0.0132533564698852	1
0.000403361028543498	-0.0638637741315191	-0.115400844141205	0.207907690835597	-0.0938620528650463	-0.102898237628468	-0.0293488880929961	0.0381176164886076	0.033151716184621	0.0912629153396306	-0.0437997957362949	0.109787396729191	2
0.0765110741170123	0.0837966716956007	-0.0252632352948797	0.0393057328820366	0.0103256677078587	0.0416472623553201	-0.0364871504737069	-0.0293636168907745	-0.060958317638552	-0.120065883330832	-0.0108499229316853	0.0050137087482025	1
-0.0334019870634986	0.00825460356370883	0.0719437484579066	0.0775963038003782	0.0947876085568191	0.0668414698345544	-0.0486276111750943	0.0478946422686986	0.0370149626355273	0.00188947805349387	0.0326291878947171	0.00583464506302222	1
0.0175940023662289	0.0679804026696949	0.00671620783036455	0.028287225093464	0.0767208915958775	0.00466230558526428	-0.0833373035852239	0.0676346727222067	0.0254293628775947	-0.100237751564952	0.0240585380105265	0.0174443422679581	1
0.0321738352825272	0.0348518106414194	-0.0268635796606685	-0.0668770367127777	-0.0177579516653821	-0.151238219075976	0.00758286443174386	-0.0661602749199835	-0.0456673257562893	-0.00211306684637901	-0.0298122127617332	-0.0226130195620604	1
-0.148844617178599	0.0339612788976324	0.00906723502381694	-0.0345729211913599	-0.0344939484144434	-0.00635432796516396	-0.0203894887598638	0.0243108518187314	0.00408289972802345	0.0474809918878782	0.0656621859930183	0.0316630577972769	1
0.034081199439406	0.0672184188599759	-0.00388389479958483	-0.0118533783732864	0.0360763066091876	-0.0810044938152219	-0.00732471082268841	0.0338510233543227	-0.0248581750651574	-0.0585013210316324	0.0540483646908083	0.0244095785779329	1
0.0435927800472888	0.0743745123582882	0.0512486285035698	-0.0184849846840849	-0.0467320682570254	-0.0543885157023476	0.00678024910455834	-0.120511829677454	-0.0223044172733344	-0.0679212771128899	0.0426378338177163	0.0469064670104683	1
0.0235287327875039	0.0686871849982374	-0.0149422219567441	-0.0153085732722197	-0.0245060102679578	0.00108913218246668	-0.0600557022297541	0.0219368122389251	0.0239028139839513	0.00357817341702283	0.0117764298320098	0.0522637061158124	1
0.0741128937404901	0.0556281373845841	-0.0138809426035438	0.00884956850372995	-0.0140154947673652	0.0607549569691663	0.00327003523952511	-0.0227743976733458	-0.0273123964427688	0.0818642024296601	0.0584195203108042	0.0540642324499977	2
0.106718829037072	-0.0445312197193853	-0.0962293475329613	-0.0996989088551072	-0.0199804503804877	0.0726979181353145	0.0645926632286421	-0.141518141276274	0.0743937553086752	-0.129438708029977	-0.0269982582008718	-0.104728361266341	1
-0.0368610731759889	0.0528477557475504	-0.0417728906040141	0.044406512900146	0.0504941467834608	-0.0303708359000865	-0.0858916311274631	0.0435461632986246	-0.0444055142691937	-0.038005149003328	0.056448926033805	0.0939346744408884	1
-0.156507786770967	0.0430000080485653	0.0112456902760681	0.00269379213373967	-0.0506570854142123	0.0413349380933412	0.0120183790063261	-0.0336135574307855	-0.00638048173679479	0.0315931809021109	0.0630827326469367	0.0346172936866545	1
0.0194682218906374	0.0665695499148231	-0.0280812362358985	0.0255416304569219	0.0137152589856223	0.0184210505389648	-0.094660807599455	0.0362349497177758	-0.0274767909873103	-0.0872406327458833	-0.00975725174161448	0.107088177161803	1
0.0296236413304453	-0.111092744218493	0.185332651060161	0.00329132152528667	0.0563014449870878	-0.170083454515211	0.0236300218244811	-0.0947509563234857	-0.0155800736540114	-0.0130353988413224	-0.0797317560996719	0.0478230669923811	1
0.0127300890354125	0.0530962998096532	-0.00966447843940316	0.0173743903771734	0.00350990904274112	0.036082221213649	-0.0536896336516439	-0.00431973996157523	-0.0258251522291164	-0.0100616284332087	0.0187269573606495	0.0648384039801006	1
-0.130744404435427	-0.0731415984039407	-0.0298433128572145	-0.0766723530299032	-0.0302022712790453	0.018417328291225	0.0304650906707837	-0.0182152230087623	-0.0804263988310565	-0.0427199886756167	0.0134969188401911	-0.0774855369489517	2
0.00846157917831594	-0.284473001580022	-0.134808130997087	-0.224428738262029	-0.0447886370701796	0.166529306940556	-0.0575055420788975	-0.0378337858796926	-0.0417826329210359	-0.0610502438874332	0.141680833987494	0.22860825636989	1
-0.0600853070010442	0.0623144283036786	0.0159814806246204	-0.0139332130756082	0.0188182041453657	-0.046639258769584	-0.0598582147319124	0.00866515580085302	0.102556530692642	0.0185994149273842	-0.0241293387921104	-0.0258568760538629	1
-0.219259659967419	-0.00905435050400878	-0.0206237578590771	0.0425152440093301	0.00245179731323753	0.0684913612925123	0.169157425754867	-0.191325307331624	0.00173054878960875	0.0694732338252856	0.157356975530646	-0.0391983114631115	1
-0.115971131685652	-0.032665755560575	-0.0638993141811778	0.0319505105226877	-0.0760989861487582	-0.0259044904106061	-0.0570699168639142	0.0176064013201631	-0.012430632143361	0.0384348906933102	0.0397022786892426	-0.0807281512827491	1
0.00103261899697825	0.0254531620809387	0.124607685277689	-0.115661897752501	-0.118990403018298	-0.153322968020415	-0.167882972936983	-0.0406489795522759	-0.0370224222077383	0.00599557611447458	-0.00235957570923387	0.0738878196453395	1
0.0349770908806023	0.00465290277222916	-0.0123375177592087	-0.0579708314881487	-0.0227262939444692	-0.0251078303023777	-0.0853021124912864	-0.0242291247617537	0.0334397195545394	0.0602646702011621	0.0060648315515203	0.0228747757946529	1
-0.165162562460069	0.0124474012714316	0.0435356175664882	0.0765556497818589	0.018862903388387	0.0230906440816025	0.0686685449075712	-0.0660758708934314	0.0175563338876973	0.0256487978793824	0.0797861086782663	0.00985914227353824	2
0.0114284327048294	0.04479090785042	0.0196898405921376	-0.0337002936647382	0.0151347060273783	-0.0503340653309567	-0.0178674412951584	-0.00581161643705755	0.00353266563396201	-0.0303147860507025	0.0278814424294211	0.0128915635772581	1
0.0166851205113233	-0.103782424671918	-0.0037792396755415	0.0324836460983328	0.117718870033124	-0.0112353636081659	0.0449710501100825	0.0680320097893972	-0.125520718130725	-0.00592342963586344	0.010396565595922	-0.0766817497006264	2
-0.00286894248954019	0.0874233747318049	-0.0160417397090348	0.0330422385702904	0.012706049390865	0.042023596629099	-0.0969842945356293	-0.0113908760191374	-0.00236839794360454	0.00137140414929356	0.0506005312990163	0.0395366159697129	1
0.0547872768578638	0.0420265453375959	-0.00182233505669178	-0.0457377434241556	-0.0196106444877914	0.00764518654515606	0.00993663358326472	-0.00896430985113143	0.0905291208068146	-0.0475053618251044	-0.0499460699817696	-0.0546486259299185	1
0.0446629808682946	0.0945565375528672	0.0215276103885379	0.00638680386124376	0.0383513169963957	-0.0457413699621545	-0.0106937185032426	0.0104322484133835	0.0167208556471387	-0.0919011089218928	0.0534328211813209	0.0414694249095455	1
-0.109521523178092	-0.0697307016295715	-0.0244437466413383	-0.0642035967872664	-0.0218518869637917	0.092823965161176	0.0280408262933037	-0.00785740935768235	-0.0487224098923926	0.0176129648058798	-0.144990261203813	0.00714824644849245	1
0.00578568036585187	0.101078898992739	-0.0294238278384586	0.075318913510915	0.0176050068650298	-0.0152657543899934	-0.0550505878405637	-0.0927891803346647	-0.01990343179777	-0.0499196056935075	0.0373122240739921	0.0703707902285978	1
0.049507612714145	0.0771676449491792	0.0284275660959615	-0.006306161245842	0.0284954584128019	-0.00879080685803614	0.084452789899958	0.0524858128907663	0.0749335371796806	-0.00770010661202176	0.0975003317122422	0.0330515054828598	2
-0.101164548422965	0.079602657130862	-0.0360736472279912	0.0647891508734497	0.0609559149497338	-0.0355170401870892	0.0722066809800545	0.0145103833299988	-0.0255069226671662	-0.00468334103483512	-0.071304953694769	0.0591652555776066	2
-0.0120825231241557	0.064169891741031	0.000712037369032994	-0.0241796829815744	-0.00375175811145082	0.017991157317138	-0.0560612476813935	0.0142432447234177	0.00791424109525568	0.0210374933910751	0.0092052704826801	-0.0109641767632255	1
-0.00444598977480589	0.0489740287188549	-0.0597083520086746	-0.0463182833573801	0.00468459370268374	-0.086362813865432	0.0183902153366251	-0.0191080108440183	-0.0177209445152875	-0.0799887984076946	-0.0216208175598883	-0.0913064388032285	1
-0.00335986551990937	0.0339839492426588	-0.0720768540510675	-0.0017787672557997	0.0111977953140199	0.059460745189342	-0.0205936927416327	0.0490411496234754	-0.0880023568038842	-0.0535293220100627	-0.0747775156313852	0.00538961044035263	2
-0.0531600443925613	0.090139374721706	-0.0308423594749587	0.0900793885463119	0.0610811840874833	0.063533087883432	-0.0441483795317266	-0.00430375316453841	0.0139208254456249	-0.0680786006237581	0.0259325568936275	0.00858680221270798	1
0.0596014753139174	-0.0197780596241687	-0.105303258070561	-0.0300162979768864	0.0679539627533913	-0.0842264272542201	-0.0166030690379216	0.0477711564341685	-0.00909543847840287	-0.0174369120259322	0.0379279643038591	-0.0870789095992135	2
-0.0754348124140081	0.0114705686130379	0.0227424385100459	-0.0226578091928355	-0.0238889873563544	0.0138624108541935	-0.0466058005244789	0.08588826748267	-0.0272720572939168	0.041769450896953	0.0058259174251286	-0.0282165980573277	1
0.0903165609342516	0.0070754806364476	-0.0661263359690065	-0.0694998301660498	0.0242247252812817	0.025163043179553	0.0489472188743036	-0.101147781156035	0.155640645884553	-0.00979404110017443	0.0217296901293947	-0.197271359084172	1
0.045865165365785	0.0196179203482181	-0.000498304083240551	-0.0262724613314355	-0.0146774752698683	-0.00990175203418225	0.0433840320952022	0.0620097857286386	-0.0697165051807721	-0.0274289812542131	0.0583139241810461	-0.0585780339336379	1
-0.0059408830103517	0.00919522497737253	-0.0162727074571284	-0.0804619591087339	-0.0240555394658124	-0.0444534364192152	-0.0472796390940375	0.0459935828514571	0.00429273034268034	0.0286957001989941	-0.0164834703975487	-0.114299170589335	1
0.0385915107127139	0.0507636412669775	0.00523413879213584	-0.0304417261871401	-0.0314393955387111	0.0180822392066195	0.0100117410368098	0.037051803163446	-0.0376274060951098	-0.078969313326347	-0.00942941077593054	0.0183103426164962	1
-0.0692939189977638	-0.0195468749875167	-0.00890332020780009	0.213722543913681	-0.10674398332377	-0.00660295616981258	0.014200474336783	0.0477779991405884	0.132852882551901	-0.102391794548312	0.0678838623528187	0.0367500725470954	2
0.0780936030721733	-0.0158373410927318	-0.0271291380501449	0.0161085643265934	0.108125520037072	-0.0884542637487621	0.078276831649766	0.0250778207292152	-0.0564265571688278	-0.0325313896256661	-0.0205622876950354	-0.00577175813520224	1
0.0842480417602046	0.0606972796984374	0.00972642149684524	-0.0426075182876508	-0.0962510469493015	0.0642553639947782	-0.0289481445410929	-0.0872585882437008	-0.0549006247281072	-0.0169110959634593	-0.0300768986764535	0.0276056183483466	1
-0.133017858244272	-0.00501400852444469	0.0234409556369583	-0.0321776514517326	-0.0139169784105062	0.0843614701792978	-0.0258931705747184	0.0887628910394175	0.0112930013529692	0.000601017297753871	0.0700207881656068	0.00286060253938617	1
-0.120561203477493	-0.0512481157575696	0.0043803793892248	-0.0734513982504985	0.00689719137060027	-0.137111220108649	0.100856760602843	-0.0757870178554062	-0.0616159368253448	-0.167587404349237	-0.0233421698448463	0.0726917341570724	1
0.0836477360518972	-0.0213189318952781	-0.119875647459197	0.0230894215748642	-0.00168400618545343	-0.0838483293288532	-0.0223845752615639	-0.0514310088750904	-0.232006629694198	0.00631955287786869	0.0965975282007626	-0.0864601252190277	2
-0.0438668368436797	0.0499250059754272	0.0764503872871141	-0.079450152738019	-0.0576652009384605	-0.10377418787495	-0.00274164865993562	0.0480417335148931	0.0330192230984549	-0.108759824031214	-0.012757168767684	0.0866489713818012	1
0.0218265362092821	0.0358370929911367	0.0229431394439192	-0.11186837457218	0.0237300220787542	-0.340015035010651	0.0384825985742808	-0.0626599972074521	-0.0142661326493372	-0.155394216063948	0.0312224011867472	-0.0379017356288378	1
0.00815016478480741	0.0619347865011581	0.0209743667898502	-0.0157060234114502	-0.0319203163879255	-0.0399279186694128	-0.0179574529799591	0.0102346010200354	-0.0284407386365818	-0.159752109562713	0.00042602082314491	0.0543390454919932	1
0.0212586354725949	0.0492462755376563	0.0571885451293364	-0.0769662733336202	-0.0399820287294687	-0.00775651366684949	0.0239428420378343	0.0911774095706057	0.079779274797107	-0.0106590603141132	0.0360334246184161	0.0210453717648462	1
-0.0269883333773704	0.00512265541281479	0.0679504745414661	-0.00305901165661339	-0.0114419949145873	-0.0596199797134846	-0.0084991544373529	0.0541540378159861	-0.00897484900595296	-0.118583784585049	-0.0216159043865205	0.0314030229532123	1
0.0558859126347431	0.0767575886597042	0.0290697865308442	-0.0294816468619656	-0.0473934204473609	-0.0388480918636303	-0.0120754093652546	-0.0546931793734649	-0.0323296198346127	-0.056244051200035	-0.0161198131013847	0.102784008749803	2
-0.0766146370129372	-0.00763619318015753	-0.0836990105865485	-0.025458394616439	0.0582503472865979	-0.0516470778069808	-0.013176134825744	0.100781148827513	-0.112647468480642	0.0140024363561059	0.0287029042054467	-0.0234375699028888	2
-0.162892124868963	-0.0487909352160929	0.0372658899967902	-0.0370152248886313	-0.0538337078066122	0.0429071685993889	-0.0603800428413815	-0.012538441144732	-0.137685190438304	-0.131878094455363	-0.0584718712369386	-0.0786974735393782	1
0.0725718717210317	0.0467722769408714	0.0286469508833431	0.00559216376239441	0.0176989050676184	-0.000655953105036569	0.0928098122130167	-0.00950584939227856	0.0345065189206257	-0.00874228550792909	0.0653466112552405	0.0341434682225307	1
0.065305585625709	-0.0421034428009558	-0.0317250736760852	0.0124731833928257	0.0568657608842625	0.00614649810950123	0.100097181684848	0.0899295575349962	-0.0902842676398063	0.0455420431919888	-0.000568299283213872	-0.0232321619922312	2
0.0503043529780649	0.0752098609297914	-0.00396681634409201	-0.0620261729647087	-0.0936948004402092	0.00983946657766629	0.130267522978681	-0.0799492724960279	0.0516527863963085	0.0679426926530179	-0.249721343586148	0.106989248241701	1
0.0128670570582811	-0.00577039452869492	-0.0426016569540626	-0.0377457912927471	0.0271014388244031	-0.00170542046531022	0.0845746852545532	0.0284624742408655	-0.00251092661587672	0.0737673827082581	-0.126104208789598	0.0266864371151766	1
0.0410315049179921	0.0305718527253451	-0.0594581542097769	0.00332237384854847	0.000271253647359079	-0.0124165156902227	0.0958472011175019	-0.0490473857528639	-0.112275879642615	0.00918571852214399	-0.0381310971687606	0.0054506700802341	2
0.0753560921581666	-0.0604783675012259	-0.14374814085154	0.108691290172218	-0.117840618166468	-0.0251083774698724	0.0725736272732701	-0.00983897122268762	-0.0079021503594801	0.0610240945740936	-0.218435243312905	0.116829300173423	1
-0.0247946371986668	-0.139891959791711	-0.156365712734246	0.238535394416759	-0.148172984071157	-0.0929144131132842	-0.0323557004913783	-0.00863878182116922	0.0757129489425678	0.00550982192461829	0.141545291271537	0.0133873746716863	2
0.0566354950957357	-0.0708088487965019	-0.0853980558775869	0.111405920537466	-0.148928116893441	-0.0669724576100415	0.0273837249982239	0.0200910410840058	0.186762782861338	-0.058052639302416	-0.10281314097295	-0.183008439433573	1
0.0479630871967702	-0.275926891040431	0.0138080246072567	0.21913282934684	-0.298251364393011	-0.00534472364294012	-0.0417714003525167	0.0295219342474231	-0.0839464093037694	-0.259546314098854	-0.00127896546358378	-0.0738084920391057	1
0.0189257375067801	-0.187355663850018	-0.142732140932884	0.140754882986646	-0.18752638038204	-0.072773399385845	-0.0380817322489763	0.0761881752794636	0.00779649544600805	0.148575352748778	0.0181483844631967	0.081586059622921	2
0.0534880513837675	0.019480735775777	0.0642741212553685	-0.0429066911400732	-0.00945236497362636	0.0200011794394001	0.181547436110187	0.0588521267950501	0.070029259256907	0.0494398064687104	0.0229295862091669	-0.00362920116490349	2
-0.0123004462921794	-0.106898706657245	0.0842282486326259	-0.0387003159813245	-0.117338283865277	0.109716236454698	-0.00791492128154074	-0.0758875517184067	-0.164309549084088	-0.0876190039722507	-0.0494184087787519	-0.0848139414218492	2
0.0759373579390047	0.0164710016726803	0.0369176161525368	-0.0140330969336811	-0.144868566987211	0.0621851398116066	0.157911623357434	-0.132673275693264	-0.177666662303584	-0.186468632756307	-0.00751181445891856	-0.124163887191264	1
0.111237297946095	-0.0350312085805812	0.0187082933905175	-0.00927377726745272	-0.0658488167430423	0.0221504507881829	0.150982025515283	-0.0151737771074446	-0.109116227853927	0.0916138683084086	-0.000339695322798561	0.0362770100764895	2
0.0154898463200765	-0.102081583023304	-0.00404486505499211	-0.0527386647015133	0.0148597935610931	-0.0597262379417153	0.0205273097805542	0.150466349106298	-0.123191165539489	0.0219713718319529	0.0571470835017797	0.0297683241612827	2
0.0371573165923549	-0.0352296400510854	0.0886901089220492	-0.0624903354915691	-0.0464540256886869	-0.0108550775361518	0.139888636457646	0.0812468964544122	0.0137015759146104	0.138843879946943	0.0862962440420551	0.0406156370426431	1
-0.000210100423939658	-0.0187909980633745	0.0496958168007481	-0.0160007627040683	0.033791084471606	0.0463697641656799	0.143924020370018	0.135814956287895	0.0524458986649715	-0.0855280300814658	-0.0271479837913729	-0.0148329680021153	2
-0.128345472952762	-0.0222607697233728	0.0189937235378736	-0.0280829978568313	-0.0676026485762871	0.104592112093104	0.0526295278817516	0.0160682451169382	-0.023980796127153	0.053511401262364	0.017717913371988	0.0251144961348803	1
0.0510334991260792	-0.0419191500580879	0.050853800892777	0.0910467182028714	-0.107321092443097	-0.04664898238711	0.0698590459385729	0.0754426452602076	0.122424056723074	-0.0812882030056749	0.0473434741051639	-0.00403278903881757	1
0.0458626760084621	0.00896687447950351	0.0904772645859417	-0.0206865999212988	-0.0803171933716797	0.0100060108532546	-0.0713264994810234	-0.070251577742502	-0.0684655873133798	0.0938075071272202	0.00827118971895142	0.0224415616789732	2
0.0493215629061564	-0.0690830805867131	-0.110812414565757	0.130098004805306	-0.186799637017803	-0.151572682662315	-0.00511590256589812	0.0324001377320664	0.169985864287929	0.0811236809588427	0.0531082433337269	-0.0886357580073203	1
0.0840576587099489	-0.00347983241568105	0.0669273553277059	-0.0218685961637661	-0.132882871038874	0.0327837874719031	0.0717242944923691	0.0286512489100139	0.0265099557512076	-0.119436680528982	-0.0325395144138809	-0.0164418975122677	1
0.0152654694144449	0.0356792051686793	-0.0298092329492871	-0.0549390591373154	-0.054047865201259	-0.0290248962286487	-0.0695942252093459	-0.0946879544672599	0.0479401986262032	-0.0127135607032015	-0.0805980991126578	-0.0433330369113408	2
0.0434542090190217	0.00145301972186619	0.0334544703447058	-0.0179801912961886	-0.0383418073523891	0.00992360836820824	0.124379051915482	0.00786048381157504	-0.062654609696564	-0.088960670210322	-0.126539723922384	0.0300899723203186	1
0.0396777429458992	-0.0238770740197851	-0.0550338862498563	-0.12272576272215	0.0334974262355044	-0.070558512330349	0.0780302096128237	-0.0173668648124627	0.236044109722405	0.0938968394484826	0.0718709146683364	-0.219601576588559	1
0.0647658111125001	-0.108717103552574	0.146313824938902	0.0832295345775385	0.0902061339388618	0.0516972321257793	-0.00830760920660636	-0.016363541612379	-0.00358666564762439	0.107261802375344	-0.00868681724254489	-0.00579175208184877	1
0.0578440866962444	-0.0581531694888024	0.0963699355544983	-0.00372475906283778	0.0220592458054101	0.0784340044238694	0.134497878417854	0.116305276763373	0.0347400893363507	-0.0761014164147291	0.0490045859952472	-0.0135768495099999	1
0.0789587150964798	-0.00635422148980033	-0.0566877875326016	-0.103199320171494	-0.017117749791322	-0.0071154571892495	0.120703401580899	0.00946014853677083	0.114777388524098	-0.0591536407253293	-0.195947572414173	-0.0710028837266605	2
0.0529628630776854	0.0295560465119991	0.0833730846676023	0.0210500778794304	0.0239782414858625	0.061829495104341	-0.03642680135121	-0.0218561096584681	0.0587477829016522	0.0245604932257925	-0.0130886550823191	-0.0703530267412992	1
-0.114794419817545	-0.0511541583680852	-0.0158496679844362	-0.0520409974320392	0.00678247842504593	0.0369897462408701	-0.00122553191412077	0.0484460259068651	-0.0250697663554595	0.0474170117866563	-0.0500218033060771	-0.00447753670622918	1
0.107207553844169	-0.290284012430672	-0.255760556969111	-0.199584330292088	0.122266350349751	0.0821352874181554	-0.0196194264443923	-0.163575503801787	0.185886312180594	-0.166739907905397	0.294719705369771	0.261509606335261	2
0.0474032073444465	0.00384206604751338	-0.0262281747765755	-0.0159914315209231	0.0352309786997004	0.0521207743358329	0.091391225522359	0.117852947923296	0.0201688094767509	0.0844724653124596	-0.143412261091578	0.103445546087558	1
-0.209149999356126	0.0413674049392357	-0.0101611100420028	0.0630371917845968	0.0143684198602332	0.000414292177739443	0.139543059322083	-0.176835539408761	0.0982407985918958	0.033348498963612	0.162054794408788	-0.0347085865375894	1
0.0691064576686315	-0.0253515729249639	-0.0803145556509073	0.0458547475214602	0.172688630571737	-0.112760585208955	0.125834506207438	0.0307531866457046	-0.0282134329518545	0.00646097781019433	0.06741367882576	0.167761988477722	1
0.0906889104124035	0.0245968473846834	-0.0616415800905865	-0.00723345456456566	-0.0241205979801582	0.0353118494720847	-0.00381535982604286	-0.0819645748705291	-0.073640194215277	0.0502792083177127	0.0284673273243233	-0.100766551128851	1
0.0237903210415782	-0.0346845745384599	-0.12270266160366	0.0262474660586544	0.0366005550666529	-0.000660410211099454	-0.0039195723719177	0.0315036397846616	-0.144577455304397	0.128179164727362	-0.083390690283884	0.0111054761371769	1
0.0346458584528934	-0.0017973280611637	0.0673364196768303	0.0156477213616585	0.023750233511583	0.0818617950596993	0.0290298350582937	0.151203471740851	0.0394180723942571	-0.0726513654948765	-0.00521644796886923	0.00557975851149343	1
0.009076425562517	-0.171316935751362	0.199200648137561	0.0439069760286437	0.120164278669923	0.0231343379089966	0.0216381607074962	-0.0854843833927596	-0.024832001613888	-0.0758968196451173	-0.105182355966669	0.0067913072844044	2
-0.0158570313956315	-0.0857746938887894	0.0916955880793797	0.205635480519064	-0.0724166381408108	-0.059066751311151	-0.0203619724594545	0.0791566510868757	0.151739147510118	-0.00889680977071863	0.0110902279732765	0.0265541770429691	1
0.0611990983423699	0.0147609983226652	0.0236345499985567	0.127462030508752	-0.159310056002031	-0.0658160578797465	-0.0392781666171376	-0.0368715902468199	0.0577292116743985	-0.00450808274576685	-0.0195031996376445	0.0500834950909305	1
0.00532841166525521	-0.138061748542458	0.150723694029616	0.0966404058536565	0.124091314134864	0.00582512305232432	0.00381764248860668	-0.0773876970733712	-0.0457493556911444	-0.00966499382839868	-0.0267486967311758	-0.0623818407964561	1
0.0165792204265188	0.0348473962932496	-0.024829369981452	-0.020547935201197	0.0175481536676076	0.0567351281388591	-0.0419083267758835	0.0922874336182754	0.0417310437482545	0.0070094384748243	0.0511043786265791	-0.039970688136457	1
-0.0819059127341064	0.0150998356342932	0.0404640484333055	0.100859792086647	-0.000106440381813839	0.0195383049349277	-0.0666913350175626	-0.0155911357534904	0.0319488753883985	0.0090524799809204	-0.0148453310534738	-0.0276996647514279	2
-0.0548430245770244	-0.179705060279356	-0.0190551244972541	0.0713521385798117	0.078687077045387	-0.0433198669367907	0.0393799168399566	-0.150611074954657	0.0375764011337653	0.0704348845479173	-0.143778572638363	0.135142592581267	1
0.0185583766618043	-0.228727677373001	0.212769139678268	0.054769133035706	0.137523134004266	-0.0184759191143586	0.136671504898046	-0.028464598027492	-0.0896401574966818	-0.00132158658133752	0.0726183257316263	0.110467258237168	1
-0.138864527425066	8.84152576408379e-05	0.0488712185793763	-0.0700455374803386	-0.0683275563607584	-0.049841504143928	-0.0383776949198568	0.0442175197189867	0.000405949089886229	0.00656737346899056	-0.0646783376177073	0.0184020896042418	2
-0.107010826892636	-0.0140393883438729	0.016639512134695	-0.0376354101741552	-0.0479745862074662	0.0632329286060439	-0.00274100862976251	0.0570957514874051	-0.0181092793364779	0.0297709554701268	0.0692075391911833	0.0383754720511309	2
0.00525804655030381	0.0258886378076077	0.0197142773904857	-0.0321399862026141	-0.0910743365236887	0.0775401017104408	-0.0256575066767542	0.046715398914372	-0.0341153465887398	0.0770154106652687	0.00393549868015555	0.0606835570448662	2
0.00762318119169567	0.0512229331895134	-0.00139731521436903	0.00748781816982016	-0.0126936715064329	0.0477206726436572	0.0520107175797845	0.0487901033963629	-0.0304692043427282	0.0117591078429937	-0.042855791685236	0.0344853313474613	1
