"SV1"	"SV2"	"SV3"	"SV4"	"SV5"	"SV6"	"SV7"	"SV8"	"SV9"	"SV10"	"SV11"	"SV12"	"SV13"	"SV14"	"SV15"	"SV16"	"SV17"	"SV18"	"SV19"	"SV20"	"SV21"	"SV22"	"SEX"
0.0155193130103202	0.0376876251426629	-0.117405753438409	0.046886709378723	-0.0317588778466173	0.142525196995433	-0.0347086099473888	0.113589176191379	-0.100256271936572	0.107772214886917	-0.0279444356474289	0.0088086751565163	-0.0151462806129282	0.0920321630640503	-0.0649105774939724	0.0449265194781306	-0.0851361603760373	0.0164702131068404	-0.0485770555380588	0.0977298758121951	-0.117924594321119	0.0896131735020428	2
-0.017981686733427	0.0442119994955159	0.0520261103305426	0.0595551361202342	0.0233739824770029	0.118354641071752	-0.0893136576301906	0.0718431737937064	-0.0301521262505609	-0.0245412041437951	0.0613897891325657	0.00136794366461295	0.0815148055222572	-0.0925146503337175	0.0258007144180553	-0.0303673766856177	-0.0145807878506657	0.0836824245833853	-0.000528438491882065	0.0274094410298122	0.0651814770445388	-0.0227241534879552	2
0.133918326895689	-0.0171895937665515	-0.0468753957321113	0.0898000893687721	-0.0493109996838728	0.1095675854112	-0.0516753606716576	0.00216255844308422	-0.0611427782270357	0.134683728927578	-0.133752269541523	0.0231414694011123	-0.107028182842457	0.0186940780394317	0.0297394233901669	0.0141855467014253	-0.0270433371236839	-0.121605237010555	-0.0410437931312017	-0.0466739251945466	-0.0744906654359438	-0.0909288643005098	2
-0.0277747203002894	0.0432276936894944	-0.0407261037092295	-0.0676995900118139	-0.0125629276520145	0.0221152792409186	-0.0215073188530067	-0.106440226819523	0.000359758184871495	-0.0661780653418881	-0.0537260280597853	0.0278433462097463	0.010062482890069	-0.0690176391272527	-0.04731058165216	-0.0806231889426451	-0.00949642810525089	0.0338552795229096	0.0215338523884693	-0.00396242963132093	0.00882950050844605	0.104324099489059	1
-0.0800235814199582	0.189922206933227	0.202885994210062	-0.0147423484672781	0.106361621089335	0.113689595802723	-0.209903548223462	-0.0712242022478443	-0.179898477094269	0.098879646625959	0.118446871394727	-0.00935226806664191	0.169316225828766	-0.111495520137436	-0.118946582886646	-0.0681707713694073	-0.0101488760153839	0.0188887276508045	-0.060156809047368	0.0477013129932334	0.0267188571118547	-0.226205878902638	2
0.0377202293272454	0.00572913306510214	0.149278664928143	-0.0873599910026333	-0.023062947115913	-0.00445816226552503	0.0116260139918145	0.185098659082119	0.00275795538150625	-0.0184582406382587	0.140006151379466	0.0336355643492361	-0.103805792767488	-0.169948514518288	0.00132679974672609	-0.0657976224157452	-0.179053533671521	0.132936524698619	0.00454125141383219	0.100959828549946	0.0424882934495289	0.127520673635462	1
-0.0598333616602455	-0.0723778660825902	0.0690238387604965	-0.108927447891208	0.132218545199256	0.119238161458416	-0.0592139429647743	-0.0596581806067521	-0.0694054363746638	-0.027001167801333	0.187646575184292	-0.0119685356798423	0.0360170087983107	-0.14874292111154	0.0634729861728627	-0.077415925035368	-0.118055649627579	-0.0510346427171318	0.0993428837202923	0.0691495013212268	0.0155547811166553	0.135908967142366	1
-0.0425617012971463	-0.0123230898260044	0.024267001641305	-0.128128327985173	-0.0760059709067874	0.0157523279004699	-0.0201883680279999	0.133485557858391	0.0595415437209694	0.0629991494347981	0.0482143713973667	-0.104290646854928	0.00382137155276631	-0.145560296714725	0.0447230192272664	0.0424743234090474	-0.0775609208575511	-0.0881997195865897	-0.0287190795366114	-0.133280127265204	-0.0579465931263823	-0.0349966496604758	2
0.120831071551442	-0.0531749164565195	-0.0408851474632642	-0.149966217471543	0.143309663038252	0.102989006055118	0.0717834275066079	0.1157794711285	0.0710587209581942	0.0749095970081479	0.0305110105248782	-0.0601932525441107	-0.0762828945431038	-0.102630963230806	-0.0178253998574794	-0.0174965812216376	0.042753428325542	-0.0184251792113013	0.063255710960148	-0.137527772217165	0.0425798819375876	-0.0938453125816518	2
-0.0494623099621637	-0.0537369702111868	-0.021238893289456	-0.181264370186327	0.0425603043724349	0.0901707396974558	0.113688457471595	0.149879149369775	-0.00883227426949798	-0.0665659179959556	0.108430503747143	-0.114842090508298	0.0385057335161944	-0.109337131709491	-0.0163877823460229	-0.120309306519818	-0.0412469401943669	-0.0234595711990083	0.0498628674986994	-0.0105711861911003	-0.0459513098475798	-0.0685593807973482	2
0.156277970556709	-0.0152259109654417	0.0312664193796859	-0.114915168534484	-0.0140841268684516	-0.0122304519706561	0.000510222110490059	-0.0369568776610536	0.00539365463200396	0.0617476575797367	-0.0253269377082147	0.0112115178353356	-0.05202669311265	0.0529925838667389	-0.0357620694842834	-0.0655948493539574	-0.0167839320599295	0.0365251231846796	-0.0895984832901198	-0.0893519417018394	0.0144250416483322	0.057160582449119	1
0.166626800070391	-0.0229709048072806	0.0708721198571628	-0.111070064000678	-0.0426476918697382	0.0182560548142473	0.0356742275859765	-0.162345217717864	-0.0382381813591981	0.100941958559174	-0.0183219094151142	-0.107802462969885	-0.00642980036939159	0.108733252814423	-0.110299522081348	-0.183244392686127	-0.0411551947317804	0.116560887314596	-0.125104301383918	-0.0494991545694747	0.0270748809330782	0.0182056526171929	1
0.145635179422737	-0.150298687596166	0.0548098259229961	-0.0897539786988478	0.143145256254035	0.0104973129682537	0.0998237472382271	0.0902153837548876	-0.000119205955549345	0.0936740495266405	0.0594397787524825	0.0560296964021869	-0.02736293133091	-0.0717357316206576	0.141657645468449	-0.0510561748314228	0.123364284908156	0.0129565861580368	0.0449904060218949	0.161917330834808	-0.0206155127191717	0.018363816910651	2
0.11739461508306	-0.0436011430103804	-0.0043208287224514	-0.117407173970072	0.119254033581132	0.0296443245086642	0.0670211076447501	0.17403153053975	-0.0385144296730193	0.0717479810070135	0.0170885889247159	-0.0647279673749403	-0.120937811009171	-0.0774518498896242	0.0726832042144243	0.106434572543735	-0.0386760412571044	-0.126969142773406	-0.0288954909168807	-0.0994043721631572	0.0295864265731381	-0.0341863861196	1
0.0075983758367933	0.000334062391866005	-0.0145470242511069	-0.162967308133563	-0.0582105928222867	0.110951318278138	0.0673840340386587	0.0425804754800868	0.0351809883918696	0.0481369045838589	0.0193547264306764	0.00645532654410816	-0.0802271985059519	0.0257825532012241	-0.0493448929792591	0.0565798153485234	-0.10990319218612	0.0689829657573027	-0.116774654487922	0.0358255987649332	-0.101178134487187	-0.142420708762953	2
0.100455240439134	0.0535694490615104	0.101055378586091	-0.044739956526966	-0.124720162700213	0.0393294634827607	-0.0553691937141884	0.0226673346482215	-0.0750989862315527	-0.0706479117925016	0.0767837218431936	-0.096417238912067	-0.0324164650053117	0.0323614374733351	0.0795246339655966	0.00537043462779403	0.0500140804983878	-0.0168392644716144	0.0639410522205938	-0.025853713531501	-0.0809668222160593	0.0530709591101912	1
0.0510524426474367	0.011498667287261	0.179650759619094	-0.0229487921614968	-0.055547145878901	0.0840063123166772	0.0560750344532825	0.00580066037354765	-0.0334394612505655	-0.000987279415962841	-0.141486454038693	0.133663681712454	0.0661409526804245	-0.0467541420385724	0.0792463820812362	-0.0526304478789821	0.000491257264886635	-0.0233288051018536	-0.0792287805596918	-0.0238742214349028	0.0593719131790042	0.0447305664958397	1
0.0719626603262219	-0.13313331786151	0.121637731408628	0.0479993845470651	0.0435300071273195	-0.0235656182084905	0.0185820134772687	-0.168024853504422	0.0686608719417454	0.0932762653414679	-0.0654341518096586	-0.0701018023362745	-0.107299879463432	0.0657796708476656	-0.0864357128587207	-0.0774575532750743	-0.0299936040464842	0.149767932116113	-0.215296171028847	0.0414972887368971	0.019014441466456	-0.077127216608991	1
-0.0351330347797257	0.0407129254932835	0.0631283225004309	0.0576021157740206	0.086905039679777	0.114364045047331	-0.234745654744385	0.020305350422445	-0.216663151149395	0.0244652564039441	-0.0543683050375859	-0.0676059886641296	0.029251346254013	0.14969173375372	-0.0117078912056597	-0.00766576738557298	0.0139276411911624	-0.112118671388694	0.0732802124681747	-0.0116086800311201	0.0391176008611458	0.0809866058031152	1
0.0409334330344019	0.019597125620254	-0.00254333379185222	0.000765067980072186	-0.0929209246837398	0.0794098517046025	-0.036350964944227	-0.0744672415340173	-0.00378194565320104	-0.0405272638655737	-0.0305296421111394	-0.0111833313880685	-0.00897239619541486	-0.0556736124749593	-0.0366638022473399	-0.00631013839824289	0.0396669883369412	0.0153362125534591	-0.032354600902985	0.0282876234459623	0.0104876083644518	0.0147105864611621	1
0.141889277553631	0.0372804206087272	-0.0315501727345108	0.0116191621254777	-0.0951464998681143	-0.0517613888955259	0.0113999755299415	0.0664862982022977	-0.0433164520214963	-0.0246365330321952	-0.00565629468467416	-0.0163806356982387	-0.11641944449232	-0.0315609850899752	-0.0376847037142469	0.0787816666556913	0.0543194712463887	-0.0518631147312645	0.0833752398923186	0.0223283189121423	0.114727362066251	0.0593875106541448	1
0.153210161244316	0.0708141241676908	0.0746493423404818	-0.0562340144146087	-0.0325686496694954	-0.108140949900457	-0.16625951460962	-0.0142937657035669	-0.0304953168819388	-0.147911593221974	-0.012344061809492	-0.190620988383081	-0.0055678028323603	0.011722962028976	-0.0647826409020642	0.0312650607116788	0.00444681428347826	-0.0347402063608684	0.0940715098420175	-0.0217409683036856	-0.0811831801214301	0.0717131404612716	1
-0.0701557909355042	-0.0792736962490486	0.106991448886974	-0.0969661921322843	-0.0783450973654855	-0.108578828865582	-0.0389004791946891	0.0157827112933325	-0.141671490179331	0.0453956981374155	-0.0387324952308112	0.0467326433245776	-0.0396497421344409	-0.0834056994128344	0.0274968321930146	0.105681323572721	0.0683035953788745	-0.135359836398899	-0.00958270147071383	0.0730737767817838	0.0897606916079526	-0.0237820562590202	1
-0.0569530521344391	-0.0155201747764232	0.223224423036671	-0.0332765559249787	-0.0611306266854336	-0.128740555555278	-0.0690279621950346	0.123600369784545	0.00491954403705247	0.0091061240017966	-0.151162277890126	-0.0435624105313664	-0.141422897983441	-0.125871129184232	0.0683125392681641	0.141228332315771	0.0697857390164194	-0.101678166669856	0.0108222696953229	-0.0956103716217111	0.0196600839093128	-0.0215517151460362	2
0.142252986748764	0.0413359550173369	-0.0199501298455865	-0.0277979260768469	-0.0831644670155367	-0.0142398469096855	-0.0471761170402175	0.0516955334496679	-0.0513021333778495	-0.00783161992830527	0.0123813519201763	-0.00312247212241307	0.00988397131080221	0.0599320016447918	0.0408858331981551	0.0240018112069622	0.0896341638104919	-0.0391787882809802	-0.0113048441544169	0.0527442102882021	0.057911025153343	0.0600824552600162	2
0.121190556987897	-0.0292666801073842	0.000451477412707367	0.0430277249079567	-0.0128769302374754	0.0585431441709364	-0.0684043985848373	-0.0759853143953401	-0.121118549707533	0.00819811620519695	-0.0861943448467605	-0.0343169761258947	-0.141470834402794	-0.0055213960834419	0.174448502495921	0.0402534689052235	0.0631489775202774	-0.0727171122611612	0.025633753370579	0.105091091292572	-0.0426895356599078	0.0797574935855973	2
0.107906380759992	0.00202001352331004	0.0263833663395258	-0.0175027244421981	-0.0523900707240141	0.0180683231275209	0.0226367899280173	-0.0301982175122275	0.00851669226199984	-0.0863398241710218	-0.119027396070542	0.00397764624544827	-0.0446776141186369	-0.0483820260891934	-0.0025842118241842	0.116572685640107	0.0275700640398222	0.00782760231682768	0.0234565602288798	0.136907027952173	0.0493972002007489	0.0190434182668086	1
0.129568707174339	0.0803828526863815	-0.00880151795232019	-0.0656370424783698	-0.0548023499351345	-0.114864340236712	-0.0709848143518037	-0.00649145391633119	-0.0118650364662409	-0.0191253058819975	0.0355401215134301	-0.0344032417608449	-0.0365120016699834	-0.0251800929291004	0.034848974816037	0.00204504664427707	0.022143305242678	-0.000347080730331864	0.0578578444126068	0.0578603095006608	0.0250964893316912	0.0138221874380782	1
0.0222018393640189	-0.0044059603065142	-0.0468271733702854	0.00757686200495693	-0.0206523133379725	-0.0569940305822221	0.00961836878733728	0.123053579419862	-0.0276654993976474	-0.0475785253105358	-0.0344286193858624	-0.153313573944985	-0.0648454889460904	-0.0895217641571616	0.0229617955124544	0.156588416896637	-0.029400288352328	0.0859522118527186	0.151900735344076	0.116413828919373	-0.0347248088874239	0.0732369912851419	1
0.023456916162349	0.0493464361350913	-0.0144259478021645	0.0209388979644022	0.0738687600958932	0.121662614040508	-0.0500122793334711	-0.0421938246494214	-0.039310092202513	0.0172381060239463	-0.173973737825404	-0.109817876400024	0.0463383557086116	-0.181526882560337	-0.0912676202115267	0.129700421810803	0.14428518661659	0.0452378837739432	0.0452442523065977	0.0659654425907653	-0.00351931417975745	0.0496480313548664	1
0.130823546471731	0.0592116049276036	-0.0592656499904229	-0.0142625171205521	0.00902887374128637	-0.00322452020259264	-0.145330045199677	-0.0522460570785185	-0.00170084196981028	0.0896432738417031	-0.107382280971308	0.0135920447133394	0.0755732811471968	-0.0652252283538084	-0.0877372774158526	0.0728270604891942	0.0894463428103093	0.0382553434270411	-0.0484640057605732	-0.0191555822410501	0.0223727399196366	-0.04992507014592	2
0.106775522447245	0.0722868737873102	-0.0733193886234264	-0.0295933274714522	-0.086330325826147	-0.0642398712963666	-0.142781962286915	0.0242365784070599	0.0373492271552685	0.0192481268643213	-0.0687014093440521	0.0488792108988945	-0.0192067064046815	-0.041167295144215	-0.128193508240137	0.0709607866746518	0.0405966100730595	0.0122651976360598	-0.012529073255711	0.0454590233448724	0.0555061112479235	0.0630343149708913	2
0.0595216083322645	0.122652964636724	-0.046125882124267	-0.043091188774098	0.0356404375624155	-0.101316788340884	-0.0779675901829763	0.147829811262514	0.0509930722986195	0.0164413084165172	-0.140603655601498	0.0225392907452986	0.0503003914323604	0.0282007974406297	0.072014752750748	-0.0115009102181845	-0.00972455213578686	0.0792987505838451	0.113883227320087	0.0391305811704639	0.0610872710239876	-0.0191289065764638	1
-0.0139753089862202	-0.00143428496378919	-0.00153355727987917	0.0096003581532629	-0.0800922630352159	-0.0554468911508702	-0.0390612994767983	-0.00687304004060086	0.0249923974796546	0.00607635412970621	-0.104340447422034	-0.0147774034411816	0.0533973429814706	-0.14662477553402	-0.0201280511621188	-0.00214033912962213	0.108155249752309	-0.0525775705693733	0.0159432533017503	-0.0120490077116258	-0.0588865698436041	-0.0405156836793678	1
-0.0497801623822018	-0.0271666978889967	0.00337165302259152	0.014599059460043	-0.0548104597623091	-0.0710189378073885	-0.138989558745165	-0.0680453371292767	-0.017650484783238	0.0342710254794601	-0.0787673949400356	0.0555984604115519	-0.0317646357217035	-0.123254241298307	-0.0419212009688471	-0.0160461032664776	0.0307484853006053	0.0230820477973099	0.0691521487218068	0.038099072364643	0.0566872523260142	0.0284431640944327	2
0.0959451524003373	-0.0268132670881869	-0.0837787636352161	-0.205081120753417	-0.120030565098974	0.0195590037379855	0.16964369736301	-0.0936292396206844	-0.231825105127148	-0.0251496563031989	-0.0542353718178535	-0.0338459945480598	0.0405254803219841	-0.0110620719593276	-0.134177117259066	0.0540068295138261	-0.043988426046468	0.142292171572088	0.189731450575026	-0.299991395521547	0.204991494639592	-0.0704241851153872	1
0.118264312977646	-0.104296245580265	0.0400146326526193	-0.0167414056226886	-0.0111246449452692	-0.0663298082907781	-0.041726308464701	-0.0854258051880667	-0.023450291520049	0.0763791760538799	0.0592207715595767	-0.0520034674354214	0.077938848160319	0.0685566156483918	0.116443174942949	-0.113791691315983	0.0658982821707932	-0.0135025056509794	0.125729976582536	0.0415858180869004	0.0060795987797362	0.145435610706519	1
0.0258579551417678	0.131295164264753	-0.0215464670007408	-0.0488867182965532	-0.0896459443269766	0.0379105737218418	0.0315620678222514	0.0716445945170206	0.00388027196004372	0.0924533191251566	-0.0121843366506375	0.0653825331925972	-0.0178669241606608	-0.0976022158854205	0.0266415208574085	-0.131103092909517	0.119088922458886	0.0478370751172259	0.10553768299262	0.112353010161094	-0.0181182293301873	-0.0968721028863223	1
0.0372287660037411	-0.0608457285109749	-0.184556147367177	-0.172671399018646	-0.0961843113012251	-0.104887183576421	-0.0263105564175965	-0.117828647014509	-0.0792335205784594	0.0909967712839896	-0.0781147764024594	-0.115844231862503	0.033292083114673	-0.0723097938744024	0.043620787924359	-0.0397045686047055	-0.0872387594303219	-0.0702733075218841	0.0981540946201621	-0.0532896789601584	-0.10918957059242	-0.0938479201701797	2
0.0881622733018656	0.0381298153617247	-0.0685839818060425	-0.0748654236864521	-0.0643252268350317	0.0248978503312919	-0.123672043593479	0.0735550858720955	0.0234332376930548	0.100821964268065	-0.0158896934058246	0.104774720820158	0.0844668076280752	0.0153352056134099	-0.153385428299263	0.0141868439092918	0.111952747179396	-0.000484869180437501	-0.0267630199787707	-0.00747482036361684	0.0371880189796485	0.0404801001787845	2
-0.226799636133942	0.0624710961322951	0.0765335963940779	-0.104368657232909	0.0971888836115206	-0.0180708462044263	0.0764071787030427	-0.154494362399125	0.0331272393235803	0.286923570189625	-0.0182448752958138	-0.0945834209398657	-0.21431335682022	0.299669842227611	-0.0474458815049187	0.466296398704544	-0.0234122465870317	0.0616987706694481	-0.118119892842471	0.0826900116534958	-0.11561806980883	-0.113640875601599	1
-0.204319729935455	-0.0473837097762446	0.0711632897025774	-0.121786474628477	-0.0914964908325072	0.0175216866695423	0.0943251665765513	0.00297649420559717	-0.0494822662812026	0.00475595402353093	0.123974073214713	-0.127102414625802	-0.111966212171692	0.0215426558603065	0.0479828795303071	0.0124047250754087	0.174190165013588	0.125475826745918	-0.0472573042828451	0.025997994157511	0.14466203511838	-0.0479111030717148	1
0.00715752874760955	0.0371432760249124	0.06044035618613	0.142811031662531	-0.112187545305586	0.049011546620953	0.000625458576751083	0.0397101938343981	0.124591719019959	0.0993587605752764	0.137988931051961	-0.00547569810719961	-0.0466411469459676	0.00418063797796301	0.0663576497739379	0.0547253672898824	0.0249722519846071	0.0907197242556283	0.0390963668423068	-0.113580381775368	0.0300192138180417	-0.039748915938246	1
-0.202409604582154	0.0802177629261281	0.0146071879533462	-0.0993775158814669	0.0315831667626185	0.110264506882351	0.00553232472459162	-0.027253784807486	0.00777768323733886	-0.0276643378850469	-0.0199764671998427	-0.0292141128429327	-0.0395115749142585	0.123205287873055	-0.0550853733736253	-0.0399856947267545	0.170245768743596	0.0136885243492682	0.0644246974737751	-0.0979838067641441	0.103812125998542	0.058759680625714	2
0.0118084565402689	0.0768362638053935	0.17737047562725	0.0587487617868005	0.0208041935793944	0.0248549108614058	0.243468711946081	-0.0047667802454418	-0.052859764031276	0.0495569681696579	0.106472859570032	0.0979208339937521	0.0773658711001989	0.0051161021243613	0.0186901144443674	0.106505034397029	0.0925368680773922	-0.0728382785759832	0.0868365900645729	-0.0867003154662673	-0.125086418536396	0.151232503951289	1
0.021358978568411	0.00423067060777081	0.0712068822704689	0.122318611359666	0.134436144091949	-0.0985482322630863	0.223866425918414	-0.0711890990473397	0.0448269596537149	-0.07183450306553	-0.22561819945084	0.00663754322162485	-0.178676864431485	4.70715371916163e-05	-0.039353779155846	-0.190205998507136	-0.0803952207885417	-0.0301028953274092	-0.206158505766854	-0.0651734102568455	0.0816269271215942	0.0396116152191303	1
-0.0508361377972801	0.0588281684251559	0.0490550948166883	0.0747195683986971	-0.0381730596492123	-0.0106078598654802	0.119719311570544	0.119087824284991	0.0865354457971531	0.131102976927829	-0.0821027668697241	-0.0538821813711413	-0.0033313565381017	-0.0381314644302294	0.0589044818282175	0.0481757777608893	-0.11171750274883	-0.00661183635949499	0.0177462409872253	-0.119732782458878	0.0125298046905097	0.074536627672685	1
-0.109470228844664	0.126699194389593	0.0910394360013922	-0.0537288880818865	-0.00983009196569447	0.176119892018609	-0.0773866667213827	-0.217000171029477	-0.0395016619983218	-0.116551030906006	0.150454186164317	-0.094467688210786	0.0514022853800093	0.0941594914221363	0.0903487175431855	-0.0677758548600464	0.0512810505520403	0.00550766338424451	0.0118746849180271	-0.0210984645561661	0.0875915117832805	-0.00439118134114806	1
-0.00799940318027882	-0.0893284801736284	0.0118258691283815	0.114192363286196	-0.0307125936697558	0.0583166929813762	-0.00573904150743806	0.0305137794144915	0.0867926302068393	-0.0397727376552606	0.0362959680164363	-0.00722815813641694	-0.0662997102183616	0.0826039655766277	0.0357049890852872	0.0979957582194054	0.042028743174445	-0.0864640625302891	0.0448846708491367	-0.136002425102623	-0.00626256799449131	0.124395002887521	2
-0.0134523390856331	0.220607138195792	-0.0160805391529187	-0.0547007729341831	0.0650277940860275	-0.148654627842179	-0.0456359908718966	0.056907295028893	0.172875930962319	0.0994319239519786	0.0512785101051353	-0.0977159128346074	-0.0784582138290089	0.0163643854353543	0.0358044562199502	-0.174795678974407	0.0548329145455862	0.00464453165252668	0.0327902330627064	-0.127341528380148	-0.0891137362533005	-0.0651266978922646	1
-0.00115107449005809	0.0916548938781032	-0.16650423008664	-0.000114952683393248	-0.053595494818631	0.132823045718156	0.0294558115901411	0.0918106379829228	0.0269935338791587	-0.150556112205108	0.0891024246102386	0.0235797266117759	-0.112936593867783	0.169281205726824	-0.0898825084439533	-0.0101997159000406	0.0881300137759845	-0.0123905756160579	0.0394293798838534	0.0895473429782062	0.113810283680966	-0.0175506754015999	2
0.0127055751691882	-0.00832235785631809	-0.113175457741928	0.0300015855083908	-0.0027055052039291	0.0237721871457822	0.0643778406886217	-0.0907593161700995	0.00531092305992862	0.0350399179026967	0.0664646166142264	-0.0704827512491363	-0.0149301576332313	-0.0542348107372375	0.0450016853417433	0.0147370142124123	0.0626208411154745	0.0716192990506583	-0.117937825284737	-0.0271083724111002	-0.119489011098953	0.0595430664208955	1
-0.0628844633016722	0.0963547070560939	0.0488054535180425	0.00318760904074132	0.0425874087361499	0.0505699873051265	-0.0281754000791012	0.0382207796986339	0.173616238666773	0.117068040488726	0.0317425086918735	0.0868207796297681	-0.0788559061295185	0.040809942294679	0.0776593812464889	-0.0699029297295965	0.0390035704236419	-0.0030988233052891	0.0582036919582286	-0.12481525091526	-0.003147781259716	0.0950939109596891	1
0.0752487055866987	0.0978985808160908	-0.0440153756068722	-0.0252676081759961	0.022137948433853	0.0380337800845235	-0.0278185890276154	0.00270247588211607	0.0968897331859517	-0.00887905108939902	0.0463206300824436	-0.108918684799518	-0.00176197240627817	-0.0115210765214701	-0.085054423361661	0.0261800018912758	0.0694288356676049	-0.00632089230913202	-0.0251588220410831	-0.0638731659698542	0.0192813609135951	-0.0474076356916528	2
0.00746639885127994	-0.0015157459757022	0.0149085720854531	0.0217687821327526	0.0060328783724838	7.6871586346843e-05	0.0133867355246613	-0.0652885812806144	0.125247453533229	-0.126382685866342	0.0139697106745574	0.100110634609428	0.0452562856114357	0.00641005341036045	0.0010308564798796	0.00177047842142958	0.0427151139393781	0.00842994526586352	0.0190700079704648	-0.106261898792543	0.00359552360260676	0.0543373664811954	1
-0.0194164239464691	0.0700092092314187	0.0763522166403942	0.118850890525674	0.155332746997605	-0.216064573790589	0.204374777054812	0.00984769913017189	-0.132918789037284	-0.0248341903573351	0.198044926115259	0.131544721206881	0.166285328646269	-0.00775643081195139	-0.0461184699444032	0.0905424942435249	0.0320961521560036	0.0281866051394562	0.0830947349768137	0.0684475396602608	-0.0285794693994357	0.0638918162796079	1
-0.0323508184131373	0.0888067690816535	-0.105150573666192	0.0202675487130778	0.0089743329841891	-0.0552986865168542	-0.066691179496215	-0.0165184916916754	0.12316522786465	0.039224691625294	0.147114485354827	0.0747311682006817	-0.112273979322034	-0.00742351095624273	-0.0218100435194597	-0.0238481309361692	0.0277652294485156	0.0236114703232245	-0.0177496887748878	-0.108183004716063	-0.0150927806334997	0.0511526978349274	1
-0.0410934216966565	-0.0197160013032533	-0.15446884184513	-0.0152513199791277	0.062354768936107	-0.166665382599101	0.0639841361126892	-0.123863261995031	-0.00127276546240155	-0.0753116417352826	-0.00244367079280113	0.223599210979622	-0.0633797801526251	0.00260284997366865	0.0655748943880058	0.0909036389722051	0.154435226794149	0.123047927690263	0.193906111554819	-0.0700865010913113	-0.135231692221997	0.0154201488439311	1
-0.0840346618523529	-0.0112733797661694	0.0397684173707631	-0.0436004371705183	-0.0881589527393439	0.135004671946513	0.0334274284816043	-0.0949688295622849	0.0678961790769224	-0.0496314237180873	0.134058749666201	0.0633643091183342	-0.239108632550769	-0.0242897844657761	0.0211401658427854	-0.0704741302632961	-0.0576803482081925	0.027719350693473	-0.0249724425452148	0.0573098936207317	0.00158645856116058	0.167200554964187	2
0.0640415932424016	-0.058644106695846	-0.0187431924235753	0.122516704122556	-0.0436576709328757	0.0654411899478686	0.00615577418352252	-0.120064191669569	0.0851462907379603	0.010358073111934	0.118095012381319	0.120207381636435	-0.115562193230029	0.0550736921649178	0.0777371778010017	-0.0672330381570717	0.113656003589312	-0.133488095304257	0.042698558074041	-0.083624277768057	-0.186942846275906	0.0162424154717183	1
0.0645181463808669	0.0953875689110604	0.142017764446776	0.120724127772616	-0.0526223998216374	0.0521263870554025	0.114426802642841	-0.00899233290809001	-0.076279163316441	-0.0369926247247303	0.0831822148641656	-0.00852177895950802	0.0165128872919784	-0.0261371016570336	-0.228523170293973	-0.0098559373803323	0.0486765131105048	-0.175325284681374	-0.0574905114568467	-0.0666767226581194	-0.17573265482085	-0.105582691941176	1
-0.0929819878879431	-0.0352067595120956	-0.0218576836107263	0.0378651575804005	-0.0294876436989064	-0.00137599307787255	0.0248725237061498	-0.0153709920883082	0.0458932634240192	-0.0143276856639818	-0.061699984388973	0.0702576043418187	-0.0900472346117834	-0.0506191107623013	0.00977980511020707	0.0342522759871016	0.0607122631247553	-0.0208638479231096	0.0139167578095971	0.0182202216167499	-0.0500313653654173	0.0559110492237613	1
-0.13725098377805	0.0407326552252449	-0.0927674223669077	-0.0353550998783826	-0.00252006742101516	0.0130764772704833	0.0457269249362927	-0.0106273277311192	0.0492771881215451	-0.0666291408120535	-0.0343220386307239	0.0530432814824436	-0.0201249102734501	0.000801770098059387	-0.108038288093607	0.0708675033557403	0.0210116599450951	0.014304986573008	0.0747850076499481	-0.0226365770011041	0.0859637289980405	0.151352258844754	1
-0.0979844428054443	0.0439916101753132	0.0249755125594881	0.0494268445453936	0.0729074337922932	-0.0288022181381364	-0.0908164770071914	0.0116907576860907	-0.0567404221147322	-0.014294980245548	0.0435132259910623	-0.0147906415694164	-0.0684324575069838	-0.0302598704692008	0.00783042602597743	-0.0503478380890672	-0.0710078457657736	0.00970266358338309	-0.0410046781853304	-0.0356527457409048	0.00555703879141639	0.0662764919730787	1
-0.0619887341517251	-0.0825108014912387	-0.0640037305523546	-0.0286181455784775	-0.0689969917335162	-0.0538767286406033	-0.0240743721883568	-0.000759214932617122	-0.171390909719272	0.0019375264475856	0.127236398313633	0.0959243477204049	-0.071244468258209	0.0388305326791454	-0.00528191185397831	0.0747424699803961	0.0560171621191377	-0.0674454378150352	-0.0992058562410399	-0.124910391092113	0.0563246746412994	0.0883180128883859	1
0.0781742818233839	0.0734242273945925	-0.110539270917915	-0.118725447125977	0.00290862673796405	0.0425743349107384	0.0289397307302767	0.0637024571781519	-0.0167475755909142	-0.112468703592806	0.0882035373080915	0.193649371022816	0.0839341624557503	0.190727394517301	0.143455840492118	-0.0543714682024736	0.0972630410425165	0.0846139478379199	-0.0738434221149824	-0.0290983130847922	0.0384021818739111	-0.13842559039671	1
0.0678886391019325	0.115277730771859	-0.0979402299800268	-0.0853599389725184	-0.00597133612641368	-0.0928637823020111	-0.107466446861271	-0.0227986090463133	-0.000938940418567924	-0.000619927630173494	0.227943817553817	-0.020593226730133	-0.0376225504267447	0.107168333183039	-0.0471311373351114	-0.0601794170568159	-0.0396643444728842	-0.0675519419109897	-0.137478417519396	-0.0779367165969091	-0.0111763295578083	0.0289488215317464	2
-0.111988299731788	0.0833170289366304	-0.134657056344476	-0.184089376761594	0.111838650892656	-0.0260365238812657	0.0600672618606999	-0.0778107914732898	-0.0778248815047663	-0.0683083790739749	-0.0998330789149298	0.0681802386887356	-0.0823736431019211	-0.0719888320660914	0.0117255666019241	-0.0259639797871117	-0.0739991914023076	0.0768003534305969	0.117586234891477	1.55268421637247e-05	-0.114570371066324	0.0789477512799166	2
-0.0804721498707826	0.135654813797366	-0.0113039189255165	0.00154923965919963	0.0477136979597769	-0.000756720756522326	0.200801163546518	0.00104531657826559	-0.0214055953347995	-0.0128114590954229	-0.123934804118265	0.0821123822250217	0.0221688726818227	-0.202095118542238	-0.0666369610673206	0.0503973190967771	-0.0916571424981038	0.0839747195580344	-0.0217606115414215	-0.0695993909622472	-0.00755881137972551	-0.00924789685612688	1
-0.0481886016910645	0.0355499374649721	-0.109975355956407	0.0171054588243144	0.0728356578011184	0.00402383597191326	0.00947603827311743	-0.0173953817528713	0.0328348311171566	-0.0853824015399831	-0.0319313685744918	0.00833085738504167	-0.00267703493926671	-0.00333326682238928	-0.0160055579388427	-0.0656563716222891	0.0483299232941235	-0.0078719904006023	-0.0317505709849854	0.0356526391239522	-0.00130205898675351	0.0554344498733301	2
0.0979074831230427	0.0409836627449404	-0.13478214745711	-0.0268929478968628	0.0718405606652282	0.010064105861376	-0.0758154129059214	0.0330578416609683	0.0210290538453443	0.0136907897892801	-0.0576176250301442	0.0718100985746262	0.125831800951376	0.169470181736597	0.0971947198887167	0.0341974123974647	0.0847945997496463	0.0189201365408913	-0.111222074763943	-0.143516876302024	0.0190851644938077	0.0314038889395654	1
-0.0371418678417769	-0.0425369134966238	-0.140523335328847	0.150998619198446	-0.0627496123839435	0.0210435176350666	0.0433351524482747	0.0254315794624605	-0.0473881809317162	0.0356584792363867	0.0157965133410132	-0.105483409411153	0.019599537804198	-0.0619420185972271	0.150319575827652	0.00653368575987788	-0.0386299457704651	-0.0273171602085179	0.0031832023831436	-0.0224482045558726	0.133961011585864	-0.0668610967472881	1
-0.0380099792727306	-0.0655659720379926	-0.0171870791267825	0.0806838775690557	0.0566364531287039	-0.0834740867545559	-0.0649071624043393	0.15445271392625	-0.121425288552244	-0.0788243620789245	-0.0138497875542618	0.108627426630887	-0.0464388982338684	0.000884467506809231	0.00940645619548282	-0.0397436046696287	0.0498164082110855	0.0253989348592879	-0.145784948754734	-0.0664123512705509	-0.0710612633310531	0.0220811863724162	1
-0.060553905492916	-0.0437510676001896	-0.0226387021343743	0.0226125472927397	0.075853755606794	-0.101475779994939	-0.0859718681549864	0.10597752696896	-0.0413843160395062	-0.105527011605091	-0.0537241747536142	0.0922638169662098	0.018367245763682	-0.0268451999663396	-0.0383070448762048	-0.00498575259874107	0.0685019945090543	-0.00112273726430361	-0.138314759289147	-0.123797351665746	-0.0349176528080991	0.0192385818116973	1
0.0557315320054369	-0.0508699773874337	-0.160889707724861	0.142149109520034	0.040184946727135	-0.059202576116453	0.0491122650561161	-0.112519175105035	-0.171343884161341	0.0561558655892095	0.159718700702518	-0.041733550987077	-0.130110419430961	-0.113511686822039	0.00863423490462575	-0.0710800811682886	0.061757721085554	-0.0638844290371586	-0.0603717939328866	-0.0725186491850753	-0.0891913897293085	-0.113519634118217	1
-0.104516738664761	0.0473239498447865	-0.0140257089845901	-0.0166488545119397	-0.0682661944782467	0.0626995311683024	0.0459408328338427	-0.0547292329720154	-0.028086948534898	-0.0154124114158245	-0.0348656435738325	0.055843912674559	-0.0501438633840678	-0.146141279119896	-0.0807136561111812	-0.0110164913258516	0.0366126380266044	-0.022636849299056	-0.0418609935716437	-0.00935729091614623	-0.113191771757072	0.0398360524746951	1
-0.150364510285395	-0.0651284272881727	0.0722934182327017	-0.0103409927011916	-0.112383526593116	0.0890751865184779	0.00283048866352917	-0.0519623548486622	-0.0679858137787429	-0.0210083232064618	-0.00378549605913782	-0.0520494362846529	-0.0521624643095231	-0.0321465239833722	0.0542690638833764	0.0534148827443587	0.140825435519166	-0.105534308421412	-0.0124492545942382	0.0241546163126105	0.187463489974707	-0.041047827028597	1
0.00768005189388168	0.077903280508741	0.0533328505231564	-0.0589279779586826	-0.128236790702152	-0.123830044682269	-0.0691997954499655	0.117266255571379	0.0173370609549598	-0.0230035474802108	0.0182905893128511	0.110458002538594	0.00111661983559384	-0.0388083283098828	-0.061775291434874	-0.0198898466537926	-0.142082048340787	0.00558172759124527	-0.150057504466738	-0.0617026534298734	0.0799508549048182	0.0658425144578645	1
-0.0311705474183035	0.0266565543052807	-0.00732310491096465	0.103167290012776	-0.0767569021862016	0.0107723082453269	-0.0320909051123994	0.0972166396387163	-0.0593705750704354	-0.0384420820254255	-0.00142942801219679	0.0941961867535322	-0.0590429228317167	-0.00668655394018095	-0.0456310167120204	-0.0331014095130822	-0.0661496508867154	-0.0655578510883787	-0.0517588390656316	0.0206113906835027	0.164041535329208	0.0240041764207666	1
-0.0685472474615716	0.0406475804477522	-0.133948785830582	-0.0416143261832214	0.0994234341462609	-0.0111176397595173	0.0680757903761602	-0.00596673812472293	0.116647712008125	-0.0976569266663299	-0.133565426342261	-0.0190457140975875	0.00567638067156689	0.10688314500726	-0.133249927169272	0.0118698175219521	-0.0194993612598631	-0.177451161793366	-0.0306535114707853	0.0206379715998827	0.0776065910298556	0.0130573083085492	2
0.00136305768812298	0.0778859725393563	0.0653811300603698	-0.0422434202101918	-0.014996520938254	-0.16041494055834	0.0950024228280737	0.0570321921041842	0.0547535755474933	0.0306696337698436	0.103323445441519	0.00658529655805834	0.139410620103002	-0.0110859413595938	-0.0194611692335674	0.00604319726594317	0.01008037764517	-0.184047575406861	-0.0208445594765064	0.159564755963609	0.00221946947676642	0.119300482149463	1
-0.0318589066226282	0.165369947826242	-0.0710656705131292	-0.0238623337378251	0.0585614574113591	0.0649544545633513	0.0507593534159874	-0.0221594192172026	-0.0219417470515699	-0.0237449849397285	-0.0281606888949107	0.141582317847394	0.0621811616838849	0.0072866352949998	0.0848763363143601	-0.0289730376543222	-0.0790902233406841	-0.0754224377382356	-0.0289542733625237	0.112345078610605	0.155297926234009	-0.0765623569805955	2
-0.0969561042464552	0.0396939003218557	-0.0715932931466057	0.0036612875810818	0.0834405134058307	-0.14903157598517	-0.0335419462457309	-0.041119726989101	0.130652382209075	-0.0241956514709191	0.0901567450356394	-0.150128024511763	0.104639768543905	0.0108786004378614	-0.094938016811289	-0.0839489225799173	-0.0295457397462364	-0.206797209115449	-0.0374175949127681	0.0151879895009683	0.0121239977068388	-0.0734606512990611	1
0.0545649368089373	0.0132595011586338	-0.103130634260553	0.129228600738297	-0.0512746609576411	0.000255055057171786	0.0964682061749569	-0.0190957228000901	0.0445092264008979	0.0273653378983829	0.0638733067606835	0.037565721704643	-0.107501968650811	-0.00396718987718913	0.0201522445702629	-0.0207781419023434	-0.0690622508927979	-0.0646595239713506	0.061072143232981	0.131539059771817	0.0931567968736461	-0.172999429487998	2
0.106176154431084	0.0104437810833199	0.0834395849559859	0.0243756728995368	-0.0362570296828789	-0.00970888393378527	0.0975404459104932	-0.0682352020457252	-0.0489857135024257	-0.0330431297174366	-0.0908904597112524	0.0276321125597531	0.0501812513878558	-0.010078547890114	0.112830674302607	-0.0432077666322237	0.0953796019200683	-0.0619571674072878	-0.145802977238893	0.197099235319531	-0.0267334241110596	-0.0516947271898201	1
-0.0943277148396582	0.0138354018499353	-0.0283410049556945	0.0726465854417943	-0.0259983116351308	-0.033858093787768	-0.0232361281517679	-0.0547104164720544	0.120171118796894	-0.0749187437672089	-0.0820300616669585	-0.0244516580612896	-0.0451986680244832	0.00251552323539986	0.0819139907710819	-0.0191977969993863	0.00388790852307781	-0.138352218868579	-0.0964348339597435	0.0625618157339489	0.0778583087368547	-0.0153319461320074	2
0.06695831745816	0.136916467035344	0.0173666426011117	0.0701048774710753	-0.0142048945179878	0.0562873336394513	0.0966298067219619	-0.00977734621529164	-0.00677527331109639	-0.0839703472177699	0.00720005594099878	-0.0623255095961273	0.0743789909126161	-0.0266396513067574	-0.00115630020164724	0.0767605817694921	0.0476388749745046	-0.152193654250099	0.035021969235118	-0.0307719036432337	-0.094076314310636	-0.0150957078283463	1
0.014779811112024	0.0437917435803472	0.185159782390624	-0.0340885182536274	0.0259499116776198	-0.194740386962168	0.210608861752167	-0.0209290009765762	-0.068476101975003	0.216324950980167	-0.0719288223102278	0.017016642748484	0.11280236738216	0.0666196492384252	0.0999251414461872	-0.164106157052588	0.101583019234262	0.0562852035438533	0.000643336428599303	-0.0794769380449631	0.112045131943347	0.170328092137028	2
0.0469259380586359	-0.0628868925695085	0.0566908556496298	-0.000545249827692806	-0.0652639933314663	-0.0918821697990336	0.0211971596638347	-0.0901064919167289	0.010782169872646	-0.0803728732025452	-0.0604855906507212	-0.16779561582868	0.00249816109425851	0.067648651739031	0.0341084784128008	0.0571791512960681	-0.0345114815052026	-0.0331997771390762	-0.000747176187383274	0.245148185528386	-0.0138417617675518	0.157829536834637	2
-0.0742983501375585	0.0716079994645157	0.0299884316696987	0.0948001860923487	-0.0262251059181932	0.0467938658939731	-0.0196649602257743	0.0090726237894549	0.011700782083222	0.0672772174873973	0.0377026444735259	-0.0789038352041971	0.0349244645359952	-0.0361162475195225	0.114327912690637	-0.0908590181233889	-0.0167670625464655	-0.0592924922533327	-0.032050717989557	-0.00645036910809866	0.207343217311773	-0.0396015791446378	1
0.166973710778531	0.000960157190868242	0.0130731544590083	0.0158174626506528	-0.0283319471395418	-0.123978548422985	-0.0243523868727471	-0.0923083408306521	-0.0120064543961962	-0.0649311822673391	-0.0453204499351646	-0.0450386967757699	-0.0657604469941032	0.12704304309794	0.039470101451821	-0.0836214348930555	0.0334663009623319	0.188253723140578	0.043344727723997	0.0114532884210828	0.0550233041970833	0.0200971850270838	1
-0.0607888297771302	-0.0130780563563932	-0.005283987928991	0.135004798278367	-0.0301885034283283	0.0599264444615004	-0.0406924706738631	0.000410893239963546	0.0872895393068048	-0.0050346915331315	-0.0374332440675512	-0.0957085358450106	0.0991613005668701	-0.0575437765169416	-0.0260423094364108	0.0780401061580726	-0.0198935553153825	0.0260123097579183	-0.0977909843518483	-0.0811694512037872	0.0873724546574755	0.141724790440755	1
-0.0234788916505999	0.0869056361504565	-0.00804109285954671	0.0419725322400482	0.0210987654736687	-0.130188192416651	0.0097662399872831	-0.0815787205182649	-0.0830197935657925	0.0174808394842251	0.0382044260124502	-0.0116785772600678	-0.0390360555188878	-0.0285395663199393	-0.115295622342431	0.000880736998274125	-0.116033581738189	-0.119141942848779	0.0101617790893022	0.0470449491026674	-0.0917211594235504	0.0835771318484793	2
0.0370921436068751	0.0793084788689795	0.0722813279891309	0.0698499242672757	-0.022466192400992	-0.00903284459929307	0.101866337521705	0.00833696735002537	0.0192450692180978	-0.0573003838356813	0.0188575521635958	-0.0272989633511233	0.116662521626683	-0.0261396967251973	-0.00602163833400974	0.0218987964136684	-0.0226135511779868	-0.00375850498767414	-0.0189879578304866	0.131639149766319	-0.0149422856931447	-0.0243080780984706	1
-0.0614767324821378	-0.0306031003417409	-0.0828621601297324	-0.0420313829615814	-0.0894405442482754	-0.03009092885848	-0.00534474045045566	0.0409951827884121	0.049688285807454	0.0289351352492276	-0.0569193652323241	0.0104609478522696	0.168803438605397	0.0101975268040053	-0.0395798476047717	0.0987827732220193	0.00897630206573781	-0.112214833100749	-0.135282234488953	0.00610079442274712	-0.0780136615567115	0.0287779088475713	1
-0.0203867076234608	0.153211143439062	-0.0483944156538183	0.0577304720591634	0.102169189739163	0.0415063091190181	-0.0351264159576331	-0.0807668250105832	0.110325165572333	-0.02130441825482	-0.0722794208286681	-0.0922019368545525	-0.0887172886839669	0.00206447713980118	0.103707396615478	-0.135660747983586	-0.0352820826589387	-0.086564916375017	0.0990674315678806	0.0635581008212939	0.0271679719336068	0.0154588138330855	1
-0.0563375930241964	-0.116293629525765	0.0484342331577394	-0.0587618886036502	0.0109968271271961	0.0120500050481627	0.0536059607097468	0.0259257192134773	-0.127278046193371	-0.359899023872345	-0.0478814487752812	-0.124987691212788	-0.0349027674131521	0.0333005432369382	0.0243162761791139	-0.0279021494285389	0.127385283895102	0.0704021833316832	-0.127148543223662	-0.149014013734729	-0.140597638664632	-0.0547824949469598	1
0.1226300773273	0.153596393355774	0.0656901719609754	0.0437072781573128	0.0328982518108401	0.0707968598394309	0.110396753118464	0.0667619108120995	-0.107570551857737	-0.0564269033838436	0.0389587733507212	0.0911084170402032	0.0425407764215336	0.00561579457907769	-0.120421658282903	0.183347490176015	0.0532344818793271	-0.0541991763479952	-0.010508157871326	-0.0165652946398006	-0.0563394551186435	-0.123450043978686	1
-0.0657265115232102	-0.0185150976362131	-0.058601173638354	-0.0674840094099798	-0.101452681877859	0.027118047324096	0.0247564807198978	-0.0479226257533878	0.0561033934435646	0.0532393237894053	-0.0876641134661826	0.0278976482468786	0.136757077410493	-0.0570392438929785	-0.0637362845987407	-0.0291423389894115	0.0201759905675372	-0.0302166799412183	-0.105442409981334	0.0877351439284201	-0.0268238231224721	0.0127673489194008	1
-0.0409201237003636	-0.0344789716014623	0.0699596981701983	0.0516216383703135	-0.103284328348959	-0.0327792285825234	-0.104528127716697	0.0566218586495385	0.0441859409716733	0.0103322737714864	0.0612531890968066	-0.0387336526725771	0.0176348341783791	0.041270780933015	0.0509367587160926	0.105059550161877	0.0249118751999984	0.102470787413189	-0.00554559977753906	-0.0255386315560754	0.00134341640828594	0.0200157550256027	1
-0.112937305231552	-0.0345259507514759	0.0365288967247726	0.0162585565867807	0.0169344896016803	-0.186395153140621	-0.0620512103743577	0.0715599033581117	0.0233458463962836	0.168129439278774	0.00829942905263553	-0.0240177259183552	0.0465418756264915	0.0131542106639787	0.127284992779292	0.0169385575441255	0.121211144316371	0.0707640464616558	0.00994078393036078	-0.00828851831940897	0.00117363428483511	-0.0817695980844342	1
-0.0399098671180382	0.0664685559623179	0.0841668867160135	0.0369613027807735	0.107898761690379	-0.0484386893547878	-0.0901548414492091	0.20478786356866	-0.106055789504239	-0.0102597676491534	-0.119728713576575	0.125682025061617	-0.0904067247597347	0.172178869152438	0.123634390025328	-0.0418911335521883	-0.121009913930785	0.0657541272306558	0.098404803521699	-0.032834032266292	-0.0699827135751027	-0.0518979656700104	1
-0.066199010738276	-0.0390877736316669	0.0260314296523302	-0.0419492581074885	0.0274136803773653	0.0154884361711435	-0.00466261093503317	0.0690724007163089	-0.12468248181386	-0.037719114240394	-0.067556963881814	0.237192562139271	-0.0638473207183838	0.108841789154715	0.0182972829592091	-0.0608125396172455	0.00677788789640741	-0.0778273157443294	-0.00275941652094594	0.0195984422550416	0.00496401245632783	-0.0599923041246099	1
-0.0477363518860167	-0.0678454894332107	-0.0971753286649889	0.072611045749129	-0.0486254662870145	-0.0640497067803116	-0.0287864746689715	-0.0201043312891534	-0.123357078366249	0.00826200387492003	0.0422715195452761	0.0614821073131819	0.0634215795029328	-0.146913987985009	0.0746090732266522	-0.052084349708202	-0.122468635701265	0.106344543508888	-0.0417814254505514	-0.0614544655274495	-0.0385790316336193	-0.0708542197422783	2
0.0783333455408916	0.129918702912725	0.0264185786101718	0.0339930582296132	0.197405622807664	0.0296130185605658	-0.00858360403446551	-0.148585045382476	-0.111392888902221	-0.118281051028455	0.0397085900206375	-0.0512687075335204	0.065945093540196	0.0505860519529791	0.0710940138896153	0.0464690159757726	-0.0221765752605581	-0.0202043376023862	-0.0279918860297285	0.0333788807091726	-0.0359659761959321	-0.0582762750793496	2
-0.0249363203030392	-0.0661744447092322	0.0730891344033934	0.0739665464043454	0.0953580839837016	-0.105572328137345	-0.084499152385346	0.109300541592183	0.0936921508960345	-0.16446569393072	0.0753065665141992	-0.0619866953313391	0.0433622325694456	-0.00232371736526461	-0.0387009229845426	0.0512274584510239	-0.0593170164243942	0.114502235037687	-0.0690982612729889	0.0162717221537251	-0.116116568520543	-0.067759309296418	2
-0.000675932551715948	-0.0832696082514748	-0.130052828725541	0.260942358814097	-0.00703712552840675	0.0319527970986883	0.0348626361207957	0.0274471899318342	-0.148559565053388	0.0753900932969198	0.104435327239267	-0.174723850465686	0.00907649870221541	0.00787010681941244	0.12210401789513	0.0298216956027004	-0.049805947266677	0.100315318774882	-0.0418766708549706	-0.0655624308209292	-0.0142081765377126	0.11343557466731	2
0.00710265345210238	0.000225109759532511	-0.0830456021670439	0.0765114791399662	-0.0861773510216306	0.017435882021275	0.0255365101864866	-0.0871840763644218	0.0197394172719624	0.105122728110515	0.0438762002022938	-0.0373521232564997	0.0544056253858038	-0.128117770414418	0.13283589594535	0.0175090785149794	0.0100779626978801	0.0585578892728953	-0.0420387041215487	-0.111051735185823	0.0372180415308888	-0.015170278096084	2
-0.0151523527752251	-0.0654259648875977	-0.0532582568057279	0.119573265951544	0.00279457656548508	-0.0934331054886372	-0.140114124366733	0.103473723877026	0.0285219362621823	-0.154305501936931	0.009965449797611	-0.118548302678295	0.108672999306751	0.0319311824265619	-0.181368219644907	0.0468621778886122	0.0862191205788817	0.165035120998466	0.0142307297580335	-0.038020803095673	-0.00737891594997768	-0.0697465303999377	1
-0.198926145707006	-0.113631479597249	-0.0138593004014938	-0.0341326207810136	-0.0154182338167046	-0.261095693647057	-0.0303092428647909	-0.0178751391384851	-0.0984540126062224	0.122800770789745	0.00362326099358067	0.0129767619418498	-0.0178931032993871	0.104362314397495	-0.10139354244088	-0.141485431945546	0.13017891763948	-0.0845127689518338	0.0813400660032259	0.173442314511572	0.0765705731572864	-0.233151977880447	1
-0.0300021906495228	-0.0867630391776659	0.00510855836916453	0.136677498476151	-0.0150286923837197	-0.0197565787037757	-0.0904239259745417	0.0159161418132129	-0.074296153899596	0.0268760408882019	-0.0503947012304883	0.13240795077488	0.00797032120605348	-0.0213450754319289	-0.043425873346165	0.0319898888717223	-0.03053998918313	0.117093437455668	-0.0907906151941084	0.00802544157540752	0.0168423953449212	0.0372975574500737	1
-0.0400218111685604	0.116996044538873	-0.0535877087899883	-0.0232835784603678	0.155939083095223	-0.0477748603173707	-0.0325391240820965	-0.0206840291659576	-0.128050326784872	0.0259521867602406	-0.101608154326618	-0.133032384068838	-0.0818526350264177	0.0250805838678339	0.0908948710300022	0.0235756075205685	-0.219388900360512	0.154382704724016	-0.0105325095172525	-0.0168820174928465	-0.0632840524050604	0.0840271989800927	1
-0.0656352367862317	-0.0463185787582311	-0.0844253180411943	0.089373231073291	-0.0804638100489022	0.0926898675113632	0.0405011214199315	0.0725681639587965	-0.0331222269283004	-0.033507719975128	-0.110508386010649	-0.0374943054684743	0.0208226415495585	0.0286844895855827	0.0326147258436901	0.0344133501588578	-0.0322667581408131	-0.0205511624474965	-6.14463195398283e-05	0.0307327452092562	0.0573504338620744	-0.0309580913455404	2
-0.0735367620804689	0.049650893122014	-0.0188335996486197	-0.0981959593705363	-0.0292610368967649	0.00415972110615463	0.149315649456288	0.115816663110247	0.0152540696942771	-0.0132149736915774	-0.0479172109527641	-0.182545565829225	0.138740011736461	0.0926480286161872	0.108263932940134	-0.0507535032033973	0.00824912718629	0.0392593028003957	-0.222285713273845	-0.0209304571311933	0.0586652490899015	-0.0118780038598486	1
-0.0267914281839899	-0.00512575537699585	-0.120463824942124	-0.0170171646922498	-0.0202105398617279	-0.1509383228116	0.100917137156071	0.0396302643370942	-0.047375894866412	0.00337339331315964	0.0676060877090218	-0.0705150883576988	0.00456375684885215	0.0685924365590097	-0.103270752710642	0.0114184565321655	-0.130604277265841	0.0741015883420762	0.199429590308586	0.129114951221772	-0.00366337044806221	-0.0349190003156056	1
0.0959913715693915	-0.0282964376277562	-0.0688647454173393	0.0506762286167524	-0.00577015244371034	0.00354556099664207	0.00982404102945297	-0.0510391216123554	-0.0715118019118935	-0.0676936139057704	-0.0620456253753831	0.00352749211198623	-0.0277146389205655	0.0608143201129009	0.03897720372348	0.0312984594809097	-0.00508601559577094	-0.0495426620501885	-0.00318329737348722	0.0634152071834598	0.017819638063256	-0.0656894442121228	2
-0.0487108620635815	-0.258198963136434	0.0465788959198852	-0.0603346846304779	0.290200881624943	0.0479708490832367	-0.120484821920423	0.119212619808572	0.105187262736138	0.00561708428831252	0.0193089281586601	-0.0502402599269276	-0.00867610467609944	-0.0327923848896411	-0.105611849674832	0.0329668051712296	0.108840923007244	-0.089713100476599	0.037878030360214	-0.0343419971799012	0.123382498764276	0.108357100597112	1
-0.0428632546325279	0.060365786653873	-0.0684329213031937	0.00640034907456503	0.0453722260128886	0.044074853776158	-0.0660033575799597	-0.048715387832544	0.0342649611634207	0.00788297443952816	-0.00815369887234992	0.0658906043672553	0.137352479923741	-0.0642191096677097	-0.034789079492001	0.0222949642958452	0.00658141227101012	0.0972374713122337	-0.0456521232466865	0.0601940806755633	0.0311063611776338	0.101497854911852	1
0.208416763462441	-0.169643550528647	0.0727525361821507	-0.0594431490333141	0.314933231875103	0.0609394148812373	0.0483483978227839	-0.045875554465485	0.13035312803132	0.0879631742541276	0.122936447025158	0.0531125659334847	-0.0243322781009197	0.00319628894933315	-0.180068603282657	0.12260839995326	0.081329053443654	0.0038952860289126	0.0352996983786581	0.0495240619957003	0.190446527799806	0.021986657725079	1
0.0596628063626128	-0.0531954731213551	0.100051108400825	0.0323145160066595	0.000287623738368789	-0.187781473501252	-0.04808366056746	-0.22775596385212	0.151488230712013	-0.0780973376203317	0.0916794416122978	0.0920752962559227	0.183530622080474	0.00453789445442523	0.0840409024260324	0.221455988437548	-0.28723380743825	-0.0747100661624542	0.0611338941230365	-0.178830724559506	0.193396591961572	-0.113252711972845	2
0.0946071810396873	0.00884428984059344	-0.0453702423652615	0.160748218030733	-0.00498704766762155	-0.00454571190421756	0.04264032249644	0.0360192567533437	0.0289183151110829	0.0413120883971798	-0.00383974500409879	0.0124775922648063	-0.0550889392361785	-0.00487362831812143	-0.00190074899992411	-0.00394678025527978	-0.0491473754993553	0.0407305902670259	0.0932085242649607	0.0162855496720431	0.18290056993964	-0.203921532969833	1
-0.112580596210578	-0.0773572296493681	-0.00281546075672259	0.0536620231594828	-0.0466130939976347	0.0306747409258598	0.0387058411016957	-0.132058878713903	0.0354559973726701	-0.0797812430972273	0.0491035540832534	0.0880389531495614	0.0968327511135888	-0.0068326229375753	0.0115188266899841	0.0871246103679759	0.0514812561001296	0.232953316868271	0.0544424455086588	0.0751238265967845	0.0720879367326988	0.0093335697013222	1
-0.0191837723762714	-0.118702299779304	0.0280205234551564	-0.0366642609783607	-0.0515910162726769	0.0428385851492006	-0.125393379665902	-0.194726564637863	0.113765986890534	0.00196321386754436	-0.0747116799189984	0.131868658209563	0.143400889804944	0.0416013288874263	0.170735601290335	0.0253955409084091	0.00444118227455565	-0.082251663325087	0.0956558096738328	-0.0860625425248099	-0.09817383027459	-0.0490782440276034	1
-0.0498382602640859	-0.143246518482191	0.093393564811484	0.160277396088365	-0.0504310311260178	0.0814138685526756	0.133822667656641	-0.030568013248512	-0.0937724377366614	0.0627399432936738	-0.111372153427118	-0.0841850119572687	0.108866484832456	0.195436338169371	-0.276190574458822	-0.171369258704041	-0.128899587984105	-0.0938673183388482	0.244779491061641	-0.168372032355836	-0.0174931217556761	0.0879507174523291	2
-0.0759251056305	-0.0980324858022778	0.0369301548542107	0.0966610370328884	-0.0323651350351007	-0.0538442416732731	0.0466057724068799	0.0424352968662907	0.111567869098174	-0.0945568318222729	-0.0341116707379671	-0.115193431905635	-0.0159123891668098	0.031527640797619	-0.0840855489006438	-0.189817346901617	0.1661543846759	0.084123669191421	0.0748968674258872	0.0954184191801076	-0.0719815678105266	-0.0357255631974849	2
0.0250823751831522	-0.144595786602708	-0.130536504897219	0.134207362506079	0.0675776802559536	-0.0232353244272522	-0.0104931293187852	-0.0135207710550422	0.0605002595220855	0.100338955517877	0.0516991174998285	-0.0769774963130195	0.00717886158433749	-0.108281307269127	-0.021285342708638	-0.0288274065152369	-0.0150051197255261	-0.0151916274179248	0.0077735865276962	-0.0129407421926582	0.0458387318140392	-0.0312317462975164	2
0.00327859542381477	-0.0445427112123151	0.0651575088863607	0.0473230920375769	0.0606462255338201	0.0518509880593177	0.0575449519799984	0.147817762127582	0.128546233031426	-0.0498719249673461	-0.136748714423385	-0.00093467011886865	0.10275061237109	0.10082051450174	0.132139306872051	0.00528074719506167	0.0231687229508245	-0.0063999809597149	0.103065490469496	-0.0428469089447965	-0.108875596312578	-0.136329653697315	1
0.00944995611553855	-0.0917026784373831	-0.104040438726863	0.0417282458587564	0.0250637926864943	0.168365606241478	0.129521855972426	0.109475014407694	0.0185409268279036	-0.014731034262447	-0.0130590241208731	-0.0562127963581243	0.074979860200682	0.0576204975409097	0.0193433949846184	0.0292019358675905	-0.038630779243034	-0.0359784842741698	0.0667732377564116	0.0353571645246789	0.0385057581990105	-0.0940310421640613	2
0.0222042866021428	-0.163154853025509	0.0362551492156462	-0.000897823430281869	0.0347409294485679	0.0868039628072993	-0.000812204462191167	0.0347484278777916	0.00711068209161294	-0.0277421751343434	-0.0103415056164781	0.0248821938805784	0.108570721777028	0.0290838454556441	0.110378114329541	-0.0114555209427161	-0.0178971555601181	-0.00785474723980648	0.0818352783953631	0.0648445556728073	-0.127393936640036	-0.0684296693309269	2
-0.0279339632173581	-0.201912540841657	0.0352925934337941	-0.138731501286003	0.0895069941412927	-0.0406613773254881	-0.0765652516769772	-0.0942162563699053	-0.0553448743134738	-0.168802554820168	-0.0746259611956719	0.0319175656366854	-0.0770063995453138	-0.0469465977403017	0.0258191371419374	-0.0168698876790069	-0.194011699183039	-0.202998866527265	-0.00128452927046045	-0.0643928818901291	0.0156015055933862	-0.0713082782355386	2
0.0582398764249366	-0.112146371713624	0.0309967453964652	-0.122633929941117	0.0224596000938055	0.0242552188907467	0.0215592579347223	0.0206953586888819	0.0289369305274538	-0.0824115619615106	0.0500184397483924	0.0028574276957562	0.0801804727457782	0.0652704119973231	0.156416393107362	0.0438593842012071	-0.12004326018394	0.0179107684446079	-0.120624442930973	0.0568874308900587	0.018218973932243	-0.0980708519196338	2
-0.027131040931204	0.00436594459239925	-0.0988527523089899	-0.00436580763722732	0.146308065364134	-0.0114173379472612	-0.0175951507914777	-0.0303203166058689	0.018779420752296	0.0674898990830491	0.00249267302791013	0.0710428034914528	-0.0174653674820012	-0.0843876878771348	-0.0228396145684256	-0.0889538183087296	0.0146159097384465	-0.032295211645809	-0.0177756530861122	0.0271578145410387	-0.108583563765223	-0.0741237126742807	2
-0.0518076247606981	-0.0496333022187029	-0.0334090626392099	-0.0429334491666143	0.0546187846157213	0.0342778279670344	0.015417875620576	-0.0125981549194229	0.134901165606712	-0.029373358537943	-0.0322900881559578	0.0896777323152742	-0.0348348464343557	-0.0719851878089086	-0.0260528893246693	-0.0621147064015476	-0.059000912118959	-0.0187970143988488	0.00586106783602475	0.0399520094000571	-0.0129449710676581	0.000250849743232584	1
-0.0917446903508229	-0.115822590519231	-0.0368756469168108	-0.116319589532014	-0.0303952960323135	0.0504620946864594	0.0597654953859056	0.0144833823687815	-0.0231696437588882	-0.0488434073490822	0.0585311013973204	-0.023311677730284	0.129457411035373	0.000994940671636509	-0.00215703324178874	0.0162255919196378	-0.0492894460761438	0.121560999997694	-0.0254932676307306	0.058677096750636	-0.0606453505797001	-0.0377661526711824	2
0.00491062979912191	0.0748559548160358	0.0760179176658538	-0.000592265965188962	-0.154926202751982	0.00811833816544084	0.0250571368457914	-0.0258222394722745	0.227759307352523	-0.0373668767438855	-0.0277971264514275	-0.0282142852618535	-0.0310631286844396	-0.0260738092098964	-0.0277356078892754	-0.000839625959368455	-0.0837821559392631	0.02150841902662	0.127765246572486	-0.00384881972478882	-0.133802963950819	-0.137010247083097	1
-0.0176642535340314	-0.135016083924724	0.00262874319506953	-0.0325498978374736	-0.0633039349228155	0.0403984294698463	-0.071446597836404	0.0371194704303523	-0.0582093766935242	0.0900631933640779	0.0659155473221077	0.07189390354455	0.0584595181560813	0.0716942684973673	-0.0236132426109753	-0.00755564331701557	-0.116974384766445	-0.0352059552789371	-0.00158808579866915	0.0525010509196755	-0.144635573004163	0.0729628154826428	1
0.102807037195304	-0.0750365679594088	0.148588865216661	0.0556691085130262	-0.0310300038124592	0.00321421081115092	0.0217905986039209	-0.0195371283603593	0.0737348664141012	0.00428335114929368	-0.0942516071438577	0.0600129728476896	-0.0391127191795828	0.0440289973737216	-0.122174813910151	-0.0598631684864955	-0.0841632793192712	0.1489453020335	-0.0426986496231546	0.0218612510500216	0.00719800731846783	-0.0393866151301469	1
-0.0611620902905497	0.0151845076256239	-0.0129472967777489	-0.0550680738226349	-0.0256988429306465	0.117916337797575	0.0124685003943931	-0.0927521697122169	0.140236825045159	0.030737258089279	-0.0697996641246622	0.0232760734729191	0.0662612462507879	-0.0992665593206847	0.0457512281857905	0.0304803511133753	0.00823733322319693	0.0536091123526771	0.0557760395328242	0.00471585161660403	-0.066290607555464	0.043991944540437	2
-0.0866392832814372	-0.102821552635559	0.0519812498804529	-0.0212301235119387	-0.197603839238945	0.08796243712527	-0.0967089893932367	0.0306469877018209	-0.0362633034299621	0.128580039957804	0.0607041803852806	0.135053611349323	-0.0633627646043249	0.0919234061957771	-0.130516918975139	-0.0707494259174287	-0.0762018127392558	-0.0141201213342462	0.134009649822253	-0.010726242233545	-0.0295664001231197	-0.108698058477575	1
-0.0334070186430195	-0.0698800954190967	0.0115333343457838	0.0138348064132573	-0.0326944920243691	-0.0291982142445234	0.0113531390567361	-0.0506949326511201	0.0226938191411875	0.050442297422907	0.0662905938992477	0.0231698072819655	-0.00122170181991757	-0.096730739037042	-0.018260004805832	-0.0074479937233766	0.0214689618796305	-0.00855123277682508	-0.127311494088961	0.0858585879904413	-0.135252514839394	0.00654374915911664	1
0.00630580874333642	0.0518757607654426	0.0258558697418606	0.103818062739529	-0.0119417042170112	0.0336758202527481	-0.030366571372505	0.0298434325903046	0.0509338328249306	-0.14699352738571	0.128103651234598	0.0816987157591054	-0.179492731268354	0.0663996142029908	-0.000134765838637741	0.0506664224483328	-0.196808322916724	0.0188388602353918	0.0177987129279489	0.106842509041823	0.0855186788484301	0.012442879902847	1
0.0663248101931171	-0.00512259284932043	0.198039452275376	0.00246019608173268	-0.113954948871228	-0.0187744028677995	-0.0435784597623268	0.0393443081008167	0.0942661703649117	-0.106110067938395	0.0657667342337018	-0.0168773100293274	-0.0662112259980281	0.00437301585452535	-0.0636824655266837	-0.0450916960761407	0.020979219905729	0.0722464477194062	0.0198940339192756	-0.0188597422254602	-0.129778642174593	-0.0946177049884467	1
0.0356580955251077	0.000759001500443209	-0.048095820466102	-0.170799701439614	-0.130703190349755	-0.0169056328596864	-0.0205209725547873	-0.000471070824021895	0.0925685471596656	0.0170392992138156	0.0142013366253419	-0.0399247337633248	0.0857194782149047	0.165853684210781	0.0390067318553252	0.0111906012088831	-0.108289575195419	-0.0533165558706714	0.0135391864093813	0.0643145814378751	-0.0623183842644758	0.132182687398059	2
-0.107940135470077	0.126081726432796	0.131790516980293	0.0765648245217043	0.151904452138086	0.126982651571052	-0.129591222266714	-0.00739789508935798	-0.0375226994526162	0.103242616368895	-0.122105280826833	-0.0216584391667532	0.0551426921398633	0.0396054833605	0.0335389363929369	-0.0520524296015729	-0.0808227001350594	0.0915876702404815	0.120879994392997	0.0123446240419544	-0.0735884830025612	-0.0335761177269863	1
0.0738516237982553	-0.0245841047575931	-0.0497057429950041	0.0363702781409325	0.191578405589194	0.0816276470577441	-0.0953361227998886	-0.0664643802659074	0.00111035840980949	0.0620077377895844	0.00356718142183162	-0.035786064772007	-0.0278596553602318	-0.0197656942346862	-0.0126615957298338	0.0334065700957703	0.0249113496950918	0.0758019389909375	-0.00602643698859817	0.0216279005157177	-0.0500151017113919	-0.00809250819665246	2
0.0114858940147892	-0.069544057489711	-0.149071971669094	0.0139514276858626	-0.026787197742929	0.0401102944151385	0.0377384261476184	0.150968386921771	0.017744710962901	0.134551279880131	0.0299619420583621	0.00782988750848128	0.15776998471907	0.146054764897398	-0.0466977014525355	-0.0573260465489673	-0.0763683214569814	-0.0568104879567846	-0.0709662729648724	0.0706692715381294	-0.0734411574901783	0.17299991060064	1
0.0815155326458059	-0.0912127300272489	-0.0190156125726201	-0.00426546003740761	-0.0164920321848932	0.0890072098912105	-0.0186743684096102	-0.0293774372867434	0.0675134087183582	0.0623263747813079	-0.0390854583455533	0.135295285390393	0.0278235822414632	-0.0439003284745087	-0.107495369458647	-0.0285116691041765	-0.0325289061814817	0.109157397097505	-0.0676305987692324	0.0580935142763222	-0.0157926972323757	0.0156162699205343	2
