"SV1"	"SV2"	"SV3"	"SV4"	"SV5"	"SV6"	"SV7"	"SV8"	"SV9"	"SV10"	"SV11"	"SV12"	"SV13"	"SV14"	"SV15"	"SV16"	"SV17"	"SV18"	"SV19"	"AGE_GROUP"
-0.0280300341651044	0.0514594856325516	-0.0681266835233585	0.0235559426183227	-0.0584739915993227	0.0875545262221718	-0.0161281654310354	0.0402033788556209	-0.0646408469554586	0.0557819570691405	-0.0358803129186648	0.0621427041624288	-0.114731954502672	0.0757455552759424	-0.0566089798594553	0.0478180225190234	-0.0205258192471919	0.0712869821338174	-0.0468219705798915	4
0.0466779628061644	0.0398164955333224	-0.0474487342033963	0.0175559711253164	0.0418791522203953	0.140201064302766	0.0340390451226254	-0.0166091291529661	0.0224252640301554	0.122007803211839	0.115230139937832	0.0824035732125896	0.0518676594018415	-0.0558904208938624	0.0763384033384147	0.00146870292566231	-0.0370195022905747	0.0819676218086375	0.0727258379097938	2
-0.0844649257154134	-0.0381237725490431	0.0908809521988069	-0.0334203964086464	-0.0593962206207683	0.0876804362368928	-0.0525569260614277	-0.0580359458376056	0.00664159767091496	0.0538954115956455	-0.167683375676696	-0.0870857435127834	0.0344625263009601	-0.0725279627838584	0.0223479742057497	0.17969774749582	-0.0263140567627823	-0.0724289375388231	0.0285274221481764	5
-0.0939465978131822	0.0401299113027875	0.0444756536103812	-0.0289227403532992	0.0149712994771954	-0.0250505872644038	0.0182174615898423	0.0300579565613425	-0.0858740836505274	-0.0229192727933497	-0.0901079451148783	0.0738182401244146	-0.035443114959282	-0.079495491238222	0.0258699518420571	0.00566199166399554	0.00130498440949847	-0.0463603141878169	0.0117427330851787	4
-0.0850976443582403	0.0353311182853476	0.0306560461281228	0.00740707370431221	0.0678045417846495	-0.0359554242555498	-0.0396831589067436	0.048010492367432	-0.0327085014049608	0.00936804366939611	0.104190078668273	-0.0120948863849621	0.0580907784731336	-0.0660637342017858	-0.113450432322866	0.0865391023773139	-0.0574589434898777	0.0362504202355142	-0.041099281442808	5
-0.0362301721276079	0.0903875351890382	0.030312697833619	0.00430474064587774	0.0359717591905702	-0.0848025605105587	-0.0387651814229331	-0.100351495677024	-0.0339253941331817	-0.0141255339441437	0.108120060194023	0.14870414820571	-0.00910305163915467	0.0302216407288893	-0.0670328984884213	-0.0310855959531776	0.0320002946423356	-0.00986941891725118	-0.0594198210563464	5
0.150168339909264	-0.0958804928526789	0.0171358010020064	-0.0501925752717144	0.257212372357335	-0.0124720975312203	-0.0920805787566699	-0.0686176786243792	-0.0927905091404517	-0.230247428568816	-0.0598008423547316	-0.0463103761250155	-0.0936835986890174	0.0363477899852713	-0.145776794301165	0.00545219824271456	-0.0380462373968942	0.138441027040859	0.0529087152550063	1
0.0154375496519238	-0.164468279130995	-0.0182771796303793	-0.205972146010748	0.0622650641660558	0.0171691511839226	-0.0966796623605107	0.046335735277826	0.022593203833373	0.126407441793716	-0.0153993280197461	0.102592346310064	-0.0346374178571571	0.0659595431275376	-0.0309037029087086	0.0131325977083818	-0.224890437662169	0.0791725001777185	0.0107136951789711	5
3.4484277368619e-05	0.0609486081431123	0.0275841643753035	0.0376969199821972	-0.0270923959780479	-0.0381411484703807	-0.0682745181732921	-0.0384946569825306	0.0167030873141896	-0.0207595049395697	0.0343942773745672	0.01898020864465	0.0751790228377221	-0.00160486661449522	-0.0327349931683067	-0.0474828130700244	-0.0744265692678147	-0.0229522383235724	0.146208046893231	5
-0.0636215757614137	0.0160243383050752	0.0187399244427755	-0.0428253094704543	0.00631653379368163	-0.0154152475240509	0.0182256345016244	-0.110284455780933	0.0662912833555085	0.0758163889859808	-0.107194008277904	0.0158415980337874	0.0263318658768235	-0.0522414131660811	-0.0264745204758631	-0.00856652274714849	0.107300361895863	-0.0335888411885252	0.00598176297055125	5
-0.141122410455608	-0.0393848025188756	0.00257734679324679	0.0227552441679525	0.120276784984609	-0.00198395420526237	0.0211738457623652	0.0300967390548535	0.0112017917699195	-0.0233586103219193	-0.0274518102855948	0.0114791895136283	0.0333459633355729	-0.0668251525892232	0.0464923863546158	-0.0092696826760907	0.0138388219196803	0.0823593953138315	0.0965929009332277	2
-0.0490127231504416	-0.00488589187251886	-0.00574677023108467	0.0219551213516236	-0.0329042439656033	-0.077604746760962	0.0316272322879119	-0.0847373947752217	-0.0324505151092994	0.0421856430083158	-0.0133473814717152	-0.0766486275361004	0.0454069168336919	0.0450739462363113	0.0367055686872044	-0.0272827322478734	-0.00440945691447842	0.0015218647316238	0.089139857461018	4
-0.0360704880694563	0.0370477419205818	0.00813306316025045	-0.060947426337916	-0.0465891961974453	-0.00269444483676587	-0.0525816333496085	0.0790191358328771	0.0280449989852916	-0.0251880841056722	0.00269280936173181	-0.00157544362492132	0.0577427053205282	-0.0922040983118041	0.0753638348283563	0.0710045789952835	-0.0845621484854901	0.003324080422489	-0.00839023779084504	5
0.00945872709858236	-0.0564336095249118	-0.054299071218269	0.0548363058903443	0.0578926121228464	-0.0549463988209257	0.0465149791871325	0.0893884629578982	-0.16162048597242	0.00694448473866272	0.0230265516756591	0.0354867798338736	0.0495985687828835	0.119755499713577	0.109130003703579	0.0571679090997699	-0.0636707074615643	-0.0496421078907717	-0.0350795494704432	5
-0.00231637798643624	-0.0378311530882391	0.0307300687803812	0.0143461092801204	-0.0982959972240327	-0.0425275734329092	-0.0728883506601742	-0.10675365641893	0.0394208704348236	-0.0435974425484733	0.00259078074522316	-0.0864510712119617	0.165353756573702	0.0558071358786076	-0.0280642330914405	-0.037521733698707	0.00150853667547729	-0.0711562626505322	-0.0131902163864933	5
0.0455385167156225	0.0201769562166725	0.0452438487732369	-0.00369912006491481	-0.11404753558926	0.0280762596591014	-0.0337917678833877	0.0523344717570475	0.00157436757354601	-0.0772439315922936	0.0551740882601091	0.0285674755278311	0.0459842327902358	0.0157898982702241	0.0269746656626495	0.0490470661884375	-0.0219874858258499	-0.177078854011938	-0.0701167730546639	2
-0.0340804478382224	0.0416152516159304	0.0362814830465119	-0.0754873460720971	-0.0758986337350783	0.0495444264876264	-0.0278348194906421	-0.0132114904438237	0.0244025009102801	0.00898358895135998	-0.0938966956855398	-0.0531960512940699	0.0448250659583343	-0.0615939290263676	-0.00236779367743065	0.00823315182449118	-0.0666076912671868	0.0799310985985374	-0.203492500179126	5
0.114502610296906	-0.0242845415301459	0.0495129925398183	-0.0353164265121561	0.0555482603833166	-0.0255411373777452	0.0384244198512288	-0.0138611929393149	0.0183678597018944	-0.0549574749648314	-0.110240226056656	-0.0131932962315179	0.0371209555902041	0.0607109688144925	-0.13470706307222	-0.0894464179353811	-0.11724502930963	0.0732871116629139	-0.0459066398576714	4
-0.0312873624792037	0.0192712213582959	0.087116450922225	0.0338157151863121	0.0595890178143626	0.141012437087836	-0.106555880210066	-0.0339495159067772	0.0870257480370497	0.0694462139950707	0.102136275623071	0.122808048144097	0.0477823787808712	0.00887955825533265	0.0382629350220781	-0.0907614007066701	0.161112720617672	0.0103411144197489	0.0660011316751117	4
0.0497840748655046	-0.0708474570583003	-0.0856644083625499	0.0958741597345194	0.0368663244737795	-0.0262362650993782	0.0402369997821888	-0.039512369057742	0.00278760032335307	-0.0251293465081983	0.0445986149779569	0.0238256066710081	0.0357828891579024	-0.156032296545215	0.0081137526627903	0.00691513359608603	-0.0078752124102303	0.0417629309390289	-0.117261385671957	4
-0.0560210733818259	0.00584950640078295	-0.00558931823709435	0.0454148627288878	0.033379800721644	0.0245777530950287	0.019097715580418	-0.0692676263740911	-0.00589378362999656	-0.0726389508568281	0.0865774581773681	-0.0218829266539676	0.0276491756704813	0.0509634400190894	0.0516422905985524	-0.0346771305298388	-0.151077311616141	0.0102032653218353	0.0205271393695785	5
-0.232658435341741	-0.19973751586079	-0.0169553315385733	0.153959282238359	0.0240601301835379	0.158263233541998	-0.0421413425500379	-0.0812346469328758	0.0480836603518839	0.0484946354221022	-0.0594362936295842	-0.0349043604909552	-0.0964596415002429	0.0271621808108819	-0.0390084303401276	0.0591196737479453	-0.0435538524171941	0.0380560713107919	0.00107869002405996	5
-0.109457537808305	-0.00154095452473349	0.0206736456513141	0.0100924088922563	0.0322589545854242	0.0124606697167165	-0.0609131642090788	-0.00446206045043671	0.00592723893971612	-0.0179839952414361	0.0183591247545261	0.0297583659780003	-0.0676356316380158	-0.00616408660931012	0.0563973988643422	0.0388669979094917	-0.0735695757782791	-0.00256163510741353	-0.0709721422268532	4
0.020892165169593	-0.0170549595598078	-0.00507647412474257	-0.0273719363544759	0.0287826527510839	-0.00885288953357598	0.202730380761855	-0.00825736144856886	-0.00648400230561294	0.136462691944154	-0.0439614639559407	-0.00175757793270136	-0.013373868655452	-0.0992618957769864	-0.00775811614270316	0.0817184262018671	-0.0962737681069461	0.0584069012043891	-0.0466115797636165	5
0.117401263840003	-0.0757371709052316	0.118487539821356	-0.00825779399395571	-0.0698199595737367	-0.00300767153857538	-0.177164629257106	-0.0764513404773019	0.00969811166617672	-0.100855130380892	-0.0262365012358792	-0.0282232717268012	-0.0529868324072157	-0.0389011768270537	-0.0303110864216572	0.0870383431991955	-0.059487808253324	-0.0101234218338045	0.133002002515262	4
-0.103656016803924	-0.0212963011865648	-0.0275716184606956	0.0439557087713048	0.0525223445582632	0.042123538363895	0.071556553281252	0.0132752965661946	-4.97196532648372e-05	-0.0466061510720964	0.0163388806956625	-0.00486881123308025	-0.00342061130388488	0.0410000312345983	0.0512658428007981	-0.133154514163387	0.0183837714897458	0.0786650466777566	0.0520770776028918	4
-0.0814149934901032	0.0496336845134775	0.0575281800725052	0.00256808432003096	0.00257509691232404	-0.00668632757896093	-0.0118665717242988	-0.0910358743948146	-0.0839951315584434	-0.0414172495157238	-0.126773714809656	-0.0281795938810049	-0.0421898566355793	0.0427844320983972	0.114714817891581	-0.0282811399885721	-0.0116250605078954	0.0256905838642169	-0.0126050509222564	5
0.180684922932023	-0.00631301316778059	0.160862805172185	0.099757989047906	0.103419211708134	0.017980040266977	-0.100200732819043	-0.104035671872711	0.0644394816373376	0.0164061119878344	0.0612824352016266	-0.224891178864654	-0.132866904380763	-0.028442098638962	0.0201008569459615	0.0626959280989783	0.0317784803930441	0.167050601460619	-0.0638757963717216	4
0.0177645152277772	0.00886009387135144	-0.0522419091316315	0.0312077962236512	-0.0290007469657372	-0.139966003368276	0.0249032086041054	0.0975967525573639	0.0264691683712054	-0.0534354132570378	-0.0420688224086828	0.0598331090962594	0.0881551706240122	-0.0256322227264662	0.0511624716239197	0.0743858023133277	-0.00284379254466165	0.0515277116444538	-0.00551297839547431	5
0.0025090407535732	0.0930990534214649	-0.088255776931535	0.027132145924639	-0.0448337514625858	0.0441596512299496	-0.0500985721903383	0.0336081440272509	0.0625341884597263	-0.0359606852176152	-0.0336205555167224	-0.0159581800674031	-0.0429478490817768	0.0216423250253829	-0.0520634912577573	-0.0429355597326103	-0.0842634680026618	0.131402885703089	0.0896971518341351	2
-0.00532450986162508	0.095485993074813	0.0442896664312056	0.00640564893139392	-0.0251778439811768	-0.029514796623702	-0.0999307802318245	-0.0126516434443227	0.0117546165122257	0.0552356049843096	0.0960998993471072	0.0962647077284365	0.0535082666279503	0.0277354171693399	-0.0513069350278569	-0.00352827624560142	0.00116481321032019	0.0718684571754427	-0.152031977183651	5
0.00350873955018951	0.0504087972849136	0.0142973373335411	0.00723982065128463	-0.04222753216835	-0.0934445695974055	0.0238068757320205	0.125550985240927	0.0683000682483311	0.0200018498679281	0.108254318169442	-0.0642411021099152	0.036587011252631	0.0797874015631853	0.0663136702283277	-0.061647754669899	0.0141107834071768	-0.00257511706928075	0.0764434320298359	5
-0.00231849803357153	0.0101046371916977	0.0282358141575819	-0.00634862461556137	-0.00808140688948018	-0.0293000277822956	0.0265792362038247	0.00321326909542018	0.113400968322994	0.027884548595871	0.0898656089034466	-0.0329397709518922	0.129890271107352	-0.0998755118373575	-0.0189575539194248	0.00750879852224072	-0.023285771001941	0.13425187958467	-0.00630973588268964	5
0.0820441516140594	-0.0485965525727326	0.0246421145050185	0.0786041721795949	-0.0868947597134031	-0.020250449110051	-0.0384683474624948	0.108875931214985	0.0242407668853244	0.0271601797371079	0.112821772190947	-0.0877068130332631	-0.0989504863520917	-0.0346942204633947	0.053270867918028	0.042408571662305	0.0800109755934844	0.0281632301559657	-0.0386592989366512	4
-0.0200707405445315	0.0481492481912425	0.0247311025613168	-0.0444652971549436	-0.0738545490813255	0.049873799532466	-0.0507067254284808	0.0898145302461224	0.0278597853548118	-0.120029042789126	-0.0320161948834123	-0.0673710443082577	0.0449533950086695	0.00225130820127242	0.0208684348449293	0.0630719359924535	-0.0483149733514076	0.00107220952782006	0.0579472322079771	4
0.0519395240777085	0.0108257104216475	-0.0794249550454907	-0.0280990482128469	0.0105013397127693	0.142047883570949	0.0538917534242879	0.0356394133856559	-0.0239678961795927	-0.0137764423313001	0.0163535708616862	0.00365823897784817	0.0296658264952275	-0.133087645021481	0.069315794600041	-0.0443412640420938	0.0239638114772404	-0.0768429999737296	0.0833386926511311	3
-0.0661254254376619	0.0380490704582548	-0.0161630277415095	0.00284661418611721	0.109855916658594	-0.0828054958325761	-0.0528793561628103	-0.0394882203576769	0.0717010464434898	0.0254081000458075	0.12965653794789	0.013946095327332	-0.00828854403329972	-0.0161548622185374	-0.0844174585272713	0.0163240406483041	0.0781797672977466	0.00791684376631163	-0.0614121806813534	5
0.0787410599450737	0.0482556759526594	0.0358727626033485	0.0629289104369656	0.167150482076013	0.119194324729707	0.0792925680213236	0.104677032468224	-0.000621617145799883	0.0906369462867846	-0.0256423888648455	-0.180156323262477	0.0755942196219591	0.0706030599850859	-0.0433403296902823	0.0443614745991884	-0.012893982035133	0.0379998755752435	-0.0899034420241278	4
-0.00978490637157467	-0.0206747189045347	0.00919968709131809	0.112777557885718	-0.0299116484290545	-0.0552675711489111	0.011957770819781	-0.0522207167607251	-0.00706972657619639	0.000518651798804738	0.136544869782817	0.0359081677453223	0.0219395754834369	-0.00503210032375719	0.100741960425271	-0.00716348354960484	-0.0622250960196049	-0.031868334562156	-0.0058048102435793	5
-0.0324724341112727	0.0596936041049591	0.0679838784301654	0.00457681735581893	0.0597393553445562	-0.0137075399562924	-0.0403022049781733	0.0344027695542767	0.0157971529656387	0.03146381804554	0.103691843133913	0.0154281296422202	0.00591066023633431	0.010060151936155	-0.0264121446305211	-0.0463293270003954	0.0634309674702181	-0.00955571782281037	-0.0888262042225757	3
0.0901073222312782	0.0337719167403594	0.0277794282899236	0.0603182448492741	0.0776713717187303	-0.110376862118512	0.0272947800444124	0.0659167399038344	0.144194708714683	-0.0763559793508607	-0.0579728445132813	0.0408120413362036	-0.0852087728111122	-0.0449664672207179	0.00675827695126706	-0.214286530135844	0.0175097580770053	-0.21452703284265	0.0726149197973009	4
-0.0212223012143852	-0.0442192988129666	0.024362800198278	0.100075954754335	-0.0901441571622286	-0.120162179081354	0.0367956217312275	-0.0247555412819306	-0.011394112261796	0.0196997706644483	0.111865163526899	0.0608580176171602	-0.0611699766050595	-0.0997080878519376	-0.0167840118907324	0.0626449321899975	-0.04623544257569	-0.163406545903542	-0.0552226928092571	2
-0.044440182671357	-0.148839720310632	-0.0672842823294285	-0.11259429963042	0.034610839952062	-0.0347424838327124	-0.0511147132523893	0.00569393141367335	-0.0520157739304083	0.180579490606819	0.136359480730945	-0.136197225668162	0.0254708515068018	0.0408960282231411	-0.0748407999990825	-0.0903861703737518	0.016330797422751	-0.0322609398097522	-0.0606020428518954	5
-0.026376326522233	0.0941181528277475	0.0683240200051526	-0.0280363937018726	-0.00863967936542418	0.0111143540243968	-0.00300086975100757	0.0120537504749884	-0.122545531946789	0.00562395067860246	0.060308343493784	0.0251492599671054	-0.0676708019072667	0.012738168305273	0.0587755128744782	0.104409794773968	0.0217447961565628	-0.0195437777898003	-0.00379320500557346	4
0.0286818709189314	-0.131750704019305	-0.000306062660328599	-0.225100752070892	-0.0818461848666195	-0.0565028687917517	-0.162399087877487	0.0203234944042045	-0.0924376409042291	0.0751820311836099	0.133087515248784	-0.0935012834835004	-0.0749170143230275	0.0173180513179084	0.0102680240034032	0.0485046301254216	0.0166310389008367	0.026221072383388	-0.0142877471860298	4
0.0373664039172875	-0.00799624250386625	-0.141717483425073	0.00154193293684494	0.0128619740103123	0.0335046501538476	0.0387023043562093	-0.0940126247631246	-0.11681009701946	-0.0100851920366601	-0.0179635845410728	-0.0537852869308402	0.0689227005114167	0.00966367448204989	0.0300583477262311	0.0213119721536875	-0.0310311828962451	-0.0121041607747979	0.0347335509942892	5
-0.0440757832737746	-0.057691672459256	-0.0207915418147059	-0.012233938525426	0.0269599895399782	-0.0287638071121276	0.142890336039029	-0.0974816492541281	0.142229791422284	-0.0819243282104386	-0.0057689624736691	-0.120760059361912	-0.0310428287520308	0.00163155804826954	-0.0524685080338412	0.0380811001066481	-0.100936993951488	-0.118838975035158	0.0684034009045691	5
0.032508659177932	0.132419706099374	0.083533439439542	-0.0886753763866733	0.00515187133167985	-0.0154222979841405	-0.0697722338056891	0.0950984660323332	0.1127481573756	-0.00181706344184496	-0.00962196565474146	-0.161336574354917	0.109070431923229	-0.0678394311502868	-0.0781124255328342	-0.113031955786175	0.0444329751250476	0.0381208251995389	0.00428063936765055	4
-0.0895028353927125	0.0433418018431187	-0.00289259890316238	0.00624854076081488	0.0677596277181008	-0.0462313000045879	-0.0491870652541222	-0.0541966448498654	0.0181073220187836	-0.0445070026605936	0.0882508198652165	0.059902621338641	-0.0525774745249511	0.0405122951470743	0.0330005579147788	0.0195542695773369	-0.0591817116056562	0.00450425886923958	-0.0980515137607279	4
-0.176281740998929	-0.117494123482037	-0.0282143002805174	0.075944058902936	0.0685271179570761	0.0733696562820608	-0.0736596846152992	-0.0351219404813429	0.144232621412113	0.0443201455966426	-0.0521186405431283	0.0399393555727358	-0.041452853433284	0.00748722564594766	-0.0777560489257583	-0.0745758763806868	0.0287010754007906	-0.0169529117236312	-0.0320944345118789	4
-0.12757400595169	-0.0136917602766023	0.0290909790232344	0.0607527251871152	0.0556190078039859	0.00168388780576223	-0.0388774347487426	0.0349682126364866	0.00609415547875181	0.0217166145868981	-0.0646440479859821	0.00352050213962918	-0.0445829429134522	-0.0379785049808839	-0.0514384908199023	0.00178176483567042	-0.0722189303561618	-0.0170169573301023	0.0129200996326345	4
0.0638979189896872	-0.140801148514779	-0.0848163187775192	-0.0417642595788113	-0.0073212907421688	-0.0799009414653572	-0.0750012090159387	0.0457670800455842	-0.0525159856068973	0.0283572679465782	-0.0748634168782381	0.142592600850069	-0.0939482030860856	-0.0179584338336959	-0.042321675372649	0.00119528105443434	0.0533675964245566	-0.0325839436120938	-0.0579093558886015	1
-0.101144060491073	-0.0137298221451073	0.0403178630218548	0.0174398163105967	-0.0595738585317091	-0.0123783807859562	0.001639514386268	-0.0143847547069991	-0.0211606314227533	-0.0356353363213617	-0.00246870618339433	0.0342110362420184	-0.00949426405003978	-0.0372077345086725	0.00457733343086992	-0.0291271488873448	-0.0500077312868762	-0.0383582794848821	-0.0527780653137481	4
-0.0289879276693708	0.0745850306049181	-0.0390380113461001	-0.052356263605005	0.04592449330913	-0.0313989671885527	0.0256962264083083	0.0630993352790551	0.041650782607924	-0.0697886450358213	-0.0369341154895776	-0.00998051203437091	-0.0154580645520481	0.0420424125532981	0.110408187215522	-0.0271461915300179	0.171249926531818	0.0961975866101147	0.0677754234373206	4
-0.0236161426785817	-0.100418006869552	-0.0567639704897795	-0.0153620550641134	-0.0788715631790412	0.0163185189426597	0.0974098083432504	-0.000460180997309159	0.0732304527943975	-0.0972718060987379	0.0315558124191406	-0.050731610032848	0.0722715561627749	-0.00589345955006608	0.00515767896260232	0.0451650901598555	0.0798574456398114	0.00614390907649872	-0.0184074348705949	5
0.105841231590217	0.0200193696317507	0.0169346582916844	0.108357783297352	0.0413766359319094	-0.0631249773986401	-0.0303511872816761	-0.0662643223659172	0.0811255453107996	-0.0095886004177237	-0.0948288590680144	-0.0680178938007997	0.0286731831621058	-0.0980661661256177	0.0231058294546671	-0.0655615201136133	0.0228812202465921	0.0677623042750126	0.0340790829261629	4
-0.0655787518490623	-0.053246140026704	-0.131454384308847	-0.112238695374182	-0.0810286945038654	0.0706305694899011	0.0889779769310393	0.0143269510181529	0.0825414920866586	-0.166163872876108	0.0152486562772531	-0.0395710971730267	0.000749677090634265	-0.0389565928140712	-0.0413534794713464	-0.0244343502365752	0.094542924619912	0.000947825987937845	-0.0195417521233664	5
0.00208334857582741	0.00988993249596695	0.0515321786378678	-0.0459896184005774	-0.0388312132737256	-0.0328356745070392	-0.0578908387721229	-0.061071674852886	-0.056603008941877	0.00416742846846572	0.122780429248476	0.0279857020312272	0.126270298511825	0.110471997868993	0.0290677111357009	0.0282191508705335	0.152531162508708	0.0446119313343195	0.0837844498285295	4
-0.0160340139845108	0.00863293400184685	0.117163002497403	0.127817093338941	-0.0579140166100344	0.0391351477911489	-0.0838372004014173	0.00898377435330735	-0.00672805982870882	0.076909994100965	0.170962487004507	0.0381800743312141	-0.0115015025879425	0.0578218376546065	-0.109474050772402	-0.00559604339342567	-0.0944613718123912	-0.032922199112826	0.012450082758257	5
-0.0428612023397141	0.0150654034124051	-0.0173221460582129	-0.0468009602657985	-0.00928371746555357	0.0184247464313563	-0.115089747981483	-0.0137146222068277	0.121252457103945	-0.061231962884992	-0.013786425800373	0.0198108395242301	0.102009975664961	-0.00911205618773634	0.0385678062489852	0.0695550631707332	0.0157355316906298	-0.0141899905304383	0.0862275972859878	5
0.0410524993445261	-0.0216438054196353	-0.0492275596560092	0.0592834095672613	0.0494975078509524	-0.00371978256645642	-0.0880195047569555	0.0394486151169903	-0.0976917729308181	0.0641519498849265	-0.0364736674274239	0.00210929136176045	0.184560488422218	0.208178491178174	0.0571366852090812	-0.0585606314994672	0.0284444155957152	-0.0751938456839867	-0.0329995947161605	5
0.0713330915732129	-0.0248747609011564	0.0918950754990847	0.0414816924025955	0.0876932901169191	0.139183234429739	0.09274655117558	0.101496618157364	0.0907939579299668	0.0365390727558455	0.150949964237104	0.0562966609395377	-0.0865879056492817	0.0321182076381779	-0.119719460504415	0.0286463365647331	-0.129096945094856	-0.11067926281636	0.00151767141130402	5
0.0155970163356798	0.137095725000457	-0.0144343651191349	0.0195315776856408	0.00329488805404761	-0.102834122624181	-0.00717527906302223	-0.0519040058912194	0.000333006918377779	0.0533930914473932	0.0305370329649737	-0.0445945456897281	-0.177070685565586	0.0799419163921045	0.0211948387598096	-0.0222868482682212	-0.101106730617907	-0.0747228641169939	-0.125892236926907	3
-0.00798617562937263	0.0560113971777424	0.0415056684750231	-0.0558002153498823	-0.0437186009126995	0.0169883201140887	0.00773727406204024	-0.0886778334552125	0.0561255956249237	-0.0484782977821628	0.0881693557452539	0.0639174741120668	0.0907267302310076	0.0267463221829158	-0.005480132874063	0.111179380023955	0.0225227431510415	0.0796631748255622	0.0285520209988188	4
0.068305983418587	-0.166302413066972	0.0466391829877204	0.0183077644202037	0.0854752933725385	-0.0236802915587541	0.00513161416274843	0.0298747640731915	-0.0189278172733794	-0.166105680575833	-0.0237480930592149	-0.0181582753230857	-0.033553652863689	0.0538454506508091	-0.0452535426912083	-0.0167364344534716	0.00104560549765536	0.160395422191971	0.028590760496121	4
-0.02853303750146	0.0695045450211074	0.0016723514497826	0.00129139629208295	-0.0765901752123379	-0.0236234435931671	0.0119249953266913	0.0324018719853029	-0.0295473309533516	-0.00531178166692349	-0.129620477152061	-0.023907288435941	-0.0235457563894579	0.068048048336269	0.113593901899194	-0.088364666000972	-0.021814807813578	0.0214441350572834	-0.0473422403665807	5
0.00602609172089789	0.0305118087305043	-0.116415293802466	-0.00791790737885341	-0.0792686140247123	-0.0470364811603782	0.0598994686169141	-0.0354464173677976	-0.0514420111091723	-0.0552455706525532	0.0349845840426274	0.0111882145205423	-0.161270444836963	-0.0190288362478333	0.0799294460596471	0.00420676626167289	-0.0177475278698463	0.0173422662652203	-0.103598092869183	4
-0.0440405350436354	0.0747736720614065	0.0197876626562798	-0.0285222974671423	-0.0214905442791147	0.0277403315875602	-0.0817254948341111	0.0385798792811575	-0.0207018255874519	-0.0285413271635826	-0.0378979675003464	0.0690901694566976	-0.02477348332224	0.0345671018064792	0.11390933283096	0.0467010574438184	0.0424886337430036	0.0200397170448666	-0.00357161518307188	6
-0.0687467167272923	0.0743051070595498	-0.0268661935018466	-0.0263781564004209	0.0279229894705576	0.0272537675073395	-0.0267112680433409	0.0647592073172431	0.000702304321804807	-0.0771530027288704	-0.0890995926933021	0.0901497147203023	-0.0895074615174676	0.0608764868813835	0.146577778128009	-0.0473604090908469	0.0191848221063935	0.0011456421444301	-0.0124689407020302	3
0.0208540386674	0.0422657363868593	-0.0983283783781943	-0.0219207974446524	-0.0449272295328487	0.112036381869661	0.0217948386236584	0.0291250676688255	-0.0958492586339313	0.0247937682518093	0.0109815339464815	0.000829570005630151	-0.0646096935303859	-0.0287754986547182	-0.181861177970732	0.0889482983721381	0.169879488248973	-0.0833963675888983	0.110783260223736	4
0.0183599295093102	-0.144516297762228	0.106548774713309	0.0366059727004465	0.161635345515617	0.0583357611574454	0.133784054799289	0.0553841344369749	0.0218576267043447	0.0470324389950964	-0.0403674401793631	0.0903819238714975	-0.0365296088217028	0.0688536777024558	-0.0711627781548124	0.0220372302077793	-0.16699344523479	-0.109888384586432	0.00308649707759512	5
0.110441837810559	-0.125107921312369	-0.0238381679946014	0.0684265638714389	0.114194730847414	0.0301792822479881	-0.0132550831363517	-0.0839662146285371	-0.0657124259896315	-0.0101247176630821	-0.137844758615792	-0.00882295133735576	-0.027678234348438	-0.109618445542618	0.0186842434199767	-0.00364488894365374	0.0369843231643387	0.0223039789737321	-0.168991984418081	5
-0.0231257828180593	0.0843306529557561	0.106924001878095	-0.0293500512435116	-0.0306557467085891	0.0579758790067158	-0.0722994500518123	-0.00992300913445041	-0.036982169882596	0.0500125703325369	-0.0822996859741127	-0.04286849686142	0.0296604206552864	-0.046082823878038	0.0646377138197455	0.0296766926595975	0.00822817855483953	-0.0084711018534282	-0.0273966537754226	5
-0.080740615845818	0.0397576941711517	0.105972434060605	0.0414791930778572	-0.0407079359082985	0.0253670583404722	-0.0145822120424283	-0.0166921767221095	-0.0784405110901623	-0.00723134465324696	-0.136227244012916	-0.0896936433766457	-0.0294625850185211	0.055491101499954	0.0463342635036366	0.0789293004937516	-0.12307476358406	-0.0557330576745093	-0.109942917467579	1
0.0734775947745334	-0.0207154013446223	-0.0787845938891979	0.0542037807247858	-0.00611575704380513	0.0177828581496901	-0.12109876191825	0.00126865351671054	-0.0273502540748961	0.0707143158929523	-0.0791083419710305	0.165421778486273	0.065003308094807	-0.109424141480887	-0.0461077026853667	-0.0533267274261493	-0.00142396599393638	0.0609015300705342	-0.0587628764478512	3
-0.0482271025336538	-0.0437366573490956	-0.0179462998251595	-0.00238252639297483	-0.0962953824836633	0.0114661983440308	0.153864513912051	0.0633879736074769	-0.0949778080890505	-0.020974292701656	0.00766229917057299	0.0253055936819429	-0.0212286986957692	-0.0376540034981758	-0.00849638247843791	-0.119524749128761	0.0584332648106432	-0.000495778845423095	-0.127100522862911	3
-0.0912375160062809	0.0197394528539178	0.0234643636787893	0.0231035327674714	0.0728186430668278	0.00097261250243092	0.105163604911404	-0.14008167788665	-0.0791293831157389	0.0126276209779692	-0.0542376119791246	-0.0262722979650618	-0.00520458747102001	0.0572161591866584	-0.032553808682574	0.011449980773057	0.0261109249115448	-0.0255396354470579	0.125877909102233	3
-0.0107208763953927	-0.0560736796912924	0.0304661213135459	0.0248770768985919	0.0664665769353175	-0.0440625785719242	0.153842997109346	-0.0943742476513486	0.189692068939191	-0.100296813085249	0.11013725841506	-0.105207674471687	-0.130052854673656	-0.0649620001493559	-0.00560241750840079	-0.125601505382341	-0.0860043079996762	0.0592369302837664	0.0419871072432009	4
-0.0612449617571261	-0.0182641247335033	-0.0546534552020712	-0.0487487241933581	-0.0316310953053703	-0.040226193150784	-0.0412455592508309	0.0159954032617678	0.013531299853673	-0.0650329724284065	0.033609089843697	-0.0349899579142306	0.105063148118958	-0.0389503894744727	0.0116052286301221	-0.061984180651589	-0.0335434674956749	-0.043385893584975	0.0585563582559631	3
-0.0045103469677971	0.0913459396406266	0.0393986572523469	-0.00958018336331752	0.0228256848928966	-0.0124285768930608	0.170139670680967	-0.125123231499653	-0.105368911522475	-0.0716244530884928	0.102545417917085	-0.045237412984858	-0.175141702431558	0.0202694931817357	-0.138757362932759	0.0367626374866997	0.0414235114073095	0.00563542825572942	0.147987918776523	6
0.000842337985215234	-0.082033261012113	0.0387922089706383	0.130576562117007	-0.0350503104913574	-0.0474391871150288	-0.00847920840995008	0.0763218623057215	-0.00565418891517906	0.0560457944441272	-0.0479620771340568	-0.00997129748473445	-0.0246692820608899	-0.0205399506131171	0.0538134580690043	-0.0281711472804525	0.0159008913817215	-0.0334890203030439	0.149340220867555	4
0.0493182047351025	0.160810903771276	-0.0820336001737538	0.00227798487066888	0.0028469996424578	-0.0357793446524843	-0.00499083612747232	-0.0416274917880443	-0.0111891274727403	-0.0193943502922104	-0.0012681524362611	0.0716963124145509	-0.0272693986199134	-2.53949809631897e-05	-0.0766945943634368	-0.104069661758515	-0.0950119267188857	0.0209305069009726	0.0541961233324653	4
-0.00582106778249867	-0.0105577114576568	0.0360927013801818	-0.0893002403060594	-0.0996495892176502	-0.00249317985730574	0.0531576987480867	0.0037995365822341	0.114521655636689	-0.0820930254880432	-0.0122788632011412	0.0176933994897958	0.0918444016399291	-0.000397752294535135	-0.0160900926206841	0.0897280574767345	-0.0315674663751624	0.0246518549392093	0.0130004421431294	4
0.0431829082789356	0.0162969823746732	0.0186704216838304	-0.00657768820772284	-0.128138155591947	0.0788025751502258	0.112898169862215	0.0867291744746275	-0.202813045598232	-0.0977223541723947	0.0036331916404197	-0.0723014493572271	-0.0196321583881613	0.0883091137398298	-0.118404950132672	-0.106057852808386	0.0734338267943794	0.185894689634332	-0.00253592062386849	3
-0.100171322707341	0.0133470258480797	0.0382553991026958	0.00314017914014494	0.00418194588541953	-0.0514655722504627	0.0324354786835191	0.114452121774152	-0.0738231629215237	0.0400519255406657	0.0780724223235029	-0.0891989266191789	-0.103874687421723	-0.0380034914281699	0.0793362551704549	0.141485181633815	-0.0678192555125162	0.00481478912426477	-0.140379918438884	4
0.0469513381386561	0.011568722709273	-0.0783784480448589	0.0840797811396755	-0.0459549219492977	-0.0379556745198391	0.019704137232604	0.0596517126876092	-0.00186181001635563	-0.0223081713711122	-0.0226092525742994	0.0112715648163458	-0.0958843272654678	-0.0510290439304061	-0.146881244029468	0.0915733680274542	0.0682899416397176	-0.0890270027812907	-0.015578570097095	5
-0.0263445252799994	0.098814166185345	0.0182053281572433	-0.035974409817219	0.075065609343276	-0.0908743756740258	-0.0869732121570077	0.0155541497321742	0.00605948971982209	0.0205817851050882	0.0424670077697795	0.0405311280258841	0.0597797173508052	-0.0670044759172152	-0.0755010737407938	0.0961829060996733	-0.101962569951665	-0.0176325071020189	0.0105692726502236	5
-0.0209242857899857	0.12224478411339	0.0176676031148419	-0.0906117167602486	-0.011196718071375	0.00180944721968044	-0.0425155112640807	-0.0505336174438121	-0.0477417174330936	-0.0262193408656948	-0.199366338284309	0.0489173799452547	-0.0127761258638744	-0.00191772681516636	0.111511990209783	-0.0136582618470699	0.0390407965321826	-0.055300032607443	-0.0635064799090404	4
0.00076917702326766	-0.0459232010297275	-0.0294152537983009	-0.306462059675962	-0.029664646073871	-0.0329245284540471	-0.0186113891627876	-0.0311185317628156	-0.0254971941111471	0.063631773689006	-0.0142355829894482	-0.116659053698414	-0.0248288177936163	-0.101257968994347	-0.0239758335016052	-0.171563069684501	-0.0613719530396215	-0.00905953435982688	-0.0782429326974216	4
-0.0280502353330119	-0.0156381947065755	0.029541497122508	-0.107465391024183	-0.00240408703601694	-0.0709865839158131	0.121227022552136	-0.0803428652615311	0.0777309595836252	0.135417956216176	-0.0519541529828483	-0.0154282088178731	0.0263191694104975	0.057294110932845	-0.0687943646713134	0.00272658159899902	0.100302257551537	0.00184072781310881	-0.0205669540759963	4
-0.00181495033940516	0.0260539905160064	0.0490982095974961	0.0146122810723793	-0.125653971440495	-0.0040289545634218	-0.0543481158714744	-0.0479852549960413	-0.0131694194062711	-0.037212192491708	0.0695790033585872	-0.038614551967857	0.0137151735400895	-0.00147531682171727	-0.0855751851856708	0.00615373250240217	0.00170218526397813	0.0105553237002134	-0.0726822865010288	5
0.0599250215821926	0.0676180863908215	-0.147733145658228	-0.0537067213271843	0.0442236258654907	0.0827251421934247	0.0250896152463881	-0.209918280595077	-0.0603884647284	0.0519121261921053	0.0304744443226931	-0.0276085093104061	-0.0028746068774537	0.0326718810832392	-0.0313497820764992	0.0018023969380228	-0.053644985522386	-0.0215023489534441	0.0113534355017863	4
0.0845126509631063	-0.00168804008302456	-0.0626480720722457	0.0870360265916025	-0.0132522444979063	0.000129038594566557	-0.0335144097661232	0.114853040548776	0.0029814664698925	-0.0362833465847792	-0.0715795836094094	0.0282731808290094	-0.0715675722048535	-0.102420111739699	0.0248447491726455	-0.025623761400998	0.118437135309622	-0.0902211714303742	-0.00794349159651598	5
-0.0504109963647498	-0.0354072226278593	0.00487084386386365	0.0216561669833454	-0.0112404262601114	-0.113329801700174	0.0301828956874427	-0.156509562263559	-0.0985899527410795	0.0463182004204595	0.113119948262532	0.00981315918509084	0.078500795467692	0.0181854261374977	0.00750368860362647	-0.112560289709546	-0.0373825769992914	0.00119701792036461	0.102023643704508	5
-0.0536799373843343	0.0761842127745046	0.00667668111048065	-0.0500514318508757	0.0279794795815326	0.0111642272688226	-0.011809612973263	0.0143520767403762	-0.0780639830588095	-0.0887256770115511	-0.081816405300402	0.0572538572147161	-0.0679437468079646	0.0313630907675433	0.00483705716140219	0.00976390537937933	0.0970146116241354	-0.0269989533143214	-0.0648594973650365	5
0.0589974451946465	-0.0678414297998575	-0.00432622320162882	0.0156276197319172	0.073987033236637	-0.0884722580939089	-0.0601823673362497	0.142033373045733	-0.144268966975548	0.0889318624081219	-0.0446570319032439	0.106526330808236	0.119152067508984	0.0741135946963098	0.00688736733528392	-0.0259229347394492	-0.032014877754265	0.0752943309521498	0.0827110153149937	4
0.0781999461830286	-0.000464925323433122	-0.0231621635566981	0.102078166629963	-0.0811983171787217	-0.077242913539545	-0.0693341014478077	-0.0216055922602217	0.0418404464204176	0.0700653112405379	-0.152697501883663	0.0256073023637897	0.0624030457270965	-0.0948539864258392	-0.0253093881506521	-0.0245931793178411	-0.0631216290840535	0.0295593835561544	0.0518915181260814	3
-0.0343781251047359	0.0715736813716494	0.0831804936259171	0.05298539983559	0.060246234688576	-0.0239547771090161	-0.0150538801314358	-0.091202942500672	-0.0786594623624487	0.159147782102808	0.0691022260989651	-0.0183398949611712	-0.0540578540178566	0.0347315127102062	0.101886000128864	-0.0429678822782648	-0.00710179894836244	0.0483471990963657	-0.106557683359096	4
0.0241192913752573	-0.0287289226064968	-0.0361858087204807	-0.0449157637104521	0.0701121631339535	0.0570048216721812	0.0441319735294302	0.0355290174285835	-0.101923378003833	-0.0135312699442658	0.0325269141050708	0.0537796771842837	0.178811100569349	-0.00267009340345946	0.0593461935770728	0.0352675032357724	-0.138981513031303	-0.0394121592838837	0.0279568839343645	5
-0.0238516071904408	0.0990899503763109	-0.0143769259918558	-0.0561246807620813	0.0858059028639092	-0.0607908633984851	-0.0074484966015967	0.0344600093477138	-0.00250030588150209	-0.0562623336748893	-0.0512546189195684	0.0640208851048206	0.0344966642501136	0.00676691932927334	0.064925915252274	0.0271251292324238	0.0145992176360718	0.0655077144539916	0.109587049807793	6
0.0607620528554281	0.0176758318506079	0.114744936315056	-0.103190786048356	0.0380765001109543	0.0841090277955049	0.124759757873869	0.0146983502821815	0.128395088071235	0.108590573937553	0.0262453137943449	0.0925851345822696	0.0542471091694765	-0.0196542930896146	0.0708579982266312	0.124779160208141	0.00358502804680137	0.0884883178465829	0.0338185881026551	4
-0.0978983604985149	-0.0544271793362488	-0.0216422805091528	0.004507878055349	-0.0165651904730783	0.0711689301919009	0.0202075783237493	0.0737242232296755	0.0667050737878283	-0.0941632872457999	0.0142261296717819	-0.0942160175287236	0.0496165232386327	0.0482631351963392	-0.0256522523833494	0.130259226000551	-0.0310418211770956	-0.0572986142249692	0.00779199741172471	3
0.0198545959823468	0.0837426496392651	-0.0461630606122824	-0.0015349608670537	-0.0263907421986259	0.00535116889546932	-0.023547461378141	0.231012606541964	0.0600960698959745	-0.00816529564835319	0.00524463238742115	-0.110318453192642	-0.0850185933155943	0.180836422780559	-0.0363806844472316	-0.0178554602967406	0.0412425360594922	0.0292399027941846	-0.0541702178214512	5
0.0517511625933519	-0.160026741652891	-0.0116433952180438	0.0493878164875259	0.124784704110372	-0.0161277357816942	0.0666374008079305	0.123571958188706	0.0134868751933262	-0.166064289798968	-0.0532722843092666	0.0340067939288985	0.123751725725888	0.101676228932981	0.0442744245947984	-0.0955316037357138	0.0569743182958363	0.00434705045369701	-0.104173726511941	5
0.00903869726968064	-0.0200605288521188	0.0541263063910831	0.0419600892730172	-0.0860605442369183	0.0113606846374349	0.0676077059682158	0.120591238741144	-0.00450440497663949	0.043202126461126	0.0181602913209326	-0.0080425763232762	0.157402754987528	-0.0552343550976445	-0.161895361597823	0.0877936859095001	0.0441277347882546	0.104089716809769	-0.0118470928721197	4
-0.00982323845615988	-0.0203201455305677	-0.016543893508434	-0.0691906617413131	0.00445632887843525	-0.00241826741648698	0.133589714203055	-0.00757977967127684	0.0817829697870025	-0.125333981947181	0.042177815471025	-0.00314510276926475	0.119678549382001	0.0251868379486408	0.0275739219490423	0.100484431013651	-0.0308204306203048	-0.0171699220348877	-0.0320496602765371	5
-0.0947512530236144	0.0119861340428001	0.012817186075222	-0.0334711986198485	0.0368158920117066	-0.0304918382640718	-0.0224433915278376	0.110253953498539	0.0152459333762866	-0.0381401347131277	-0.100799114396952	-0.00912113280205421	0.0400501719807519	-0.0773562361897709	-0.104433560709672	0.0793703575433575	0.125713942260775	-0.056755045200637	-0.0103820838595778	5
-0.0636494471021893	0.050083971912108	0.0221721362700668	0.0139282869929394	0.099302444410298	-0.0368786426392823	-0.0466907857647556	-0.0463368762726564	0.0175960816451556	0.0460887843484008	0.00872962023378686	-0.042836257178971	0.0245490384862009	-0.0313456364766205	-0.0841897931833035	0.00740936569972207	0.0259509067672225	-0.0130663382748014	0.00909506874211339	6
-0.171567029472411	-0.106458028451322	-0.0449353662229455	0.041691566449637	0.0032352855647968	0.139881802002296	-0.106225834202906	-0.122623056687911	0.107134491937505	-0.011232529601128	-0.0482332983154301	0.0410133686200615	-0.0741357264205685	0.114238309593628	0.000332445475377191	0.0433875916916877	0.14504986106914	0.059244962124797	-0.134544306040858	4
-0.0779952204110221	-0.0165981367681421	0.041805675627434	0.000567649374645793	-0.0450090894450956	0.0492332166310982	-0.0264001181731801	-0.0245756476996708	-0.00769395622207798	-0.0567294308220819	0.0494848245633805	-0.0113463320996237	0.0533529991138019	-0.0316128226911554	0.0837954511151528	-0.0170168238723356	-0.0375235746967452	0.0603417536730298	-0.0803826719110563	5
0.0739379402445688	-0.080194253328621	0.0617717345881143	-0.0987485124897677	-0.0336646487143563	0.0526381411599823	0.0166478995427268	0.110289115303594	0.0934152703609294	0.0435931915907148	-0.00971051508885929	0.0919817467864043	-0.0355618055348452	0.0290330188574431	-0.0295922104539917	0.0464951920071496	-0.0661171727604808	-0.0454798773998042	-0.00900766988341017	5
0.00998918109492657	0.00156753313932595	-0.0124197423994528	0.110831453705772	-0.0498462752583597	-0.076495090463244	-0.0186386211620148	-0.0053295180690338	0.00233200068156184	0.0374342234803213	-0.0352246467013091	-0.128386598655521	0.0381995967661825	-0.0159879648872376	0.0247906781299964	0.0930112965667631	-0.148144484727899	0.0388298696322855	-0.00317490131681342	3
-0.00976851635230981	0.0258234535463342	0.00290019426192935	-0.126149931478573	-0.0537885931085831	-0.0130131452236096	0.10421842464098	-0.109400906649961	-0.00521280849477259	-0.00534733830674693	-0.0560421364823389	-0.0130619386997434	-0.0278415876265172	0.0438315111963983	-0.101958418031075	-0.0772007449520834	-0.013934030553744	0.0685441284885254	-0.0433859703492738	4
-0.0499649039513025	0.00824372187183849	-0.0383583318094012	-0.11932357321434	0.025941304288616	-0.00902856742214254	-0.0742795630390924	0.00812937008122933	0.0835497036199487	-0.0324846329585584	0.00391761761228545	-0.0640057164658019	0.0564392788134371	-0.129210643210713	-0.0385547419794567	0.166259061272312	0.0607291087615832	0.0143218763946788	0.0340940768479332	5
-0.0257999235419672	-0.0606694196688056	-0.0269438820094632	-0.22137657316241	0.0155937828094432	0.0835097231535037	-0.123253486628753	0.0663630951378879	-0.0163779787823017	-0.0534959915254583	0.0607377179409185	-0.0619687156029681	0.0183170836509744	-0.0651427919685217	0.0535300381719397	-0.0565692606016955	-0.05329031934018	-0.0665209349230358	-0.0600365705643995	5
-0.016637894112255	0.0250953689237313	-0.0151540697574326	-0.0567428727465548	-0.0375382280128525	0.0216730913071272	0.0364486522122246	0.0781371942348095	0.109621439450635	-0.0348074427699112	0.0909413815787734	0.0599283126372483	0.0587723129288144	-0.041055123892894	0.145641016922201	-0.0125115203034586	-0.0275938675713041	0.15070105102104	-0.00193939507442149	4
0.0301151101980399	0.0661274276975033	-0.110637382702368	0.0185899192560595	-0.010482885394076	0.0242725852036271	0.0621842592343213	-0.0881936889936252	-0.0728498197692653	0.0102769133445656	-0.0757320080916191	-0.0373296930366623	-0.0509635006115018	-0.0634914354104109	-0.10181900154223	0.0610405887366872	0.0339165259502573	-0.0841990141198772	0.0445587582649464	6
0.0447047961555755	-0.101718893494228	0.0275585547334096	0.00551841250728222	-0.121992210953249	0.00874298072945125	-0.0111607421729608	0.0601892142705099	-0.0272830363531191	-0.0791874393783457	0.0311927361626395	-0.0964300257569396	-0.0328808291943486	0.108484574941354	-0.0537194349466103	0.0601205942552087	0.0901399521881253	-0.0183467702686943	0.113209752925712	4
0.0224829733303677	-0.110685568085315	-0.032071518284713	-0.0210662267118016	-0.122445108853637	0.0119045370252549	0.0596735086184218	-0.0271188069332859	0.0129700899748614	-0.137199515424601	0.0279861457720842	0.0349175359423424	-0.0259108538018642	0.163786288917969	0.0448955432189169	0.0582728240008256	0.105811765072694	0.00792766128960361	-0.0188256963071022	5
0.0114301663363324	0.0210600736817204	0.0838719147328544	-0.101473449924159	-0.0340324278474753	0.0155253824741712	0.0521715703146161	-0.0992144437205306	0.0733706328737423	-0.0505979925129485	0.00738405871101651	0.0981073327006222	0.0366871439401302	0.0489230379349031	0.022475106331732	0.0893758474764118	-0.0797271134275812	0.0167731568005842	-0.0756419635250289	4
0.0836517349704	-0.0638297396888977	0.0614185406539588	0.087911731467804	-0.0483395726960384	-0.119741393287033	-0.070622275349948	-0.0510034081993451	-0.0984550470120503	0.0517233800660131	-0.0901720820472401	8.38542090782289e-05	0.124197524532044	-0.00961382380274739	0.0479784943009327	-0.0220775716938862	0.0230912957206997	-0.0872565441607981	-0.0324528899009911	4
0.0413647502409977	-0.0450298414175066	0.0359708304092973	-0.00570934862220777	-0.149418499052266	-0.0357414321661813	0.0810891233374158	-0.104823583169866	-0.0317803789594204	-0.0903573877655049	0.0382926944647381	0.0718112138668049	0.00380579565876185	-0.00265032463418236	0.00348919129818578	0.027486517540117	0.027210618657342	-0.00680663706067754	-0.0187449558023017	4
-0.0394549782557887	0.109436234820569	0.0761210652578883	-0.0296298017261883	0.0314196403115918	-0.0498213873613458	-0.0074992365431396	0.0657302061540379	-0.127735274391599	0.0388113185162214	-0.0716246386903211	0.0353718412977556	-0.052944837754554	-0.0391626330954681	-0.0136481957493223	0.0613599687737792	0.0675062231026428	-0.0323669987525756	0.0346537171958033	4
-0.118631939100876	-0.0154342674493557	0.0688556105001553	0.0147002558296831	-0.0089964244236076	0.0478859477435934	-0.0307890282816493	-0.0522714435530839	-0.0547236638579968	-0.0658613538555509	-0.032689761155707	0.0272239613818934	0.0245436433785799	-0.0181711298753173	-0.074619155672746	-0.016910849252274	0.0719876993832268	-0.00328521479554009	0.00322477245426843	3
0.0476395343752965	-0.0093146202371267	-0.0363549207950938	0.0281728770782058	-0.0922709480761763	-0.101104091602009	-0.0296713861344695	-0.0026926382077583	0.0652233117296844	-0.0923144539207199	0.0515692903099694	-0.00922432496671771	0.0753707877550249	0.0518261784470023	0.00407609769369436	0.077304028949445	0.0793830842487199	0.00832138405454162	-0.0023902554388889	4
-0.0799963533282777	0.0413202348188977	0.0448745077939348	-0.0493660674166188	0.110564902224751	-0.121149081223196	0.00602661112560853	-0.0468567563722753	-0.0746628643152886	-0.0448793830372231	0.047890563572861	-0.0102178786993871	-0.0120097703617545	-0.0738114291368183	0.00289592065949776	0.156025805247073	0.0776371125104929	0.0583003756716787	0.00846802300347538	2
0.0831243831151813	0.0223274988971551	-0.0573809267185398	0.0100259321972924	0.100093314351657	0.103091481220516	0.0519922315359447	-0.0141716646496537	0.115116876839068	0.104384392160416	-0.0285077652166651	-0.0707783277066106	0.0368227978669415	-0.0283357591846076	0.0965957387944487	-0.019212838563681	0.0024925585518784	0.0596227903113092	-0.0807079493920945	4
0.0813867569046129	-0.0894484965760051	-0.00220418161696543	-0.0209166655543833	0.0376687423904746	-0.126536337445644	0.102732070896499	0.0289410563864953	-0.0168370694763194	0.0337474971719364	-0.0650637891340228	0.0821734942191809	0.0479117954747235	0.13373059785481	-0.065284869114991	0.0463321205252689	0.0672804251917447	0.029948294846298	-0.230872065912417	4
-0.0734036677941263	-0.0895353315333108	-0.00891361975771107	0.119600298492193	-0.026387211295155	0.118378225216536	0.0621291368961717	0.103388944727541	-0.180983775600662	0.115341003536961	-0.065240358782446	-0.0419234462438369	0.0586749893537184	-0.105462334775588	-0.0463191026880439	0.11605085564101	-0.0421847442752651	-0.033588693440237	0.0451553784396816	3
-0.0546569797197074	0.08100611255002	0.0023653453967667	-0.0190511991668665	0.140423504560946	-0.066635106872334	-0.00641157762319514	0.0823892413481233	0.0283183647630066	-0.0150551967184905	0.0566232083485909	0.0787999110937932	0.0137124762888834	-0.0351892442392139	-0.0242159677302122	-0.0133099282452101	0.00593543074875841	0.00731059053389218	0.0107690212198033	5
-0.0139937615476776	-0.0396208364739427	0.0378484115323467	0.0141097962006204	-0.116723395810411	0.0253760432039441	0.0569879720470107	0.112343160836819	-0.0340744422242264	0.0379592787661783	0.0682407830504416	-0.00622947220805883	-0.00540097246148217	0.0633580938182698	-0.0775931712016093	-0.171699385879528	-0.047717125464205	0.00121599395638154	0.0571976494551756	2
-0.15537743545369	-0.080055511510412	-0.0361134401178752	0.0650242781302284	0.0683548330955051	0.049261510838918	-0.0573700983301278	0.0187104610114583	0.116232315884186	-0.0484506968519538	-0.030975714626472	-0.0054864281466055	0.00126675473180994	0.00411040451636168	-0.0436736943130963	-0.0406745338000434	0.00734921026071233	-0.0296347635480159	-0.0441233610910111	2
0.0696435859388138	0.035228889808037	-0.0995485158379026	0.0317855904063398	0.0261915835486968	0.0303926130263514	0.0357624226391202	-0.0800589189516623	-0.0165676418124999	-0.0109021994561528	-0.0243168716188799	-0.0612734676385788	0.0461779913026359	-0.0828365756749832	0.0741159505283748	0.0921320843775261	-0.0305862872531363	-0.0720367443011475	-0.0672709815209053	5
0.0063933557046928	-0.0637500030060487	-0.0911823169220644	0.0926000858542402	-0.0769328427134806	-0.0244149990655758	-0.0174111345668414	0.100792503266227	-0.0717480522604917	0.0241754472424626	-0.00309454180719754	-0.0968500884759586	-0.0920980373052212	0.0958881066879157	0.0578228225216636	0.156767176134805	0.0246208425577688	0.0192800196955991	0.0805033041629557	4
-0.034109343639516	0.0656945434569824	-0.00661788598302954	-0.0387516574510117	0.0639238103708202	0.0165441511465634	-0.0332246610378981	0.0165645997410693	-0.0332866104251511	-0.00368486652498954	0.191474389217351	0.0624080303179133	-0.0116251620627935	0.0340187563383407	-0.0588001989502765	0.0534229978621659	0.0550851704705485	0.032223250941652	-0.149806071561126	3
0.0660977775231031	0.0659243729466488	-0.0839723765291566	-0.0858641071661473	0.0994586669465928	0.0767270119591008	0.0719283590736729	-0.0324747800932399	-0.00601768633612503	0.0622895179389786	0.00551558294369396	-0.0997737199608594	0.0799599661735414	-0.0254836656138603	-0.00855510374844827	-0.0200818761508733	0.0983550061139502	-0.167334058497967	0.0365508718214131	2
0.00849786116454569	0.0415591914326971	-0.0778770273748301	0.0462907023627978	-0.0083140140157718	0.0432526817043987	-0.000492193243828215	0.0877096493678113	0.050710486347691	0.116455774987701	-0.0355890257868455	-0.192513072820852	0.0241007221698942	0.0318125487395069	-0.0616183805492195	0.119446567755913	0.0623569685705325	0.0779920215703845	-0.0395131558575443	2
-0.119123451557168	-0.0390176945999235	0.0524576691749834	0.0697561354959617	0.0252938340059628	0.0532543603211054	-0.063957433167148	-0.00573238129210328	0.0270204727194574	0.0420289522430872	0.0195125294897339	0.02906355428323	-0.00976027669918589	0.0541441904828333	-0.0719008075096697	0.0346905292349529	0.0880838721917965	-0.0909293986620337	0.0241864833037709	5
-0.0171483752460753	-0.193868553974149	-0.0411274256110749	0.0393707606780547	0.0471425157541081	-0.056726444851731	-0.122835156727538	-0.0582216631102381	0.0414523571128339	0.0401597202992628	0.10462194886596	0.00618790984139838	-0.00144226299448878	0.171678939057115	0.104308655308561	-0.0377353809713408	0.0243555372285625	0.029837036690896	0.0128932011152105	5
-0.0859274449415472	-0.0860119215298716	0.045817171827238	0.0631982106683113	-0.081641713712585	-0.0103437899586409	0.0991846352463949	-0.000266117059868336	-0.0090596219312151	-0.0344480033324605	0.030307734367367	-0.0542174230824753	-0.0253482698819344	-0.00870775858482304	-0.0317382734865956	-0.145169541758553	0.0799122507118709	-0.0534616377229167	-0.142752279153651	3
0.196835650751111	0.0108958629946446	0.236598601560726	0.010633458359731	0.168682598210141	0.195424717833533	-0.130866802385078	0.021226321143191	-0.158242349015686	-0.200746131847346	-0.0229612169640132	-0.111869900453105	-0.00161092084865092	-0.0162594988652303	-0.0876681699915133	-0.106709588276871	-0.0145400941360833	-0.135468623946575	0.0478570439110267	1
0.0876093030508776	-0.0972147749858869	0.0161015856172341	0.0464934294232099	-0.0369966811214222	-0.182977809054154	0.0760750458884063	-0.111414932924714	0.0449717878049015	-0.0660394423103817	-0.0422133299454088	-0.0225893334714812	-0.0985819699227231	-0.0310686764192154	0.0198537262122584	0.10121488950349	0.0828506053837972	-0.0677851605241154	-0.104786699689068	5
0.0572120416571702	0.134704770254668	-0.0460562044956619	0.017029582662181	0.0424083784561285	0.0504045633693808	-0.0782091912519389	-0.0217328612611708	0.0255708401393896	0.020229599447045	0.0385572847198387	0.0331546863567753	-0.0865754193622833	0.064253134690153	-0.167761486168801	0.058505955229017	0.0428218991852221	-0.0402300536328138	0.0501851068629507	5
0.0319991555268159	0.0833431743524741	-0.0592814230630857	0.0502890269708317	-0.0747542448162977	0.00786386685864598	0.0216343684029456	-0.0182805476571111	-0.0596644567198874	-0.0514485962443236	0.0400885834893004	0.0133032271065549	-0.0689757874271685	0.0644049082826312	-0.134791361022457	-0.0537464024582894	-0.0887919647410015	0.0614259055332081	0.0301511844036076	5
-0.0436460871710706	-0.239230444333197	-0.0299488087962978	-0.0712397616824331	-0.0977754261652703	-0.043107965724549	-0.111677886895137	-0.00891649063496613	-0.0548780161547497	0.0351964952892111	0.0495100924776921	-0.135752214309454	-0.0770952284039457	0.00256027393796293	0.0584786200066444	0.0160411293283631	0.0701633709696674	0.0127190653346387	0.15949477498583	2
0.0231580362558069	0.0571381204511456	-0.0495908161277686	0.0384139363618892	0.03002618012332	-0.0451600287712199	0.0343496979727641	0.0675463188009273	0.0717007334862707	0.0647852081519602	-0.055492944154332	-0.113660564818862	-0.0138699611128434	-0.0126823316423223	0.0171591973364896	0.0718532324313593	-0.0349698930287524	-0.0857856485752382	0.0464305717905388	3
-0.0131634880478105	0.0611191880044452	-0.0722491577143524	0.0341135883464931	-0.030121354301068	-0.0137917149098393	-0.0279810417427891	0.164394909986358	-0.00570741382870243	0.0831468575466469	-0.0543810956972301	-0.0249043273377299	0.0631427023729809	0.0654969221832058	-0.125622089734025	-0.0338651008598364	-0.0519342399230494	0.0474326795505634	-0.0710305039089641	1
-0.0525597368637294	-0.00795642400119338	0.0628217188846294	0.0916927058341064	-0.0555179997674258	-0.0149931136313853	-0.0266269937545031	-0.0584359019768756	0.0330439233338707	0.0149334460720855	0.0300540144628361	-0.0393848323785762	0.0751581341410582	0.0394378618728008	-0.034231793964309	-0.129379272551514	-0.0931006907448901	-0.0365002453945207	-0.038099361042067	3
0.0821616166235159	0.0592819030010031	0.0749176702794405	0.0686729537621974	-0.072856220202549	0.0603655469458488	-0.0491448728236347	-0.00639689803327977	0.130631491166762	0.112475812271473	-0.0202082785858006	-0.0981530574629852	-0.124494924877476	-0.0530575106986901	0.118804140986146	-0.077301760032382	0.0469361804884369	0.155416907737807	0.0425738291600439	3
0.151527938173346	-0.04580507900861	0.0512601360632872	0.0665580382584524	0.0580003113567425	0.10359502803837	-0.0287433059204174	-0.0703406773644049	-0.119148163321006	0.0256975746387196	0.102476015520628	0.0513332711586802	0.0841668780363336	-0.115736158564468	0.0627724258682625	-0.0031753434505611	0.178667120528895	0.092980573353923	-0.0775592432647409	4
-0.0606415753853845	0.0612806761113156	-0.00735945208013298	-0.0424480288124225	0.149131646364025	-0.081591661968465	0.0534145406809972	-0.0249243480962402	-0.0203042085470751	-0.0806800753757295	0.0256804344706636	0.0579842846384884	-0.00288509790307356	-0.0571145964595546	0.039151844503476	-0.00496461176565357	0.120146127159319	0.144049198346036	0.051189926512363	2
0.110456451354496	3.44400863723192e-05	0.0713095743812688	0.0561784883505243	0.00875147039370999	0.0246696544560651	-0.00830652892077575	0.0558982237562124	0.0509228801433092	0.0715145427967079	0.0843331225384896	-0.0234315812766234	-0.0460718562292181	-0.00549006984818758	0.141858992832428	0.0527038617365888	0.0234169578825538	0.0822768564411331	0.0888163306357935	4
-0.0287356764641167	0.069526216817344	0.000993564309981511	-0.121247215679606	0.0666476027979801	0.000785109891918521	-0.033817554641288	0.122253663163235	-0.0343034493312835	-0.102068014377066	-0.01371095456608	-0.0186576727879725	-0.153916167037787	-0.0893044167303177	0.0933013093204951	0.00193652964150151	-0.0421304012102454	-0.0640401156861264	-0.0424421990057807	1
0.0224906715020092	0.0478487846268694	-0.0721298063786515	0.0108674392739967	-0.120410991738766	-0.00783793021638999	0.0326721529122815	-0.0014568919909616	0.0750636890363794	-0.0327741297539444	-0.0486684607471025	0.0296566233417395	-0.0620036209459399	0.057905662929803	-0.0890057329462188	-0.0444761769374104	0.005597887233338	0.134359893545699	0.0492419869604607	4
0.0716051269234599	0.170459719815187	-0.0616939049814991	-0.00595964251007843	0.0164488962549246	-0.0727538617302097	-0.00971973774737443	-0.0311725536383746	0.0941919804908964	0.0108908943971448	-0.0106558833048407	-0.118173719538485	-0.117086591456489	0.0846843490567742	-0.00730020171128521	-0.0328149412764345	-0.0295029969681962	0.00550583042892431	0.0182045492119097	4
0.0707934898461606	-0.0176143526558088	0.0428212149698723	-0.0745223972909163	0.0476754093645319	-0.0914634921558716	0.151256950822027	0.137685741907037	0.0637703765273347	0.058053089838773	-0.0181636805423153	0.110029076555045	-0.0277711406912308	0.113564645681038	0.0250009666495034	-0.0029138930077909	0.0316967105243114	-0.0587594181185332	0.0692370950123091	5
0.0602947965036086	-0.00877468186802769	-0.123427916171705	-0.0382625744775319	-0.0633720651830696	0.0726024439298158	-0.0146367635065487	-0.0406411606299861	-0.0673215476242629	0.0145595215865698	0.122339557818328	-0.00744374558093908	0.0128017198557356	0.00820160299087236	0.0303936599044021	-0.0513684967268761	-0.0361255059466628	0.0324019728870817	0.0196432402581828	4
-0.0777016598631801	0.0638070130638618	0.0550536657888305	0.0208652816408953	0.0456280190446457	-0.0848474888300825	0.0583195669888515	0.0591994775295584	-0.149692738064588	0.0174219912929545	0.0257901235604419	-0.0206224368228437	-0.0208646833143053	-0.02156486616681	-0.026943387820715	0.00178323569695626	-0.00708796720791852	0.0669669328379393	0.0204556834748454	4
-0.0774389042854874	0.058956481338777	0.0916474368039505	0.0447088732254748	0.0082243653211937	0.00596974817991907	0.0404186044830921	-0.043273397016847	-0.121825995241309	0.0431431613232794	-0.0449372193509512	-0.0405923871363047	-0.0486788882027992	0.00809281452561721	0.0862636213770375	-0.0219728624240611	-0.0804883290944455	0.0129289430022992	-0.0357947817464671	4
-0.00513598102344445	0.0265277571391471	0.00328767403152278	-0.0683725969848267	0.025018910699045	-0.0265848022990311	0.160652524755222	-0.0193318229881041	0.0739412989937511	0.0364744647392048	-0.0701553539141836	0.0631467606581513	0.034014221468157	0.126006269939667	0.0253285753976737	-0.0326636369521526	-0.0215787638772152	-0.00328769888162973	0.0328210415910935	5
-0.00999664288850671	-0.00548114296210053	0.0120529009231818	0.035350427173148	-0.0485559392223067	-0.0824162686215963	0.0139701467292085	0.0163403336801457	0.0744387129559417	-0.0828155137045478	-0.0526587713229939	-0.0671107280282484	0.110567947673079	0.0345905579538103	0.06637776726533	-0.0694421600690741	-0.101605340170489	-0.0253286109879687	-0.0406318192592023	4
-0.0237192200599612	-0.0625498857470828	0.00731641901948669	-0.199749164985707	-0.0650810671476463	0.0302260820781351	-0.0289945583937355	0.0311794798156377	-0.0898872260994874	0.0329429226498617	0.0415639088445336	-0.00749350380605927	-0.0666758763961988	-0.0895338054376868	0.0179038708215972	-0.135806826958021	-0.105918976898262	-0.0753345706809743	0.0371618511281569	3
0.146429620508056	-0.0292123479946563	0.0269743337256209	0.0817692529077914	0.0927362807972026	-0.00513674617195074	-0.000554458583445069	-0.0212366206771435	-0.0622062780063113	-0.0796766272147122	-0.000744143031751208	-0.094970601775273	0.0521705481881185	0.0157910051563166	0.0566234771618997	0.00261608570038867	0.00950630447433628	0.0041144715926311	-0.134660158539896	4
0.0624894872168965	0.0107643913542182	0.0406206471379422	0.119906145990932	-0.0158057195743189	-0.14183240440973	-0.0582551052522153	0.0415332322350811	0.0504793242221758	0.0372133316238729	-0.000822320937934847	0.0839540971122535	0.00909701094273452	-0.0960059970029383	0.0538995425345238	-0.0891031067791644	-0.0119743461060462	-0.121216582934029	-0.00473025544329429	2
0.058748840779905	0.0155525429674925	-0.0847401332966074	0.0703880008263536	0.0198984507311646	0.0731303332494477	0.0512784568607754	-0.0144384438406565	-0.0120131325284502	0.00207541064160343	0.0621192158670695	0.0429629235953587	-0.00176315939000852	-0.129637005568425	0.0679849109969884	-0.0103842619111536	-0.00191933170677825	0.0471360107986423	-0.011829771277002	5
-0.0881341222043391	0.0302867002237633	0.0155698613113816	-0.0143905286411187	0.0095668902033824	-0.0196181015276476	0.0377591260726014	0.0485001071430698	-0.0307637366477785	-0.0216171160887495	-0.00218390099540843	0.0201370480548017	0.00323583217321446	-0.00999048094917132	0.0620265731590196	-0.0702203446988539	0.0462815889010494	0.0266130150477478	-0.043048923741281	5
-0.0572732129217947	0.0624721405891622	0.0748969270281232	-0.0178238473300725	0.0366114933142233	-0.0166785937867485	-0.0787279034816793	-0.0127496533143491	-0.0250040929880385	-0.0703368239648854	0.0513545006540992	0.0257110571506543	0.058495002918829	-0.00542132856252183	-0.0742508990953924	0.0683739404813823	-0.0525092408466427	-0.0719740286314932	0.0704624309746829	4
0.0428450594347422	-0.00230092084788716	-0.113062638557852	0.0523799258453229	-0.0458342735798939	-0.0620525666515741	-0.141834800496779	0.0681481375861735	0.000648312752885983	0.0343953847475432	-0.0307255367782594	0.0830984895352239	0.00163594224931352	-0.0429817021582118	-0.0627523340895411	0.0249116863743493	0.0685333853259137	-0.0565461874506169	-0.0257855110888598	4
0.0294028751602328	0.0368706115984829	-0.129349055294717	0.0199537123510407	-0.0225094706498047	0.0355660261514291	-0.125021278506123	-0.216628062522592	0.060315924612364	0.0581574366881919	-0.111681711733602	0.0614548265283528	0.050950743196614	0.189762317406379	0.0192502649601467	0.0823250383620001	0.0846660489970522	-0.0507354144795415	0.0778779695236742	2
0.0821753746896559	-0.122949947745522	-0.0309203040714158	-0.129490458365743	-0.0267639313529013	-0.0146159771945441	-0.108312269526323	0.015416144570792	0.0553840740907186	-0.0723873153439629	-0.0825608351661088	0.0769854007348793	-0.0145331635807433	-0.173843218491868	-0.118234404899396	-0.0601476493274086	-0.0387725324001861	0.114396502701802	-0.0321805870539163	2
0.0293621983927827	0.0563494735819619	-0.0356553424822796	0.0517792953353883	-0.102011342801652	-0.0501168527510076	-0.0186590974597044	0.0396238557068324	0.0306489846937975	-0.0394767521077792	0.00695286685717956	0.0100040271870407	-0.0390392629411343	-0.0233486415549599	-0.0989629493423487	0.00124465151094333	-0.0381582855048152	-0.0673410086441301	0.0137685882096277	3
0.105303767278002	0.0548592665029334	0.241415219039984	0.0332989864179705	-0.150503949530421	0.0832162962569447	0.00924142884556229	-0.0158507608596882	-0.0320407301042414	-0.0693779588066068	0.086368786806229	0.0937457454537825	-0.0282948266243067	-0.017210802649742	0.122149607368552	-0.0356869120607175	0.0739745267460817	-0.0962961216257195	0.033312069267106	5
0.0505244883438605	-0.0507831660236189	-0.0444285108429999	0.0139089094629742	-0.105296435310754	-0.0446410443337025	-0.0602921848118447	0.0438792948912812	0.123815525445183	0.0303408805853235	0.0141702629311439	0.0994161773114714	-0.142945399056017	-0.226338891659324	0.0916683361125012	-0.0150042933082229	0.0275301643964835	-0.0441214455204093	0.00951708329829042	4
0.0360063646729139	0.000250987856969903	-0.0862971341725545	0.0257551262217778	-0.0658829773523441	0.114368483739451	0.0848663695645245	-0.0182478789348099	-0.0351962812527536	0.0255482089927511	0.0225952551809002	0.0661945431147335	-0.0304853952922021	-0.0643126476421159	0.0866501956514457	-0.0714925598829834	0.0102483869626333	0.0828461725535348	-0.0404998749731297	3
-0.165274446712501	-0.116397162440276	0.021057118530267	0.113469981617199	0.0809600624064566	0.137979229402113	-0.0204409444763142	0.0185828524878584	0.0883263247826931	0.078938008302123	-0.0441895546411757	0.0485344797336602	-0.0935127605380207	-0.0489680536943169	0.00671271898479336	-0.136010754379566	0.0231028545170446	-0.0244274416804735	0.0261467940440816	4
0.0164095550028612	-0.0439001136196648	-0.0728869259341095	0.100927786724712	-0.023347592995036	-0.0743161116587021	0.092069372589366	0.0578691852105077	-0.00671565895399415	-0.0470230604866924	0.026493562010706	-0.0351888510990737	-0.0561139900486703	-0.114540231559856	-0.00831174598078064	0.0186603322543747	-0.017714072620983	0.000679304311591977	-0.00122014303192421	5
-0.0973430376466181	-0.00286932606149378	0.00656915375541263	-0.00537541813248976	0.0316791373833931	0.0463077173676155	0.00503082895137906	0.0777805760124636	0.00336758463160347	-0.0551743911248732	-0.0483740189302256	0.0304139062478375	0.00695138176455221	-0.0089120381101977	0.0179931294740974	-0.077918343154668	0.057217871010922	-0.027167717761268	0.0407456066216669	4
0.072216963483258	0.0540784597141589	-0.0773822342331339	0.0389569436389644	0.0737264838388872	0.0755621292103923	0.0527499042785694	-0.0242236164018341	0.00853024435207127	-0.0416268197708587	0.0686384408245955	0.0118559948947922	-0.0428167467237041	-0.0551237124335634	0.0931173335429022	0.0126146390088275	0.0630987758014188	-0.0335077323929303	-0.0666249967023464	4
0.0421388337793695	0.0524762313427186	0.0535339709800243	0.0501479440242989	-0.149460117534974	0.116441136617716	-0.0881959198049272	0.0178288862705936	-0.0533131925085834	-0.000294308404853513	-0.102977455452941	-0.0342083500120096	0.0223914347022759	-0.00168880920452531	0.027995973555579	-0.075864948940457	-0.0794708228486223	0.0288095143110156	0.0311871050873335	3
-0.103134988044591	0.0176340848429221	0.0335936607820772	0.0211706378552862	0.110648299637665	-0.0833464075740396	0.0146884982279248	-0.0290338115065631	-0.0291702914174123	0.0169875039002093	0.00272567262413372	0.00191794391884159	-0.0235038747565537	-0.0925078963566498	-0.0211022169833889	0.0509554810396747	0.075535424303992	0.0395642841289364	0.106161891282106	3
-0.0118694422631846	-0.0388015419757008	-0.000971248866713237	0.10245488732321	-0.00514943348713713	-0.0268356886341452	0.0682053717455082	-0.0416643943985321	0.0638282886102448	-0.0755583946554209	0.0274034485566307	0.0825798901555003	0.0347856299215374	0.0562292402800759	-0.0137411333697637	0.0162222049279213	-0.0748070553560409	-0.0794064525498241	0.10073932985423	4
-0.00116611530488299	0.00235944441281072	-0.126962436576206	0.0801450360023095	-0.0518298955427737	0.0748403126790383	0.0202307753586487	-0.0214441089992333	-0.0807164659388926	-0.0417091696665435	0.0147354155914736	0.0421528908089207	0.0292371553065321	-0.00470529907681264	0.00955614669975194	0.0229092522091967	-0.111002924728574	0.0966980105259485	0.0723591381189435	3
-0.0280081379982421	-0.0419395660130022	-0.0260074671980994	-0.107853485483302	0.0108058073319371	0.0198698634086065	0.0175865601262701	-0.0166384380781305	-0.0554732513192343	0.149527641538782	0.0348244278216221	-0.0865570192244367	-0.032920199003613	0.0677788923339882	0.0808530277569753	-0.140505406772251	0.0934231300859414	-0.0898894658343296	0.0726037833207196	5
0.0307736272749492	-0.0126622458446135	0.0647792312340873	-0.0922625560640281	-0.0131051560469449	-0.0887596834560709	0.149870725447996	0.0341764846689046	0.0628153385222515	0.285825921351854	-0.0345985611883582	0.0443711854696146	-0.0327521489002177	-0.0491159899604312	-0.139069954984627	-0.0575504440643057	0.121799416661126	-0.0409110608799152	0.0549494675209027	5
0.0998869745231813	-0.122660320786073	0.0569015915409619	-0.0090208641953083	0.0987181437382497	-0.181467978288686	-0.00620307922732301	-0.0558394871159125	-0.0532192807692205	-0.0158008856257907	-0.0367997744423245	0.0538234611510604	-0.0133315495925642	-0.0616762841687089	-0.0696702252748286	-0.0424217867692755	0.0255124356082555	0.0277399063807067	0.0411399122453396	5
-0.0556907538381043	-0.0223577354303713	0.0739842745703756	0.0913311616776306	-0.0412543042388265	-0.00489735608424394	0.057217150664462	0.0403909086318721	-0.0144358844907396	0.0223370947735187	0.00684583725376581	-0.00329082502495397	0.111963090752901	-0.0824291811625921	-0.0405921754480359	-0.0186834899621233	-0.0853711379339176	0.0365885085927934	0.0957447806703125	4
0.084752785955661	-0.098730861185336	-0.0329399849236578	-0.140626130515349	0.101691989670996	-0.0995343992560896	-0.0783677780955152	0.0388022287540993	-0.00536879966182634	0.0844613488987371	-0.0238596465618118	0.106254335782254	-0.15496084369597	0.0921155213842863	0.116242740870147	0.117552671261302	-0.121221496418852	0.0643487537953772	0.132268135978318	4
-0.0995988600935862	0.012076065102363	0.0319491390724831	0.0346890300590839	0.0645438912879539	-0.0205269948837793	0.000390363366758244	0.0584114438811077	-0.0200649734248588	-0.0325714944116695	-0.0454338130715927	0.0161169596336665	-0.00158972117518146	-0.0116643052307625	0.0285156221667939	-0.0419012201380992	0.0988665691988196	0.0276141813240709	0.0893341193213017	4
0.085409229299226	0.0504155935591794	-0.103594412435034	0.00947488683682477	0.131422535941252	0.0550467640636819	0.0315237281038618	-0.00833101750846556	0.0900951972464118	0.0263406046079351	0.044248286335874	-0.0374385434005795	0.0536838254416409	0.0937218303052796	0.0984355294192545	0.0265707141245054	-0.0125389197072531	-0.158022930501881	-0.0711038593516463	3
-0.00062031639477011	0.0711478438371129	-0.00466350115338254	-0.00582460540226759	-0.0411437513370249	-0.119647573065856	-0.00744540355694085	-0.0986267103889906	0.0218206554868648	0.0370194816325006	0.0127695085493507	-0.0608399493385911	0.0651582126727569	-0.0441736412281051	-0.0687315332233645	0.00889854562568149	-0.0208134459230733	-0.0297929987569517	-0.0326297800222877	5
0.109011453626589	0.0515687503092078	-0.0498586758750335	-0.0539624954330791	0.0724628385310817	0.210509203646332	-0.0586834070012578	0.0569164946904239	0.087529345840593	-0.0537433126580225	0.105355916148503	0.0217763321747314	0.0253644004417424	0.0543060417711121	-0.0300694031689158	0.0202138067460782	0.0445850058611359	-0.251201780905957	-0.0593652187446138	3
0.0196224954670536	-0.057992899392406	-0.113051944573795	-0.00253355949565727	0.0261885720459311	0.0173716512873753	0.0548750485710908	-0.014267678669938	-0.122443129153779	0.0066140124444865	0.0138045020690612	0.0529131380220628	0.0882752682161783	-0.0860181815733286	0.0256071527030408	0.0552264633220591	-0.0470558021992589	0.0190781801503038	0.0937838742524128	3
-0.0636532707580218	0.0358367442178057	0.0326671455068913	-0.0357911245413463	-0.0322307967007502	-0.051967093749325	0.0199046981855905	0.0128947217674643	-0.0111187648726689	-0.0847574437819943	-0.0242319213562722	0.0178744990214594	0.0841827829998656	0.0290685994790304	0.00794656347325943	-0.051433647372937	0.00811387740844536	-0.0448003465659936	-0.0401913052023376	5
0.0139558712676863	-0.0109880912125919	0.0016587507671958	0.0124590679195619	0.00568569595400832	-0.167044853662884	0.00777147208632245	0.00378777388534579	-0.0271348936239732	0.0855243630578892	0.00183436457867443	-0.181051377688634	0.00972195924994322	0.103092698847789	0.131858889017921	-0.0113157141817565	0.0752332291084145	-0.0856273449587906	0.0663044139190503	3
0.0399987112132072	-0.0146588092736198	-0.144354296194042	-0.0142591531582293	-0.0193228853701958	0.0656294014697389	-0.0101322098594098	-0.130082787335069	-0.00960491468856058	-0.0309217685106091	0.0442521359229044	0.0898957301827931	-0.052436602262217	-0.0213726324404399	0.0427173031606491	0.0170183481178227	-0.111405083463063	-0.080077225416563	0.0832262203556631	3
0.0530803350989745	-0.0258491425980512	0.219209497114225	-0.0408583041701417	-0.146864257628567	0.126388200017704	0.122794978379359	-0.0478083666909984	-0.0807368271007495	0.0644606705089976	-0.0397671454839636	0.192121245393177	-0.0709750809698835	0.0382001633335826	-0.0721759123144377	0.0284986233911564	0.0332333883359597	0.0306838889713302	-0.0246652523736726	3
0.0160204538746619	0.0800470930047452	-0.0228646851473652	0.0555392591927965	-0.0599635524923882	0.0628994168353507	-0.0372463191165892	-0.0208808044118941	0.0657555315952719	-0.00994233527028759	-0.0195789433490721	0.0524195837630529	-0.124744446257844	0.0185732987086824	0.0469679030729003	-0.0182843505059777	-0.0575796098289577	0.0662417914112035	0.0660050556361517	4
0.020640810263303	0.0633580809420788	-0.106189390091713	0.0104467459087563	-0.022942115386485	-0.00237885180364328	-0.0418574762341276	0.0604517516872547	0.0334111039493188	0.0749710542293931	0.0376991070733237	0.0260672614344455	-0.0194350894115591	0.0295222737480207	-0.0237379623534266	-0.0152945327753261	-0.0441537509080221	-0.00819973707508499	0.0235614078340235	4
0.0415028059912269	0.0111402767398268	-0.138614166621137	-0.0500634531661369	0.020784590951528	0.0934790453140326	0.0541354429580515	-0.0652299844808327	-0.0492437612036444	0.0218258224960138	-0.0814325314259053	-0.0315185676606358	0.0892480281413867	0.0110042906529869	-0.00793775799129201	-0.0417227501554177	-0.0180526158917614	-0.0448072876205815	-0.00351068598953414	5
0.00203781106818254	0.0798527365244474	-0.107115684259345	0.0309460504262256	-0.039193929174882	0.0286033176677597	-0.0564889938210517	-0.00525577398246529	0.0640049042163736	0.0241129008798173	-0.111404702947675	-0.028582208717789	-0.0399908913730174	0.0916539963923132	-0.088246366682704	-0.0300991209245615	-0.0749678959783033	0.101845180621682	-0.0464939823929237	4
0.0577970462112971	0.00924242877195064	-0.164544898991602	0.0194580807564599	-0.0484741498440619	-0.0623638933362837	-0.140224073340113	-0.0550007362838347	-0.00198696606066628	0.0254214657234329	-0.000927342859004313	0.130801344583088	-0.00216914112354696	0.0647120660945166	-0.0881053693366294	-0.0451084324362703	0.00998961467776242	-0.00798468898775441	-0.0856000942223384	3
0.123323679881572	-0.0306231536057197	0.156366531819457	-0.0683885656804541	-0.0118287809921208	0.0385587815685061	0.00978044186138225	-0.0160106858280344	0.100203063487901	0.0661380965657823	-0.150551987384739	0.0129979742796614	-0.0340911172070421	0.0943009252962562	0.0582910631324918	0.0758017791317379	0.046184687171001	0.025677407115051	0.0905242593677174	1
0.0287999949220857	-0.00353130633083595	-0.0581246405896023	0.0326764218982473	-0.0393140979764957	0.133343145464739	0.0531047607748434	0.0273460611176298	-0.0311366047135498	0.0168681390947969	0.046385864856856	0.0175810110078961	0.0478009182262613	-0.0450116562318203	0.0160504235767569	-0.0707961927977382	0.0764408071824174	0.0705494804770361	0.0757035194133827	4
-0.0147945210089087	0.0969343248847711	0.0994170638602106	-0.00499516160766668	-0.0262115147191453	-0.0197308913562217	-0.04992921517555	-0.0563889713549608	-0.000977051116789342	0.0411183334474269	-0.0778777266731796	-0.0128348118858014	0.130432349870763	-0.00561030505506959	-0.0552989817347845	-0.143050444109477	0.0183674574522121	0.0165335780214088	0.0121402319178578	5
-0.025497654682265	-0.057617256853979	0.0531995491870684	-0.184626439899662	-0.0361251798714494	0.0236876129709991	0.0155226345665499	-0.0922325000560289	-0.035051162675168	0.0512640493190741	0.00976538747328009	-0.122443401724162	-0.0495741110650435	-0.0805053351794266	0.0438400796118027	-0.0740668046093982	0.000872026337997749	-0.103022780956725	-0.0107724813307454	4
-0.07770034151485	0.0705667835185739	-0.0367903824619703	-0.00924192519689418	0.0471493354915152	-0.0152887224811924	0.00715720422366651	0.0819352376878099	-0.0395262094927434	-0.0832852465841983	-0.0602164587785722	0.040064507398613	-0.0912901637456117	0.0688060041260137	0.0653035415271244	-0.0111151078252228	-0.073815959473095	0.010212836300848	0.0418169147516236	2
0.0877074474650839	-0.028145698347343	0.168940662094231	-0.0315118386568685	-0.0794626876987923	0.0613934156410457	0.109478937014714	-0.0838213408328217	0.10916046339575	0.0509026347176942	-0.129289538175721	0.109866013171326	0.0128646407543147	0.0786584200093783	0.0290743046959649	0.0968658177284028	-0.0230462290636828	-0.0202674597397887	-0.0408706325613729	5
0.022792572532069	0.0374812757347602	-0.116423909457761	0.0269690176326243	0.0106323542353363	0.0377062217641135	0.0620537010142155	-0.0521022356686224	-0.0413668575921995	0.0566741342099629	-0.0681241269114314	-0.0159661492203988	0.0493992423206377	-0.0698306576235116	0.0512298287010345	0.00853675486114288	0.0345493957436339	-0.0316086980822458	0.0487263801720526	4
