"SV1"	"SV2"	"SV3"	"SV4"	"SV5"	"SV6"	"SV7"	"SV8"	"SV9"	"SV10"	"SV11"	"SV12"	"SV13"	"SV14"	"SV15"	"SV16"	"SV17"	"SV18"	"SV19"	"SV20"	"SEX"
0.0297799505313947	-0.051221986477447	0.0624388766810686	-0.0600062608580532	0.10681802093153	0.00485000121801763	-0.00978716575639202	0.0488622856307866	-0.00174902231144909	0.102698752307326	-0.0144573576976446	0.0986196008801084	-0.0891257582854013	0.039309114140191	-0.0267235183507043	0.0558193776579864	-0.0403668788136117	0.00713984215267509	-0.130904064992675	0.00700544247867777	1
-0.0371615778832768	-0.0501556913068673	0.0505822074261091	-0.0645322282520694	0.0399506514094591	-0.10753568731005	0.0726591652376836	-0.0935066607962352	-0.138837508113358	0.0682316681235489	-0.024620879670748	0.00442727416473251	0.0443128634706608	0.00854198890838621	0.0272415724679568	0.00090429352070898	-0.0217048286811796	-0.0477737506399197	0.0486437270383241	-0.104139199798293	1
0.0728482754281131	0.0483924257761232	-0.118469236899483	-0.0277562872391565	0.121810829271319	-0.0136144715045347	-0.0154331323644814	-0.0170918123716782	-0.0260544019721095	-0.0365769209740452	0.0841694229485323	0.00438663984285637	0.0842423717596204	-0.00887261117612056	-0.199905658245637	-0.0151259267474974	0.0234228982768821	0.0424172707216955	-0.0961523129505329	0.0497319197476646	2
0.100959112933775	-0.0173433714686941	-0.0384138941205748	0.0182294266557226	-0.00691493095997892	-0.00257494519978866	-0.000441014965867667	0.0390073709047666	0.0827471069966785	0.0695614290513877	0.0750837293097347	0.0240461519939342	0.0431617739389179	-0.0101073754497463	-0.0261996708565451	0.0341673013486314	0.0770369532189766	0.0205027530687665	0.0302207001582938	0.0428528757440818	1
0.0888139216736707	-0.0246452251367079	-0.0241644805252348	0.0129163621073714	-0.0642888360319108	-0.0350352660530337	-0.0656091553679531	-0.000778117905330403	-0.00456038592002791	0.0114442244513033	-0.062023527860005	-0.0673743189344521	0.0431417611294512	0.0634688762824649	-0.0981161939324457	0.0606535914143086	0.0134259385611721	-0.0875443824421895	-0.0478120343282618	0.0319135685629058	1
0.066687926646596	-0.066977701019189	-0.0107963778556682	0.0337777046978713	-0.0837623302510337	0.0152319863202876	-0.0171982251583383	-0.117609686643962	-0.0060924991161586	0.0112675570763081	-0.0395948640151315	-0.0255134736201608	-0.0814477894292945	0.0530883640219488	0.053019194045639	0.0236904040038483	0.0707748237731896	0.0143301973067841	-0.0447965086912624	0.0645239161705832	1
-0.167513606061538	0.0695792558006047	-0.0054720172227313	0.0767649722516885	-0.0892395156111759	-0.210566879814104	-0.101827560736445	-0.0829899359099431	0.236611721588967	-0.107150808487426	0.0423489799057584	0.0378410791753764	-0.0570889991709436	0.0428286065173455	-0.00994714001898957	-0.00415174487895735	-0.091446145037322	0.052090721970408	-0.120864582009481	0.186822207954528	1
-0.0484603198250311	0.157908214954751	-0.0110858576104834	0.148331203187452	0.0721682966946839	-0.0957561700414171	-0.0910078421678722	0.0274273906801035	-0.0769262864327468	0.119387678593749	0.0454644695301816	0.0697713734910603	-0.0955682037478076	0.0133608106812411	-0.0522854599152215	0.0231894394721614	-0.102320130661559	-0.184641402418855	-0.0312176302272659	-0.0232204715498141	1
0.0188290582017964	-0.0693751656847894	-0.0182697025378	-0.0245076325216649	-0.0229138109827765	0.0545464102635927	-0.0361598570810275	-0.0827729366724932	-0.000138785124529296	-0.0246622917969569	0.0428026053728934	-0.0280931104302443	-0.017067340706933	0.0254493004792659	-0.0265565798468724	-0.129254399604389	-0.037057665646518	-0.0660181759025199	0.0601891632694605	0.0587248910105465	1
0.0803887406107398	0.0181272576858769	-0.0118854269892018	0.0411039931599541	-0.00558215151831588	-0.0177108036371563	0.0177340970359766	-0.0625138352126728	-0.0660786034743622	-0.0326038372684176	0.0667054576543031	0.0323382493703552	0.0340754337692946	0.0616990722570176	-0.003683205345056	-0.0422696878183828	0.0558717386778223	0.097654450370306	-0.0164847941337742	0.0136630753782487	2
0.118437962978197	0.0665408022618477	-0.00291347483900542	-0.0322056871951447	-0.0712178721222439	-0.0954107505830111	-0.0226643761767158	0.0147058770841006	0.0377709863948991	0.0216699376536919	0.0748385081973554	0.0231041400281227	0.0649460642977359	0.0303453018088164	0.0437688818175744	-0.0468193051280804	-0.0169266816004823	-0.0243480298316771	0.0346130124150233	-0.186786432560901	1
0.0581870179166706	0.0333028641148253	0.00611082181071877	0.00182186008112171	-0.0421823765571021	0.0597400852015705	0.0294370100900822	-0.0671423806464017	0.0038161589115871	-0.00914708978995607	-0.0242767008913345	-0.0482448637799537	-0.0147440107233765	-0.0232053891735502	-0.0495144948091794	-0.166945845332975	-0.0390269226216557	0.0115228569894153	-0.055234941911127	0.0135386872571624	2
0.0437811257328788	-0.0337206292030563	-0.0169583681330032	0.0627120642639451	0.0499195909743147	0.0362768683848486	-0.0323681398340429	-0.0153927444888709	-0.0378099578076758	-0.00617629561694871	0.0531467502767254	-0.0247838603641864	0.0696272828077496	-0.0774986588740546	-0.0844704676758115	0.0608946776028024	-0.00453324437471871	-0.0863155663760537	0.0083717419487286	0.0242317370248884	1
-0.0199086851464502	0.0621823243332213	0.0678473964209362	-0.035717555302459	-0.0723053148443489	-0.00169293313444463	0.0294296133670011	0.0245506782508544	0.0398487155382078	0.164298806417069	0.0148780181096154	-0.0798278367130263	-0.100395537121318	-0.170440300162455	-0.0890846205198222	0.0223404221279773	-0.020926400620149	0.00488835583693618	-0.0771875583536063	0.0408176504851833	1
-0.000190267944226438	0.0370004411741058	-0.0596812978810039	0.0011682182428165	0.0423981754250223	0.110286959645742	-0.0319840918248848	-0.0555057390533766	-0.0243191119685078	-0.116730831165108	0.00761455017265351	-0.167373744148973	-0.0303450765266376	-0.0152705430313726	-0.00195865572844887	-0.0799843986136091	-0.0105622857884278	0.00843407328163656	0.0234728287256439	0.0340055464212041	2
-0.0539032373496131	-0.067104499895064	-0.0521221279317011	-0.00426665861848239	0.079031728841852	0.0613938618309675	0.0121776995734091	0.0289993538029413	-0.0270136951621289	-0.0332914566182932	-0.00982268103401462	-0.0573094789178686	-0.0504856054752518	-0.139285978110098	-0.091224406034818	-0.0358558419712592	0.202459572891716	-0.00473239131044582	-0.0610513049645109	0.0290763168088299	1
0.0434161124637574	-0.0363863909426515	-0.0527481466910318	0.0483239011868805	0.10580382630042	0.0286637812048569	-0.0124273615301134	0.0269729746278375	0.00542421472949935	-0.0255531252202738	0.0577947487700937	-0.00876948532344646	0.058883361378167	0.0143856611621547	0.00042028440003955	0.115399952441928	0.0137582616197748	-0.115063125435671	-0.193455434410609	0.00204204417947855	2
-0.108638418484352	-0.00145374562347386	-0.0306425694268322	0.0756037270312527	-0.0428151013828698	-0.0241967059353364	0.0333886389191908	0.0182505677875473	0.0717709384648499	-0.0449932654752897	0.0971309401103369	-0.000946216634778368	-0.0978871297561546	0.0818863982454002	0.0440353011472552	-0.00174116010473346	-0.0538644148248746	-0.110965320203289	-0.042096764445162	0.111467696104153	2
0.0246495964131276	-0.0388001584186195	-0.0955715492947907	-0.0808738662193574	0.0195750474039216	-0.105077123637252	-0.0302226422912017	-0.173835479719099	-0.185922714420807	0.0343528752282515	0.0298841544554089	-0.018980404528194	0.0218001609091994	0.02464548774836	0.127434182331334	0.0107892879894542	-0.0115357658469574	0.102534771831601	0.101112772352275	0.0614499507470421	1
-0.0553533295711869	0.0751657654937825	0.0999901812109204	-0.0596481864633982	-0.0711568484951781	0.0026466720714687	0.0320823905698135	-0.0694671202439257	0.0185297267925238	-0.0405721203058286	-0.00462855864918627	-0.0405253997622798	0.0953975904897169	0.0413834178020874	0.025574686021005	0.0637169373393393	0.0773290703413576	-0.0768115389822922	-0.0389544539837507	-0.0506027282397268	1
0.056881111100933	0.0110292024283274	-0.00191564091450241	-0.050721026217428	-0.0156004354038897	-0.0345997698095753	0.0478170416582689	-0.0619966216263544	0.0486732781521613	-0.0428176122633068	-0.0354309595929282	-0.0387387727096611	-0.0626644777705938	-0.0721988076555372	0.0240130576191916	-0.0360160037671735	-0.0593518144999196	-0.119061607481483	0.0256487138240623	0.00532712047841494	1
0.152994784175248	0.234987773269633	-0.0468419921889638	-0.236370620548908	0.105272477222545	-0.0748710927516399	-0.0282899981947753	0.0200386519453826	-0.0117806225219713	-0.095365069665837	-0.0144575427901582	0.0663622658309996	-0.0210674500310437	0.0287949742459038	-0.023358044451038	0.0419698587953874	-0.0129276254802143	-0.0304345044393942	-0.0439726481764446	0.00949782167975448	1
0.104595691944696	0.0254100061065403	-0.0309691864060579	-0.0288059168278906	0.0125129936779672	-0.0262912376366487	-0.0521289554034468	-0.0291869307100348	0.0176862376484122	-0.00565197074586157	-0.0259430630545634	0.0440368180817567	-0.0466475335178637	-0.0812289717028929	0.00928021315192673	0.122602588004283	0.045752490961023	-0.037595462367281	0.0147683370568838	0.0220020113083612	1
-0.0111745871881111	0.0351561425028871	0.0350099012282542	0.0280010050546036	-0.0656985838869712	-0.025413194887131	0.160717842003861	0.0505053218891537	-0.0118016458212696	0.0726297247574811	-0.0215722804661631	0.0600339978461355	0.0556528573771458	0.0884934704555976	-0.0794339419800309	0.03516341002597	0.0317406571905113	-0.128909132853155	-0.0828024264322136	-0.0965360176809871	2
-0.14918070763639	0.0174585257448405	-0.151403850192749	0.0135844908794775	0.0678144608784589	0.0627122309251325	-0.139677446594585	-0.0646858375675835	0.112499399318167	-0.0925386893288457	-0.00131640115799472	0.0550842064130837	0.00537745107215865	0.0838748547024684	-0.13244623367199	-0.0781788841409567	-0.0394440508050288	-0.0641283831362398	0.0769108485267287	-0.173004824422876	1
0.0869887130813229	0.0451435163140561	0.0263785217260512	-0.0649936503671616	-0.0264427148687097	-0.0558232621569101	0.0630247711562192	0.0226726752031192	0.0369846868385743	0.026925047318135	0.018609525570204	0.0299756531064898	0.0223927587692657	-0.0359800357854303	0.098124973221187	-0.136406722736041	-0.0865032411230265	-0.0141393726270285	-0.0622670804002344	-0.00121114269522014	1
0.0939310640248986	-0.0243028089541325	-0.0542864601367793	-0.015098678911651	0.00771318881125975	-0.0034725736932736	0.0118493453146278	-0.0717450449220278	0.127720108360391	0.0379840608543589	0.0495490292139185	0.0572291138687881	-0.0437879895915391	-0.0447104570246386	0.0227673606624716	-0.0785496669265085	-0.00626070894518653	0.0427980900250575	-0.0982423829829813	-0.0521697532115263	2
-0.177382819450814	-0.0370871345491719	-0.136049350515254	-0.0798868412190082	-0.105799382684544	-0.0861684462769158	-0.109372917926131	-0.0949271355707419	0.0289823216372621	-0.133959058016619	-0.180214957009253	0.120460276799039	0.0959712842409975	0.00614938113229896	-0.00214272631917967	0.083477913150719	-0.147420097248572	0.0657815300812042	-0.127076833368473	0.00846661283458085	2
-0.00510469030351315	0.00103947283944186	0.0714670539700169	0.0460758308151148	-0.0903237067120762	0.112079659583337	-0.00790248568196122	0.0192275491869039	-0.0248850685267218	-0.00300969117773435	0.10753397659863	-0.0349375494968517	0.0270051247147646	-0.0272651945449261	-0.0535442812279633	0.0167266024236758	-0.00897333306481368	0.0138991118003536	-0.00561216633818054	-0.0173500105359716	1
0.01422776544972	-0.0947932320482662	0.0886679340257898	-0.028632754287329	0.0746924994277511	0.0143889301654083	-0.0395001228678637	0.0284945130977548	-0.00505393647346145	-0.0659324717294762	0.0193941574135776	0.0675456243587351	-0.03036592818845	0.0435785750951561	0.033949521635236	-0.0538090990086623	-0.139016955636168	-0.0482725313576355	-0.00168645673432144	0.0283952001547461	1
0.0329508171570405	-0.0966308095286987	-0.0375937760544946	0.0264893041158566	-0.0172997874659821	0.0393202616549384	-0.0807812997093597	-0.0760538457698758	-0.102034318557053	0.0327881051008529	-0.041753264930106	-0.0507987030505484	-0.0487465855621168	0.0422987794804975	0.0766518061332616	0.118394505191727	-0.00160410693301244	-0.0247218526949271	-0.088157379362108	0.0545784129131817	1
0.00786611054634569	-0.0494888208950145	-0.00485069835166478	0.0433859588416272	-0.0798412324314398	0.0944762827267015	-0.0150789822096863	0.056175354090204	-0.0817809191371465	0.0156623825926575	-0.0685468539052955	-0.0604860074082101	0.00742581481718837	-0.071022174794919	0.0870835961144684	-0.0326119588065134	-0.0994136918971796	-0.0506206546549117	0.0744386690735861	-0.0352323367206621	1
0.0131041427983757	-0.0075877635710983	-0.0210635678959607	0.0354354485560866	-0.0474397644759854	0.00781605841406246	0.02152887847005	-0.0275274292477256	-0.12827402208144	-0.0861207066544515	-0.0027937520264219	-0.0776354342975637	0.122633770210094	0.0336905905896784	-0.0236257483562273	0.00876330928156283	-0.0694860889192882	-0.0961556588052678	-0.114993702792834	-0.0126973504724398	1
-0.102712922272017	0.00839237627477129	-0.0263097047942644	-0.0589693045116608	0.000577278528578931	0.107615518667966	-0.0529671093444454	0.0559496664043929	-0.0398016595354342	-0.0027969387093833	-0.158896821499665	0.0307858834727426	0.095563451415628	-0.0576913071288018	0.0327166043955875	0.100875743399287	-0.013966853606644	0.0693802240441441	0.0153519563066635	-0.0790084707290515	1
0.0236360263078891	-0.0654317487770038	-0.0534900168191639	0.0454619234577857	0.0968290436400265	0.0336471307616912	-0.0294566977810633	0.0340638219126096	0.0347141332265112	-0.0546666102635814	0.0604538265600723	-0.0376271269963476	0.0671241023389285	-0.0869032879815873	-0.0756113383959248	0.0136305310355888	-0.105358990481261	-0.0136372765511221	0.0798016475843357	0.0408061026426576	1
-0.0563394322333972	-0.0249096376747018	0.0695692016110883	-0.017918713697431	0.0832544393971188	-0.0984619863080431	0.0852458629422914	-0.00448302465081803	-0.0131221242452793	0.0183660205714444	0.0209266701821269	-0.020826992288	0.138055951914517	-0.0707963665658528	0.0162750687609193	-0.0966703098114693	0.0998676255988689	0.0217315185122672	0.0185348811746959	0.0445344072321806	1
0.0812398607384676	-0.0033966595692952	0.0353520607803243	0.021140718925089	-0.110331318943263	-0.0586719585073252	-0.0750522054375344	-0.034587099892476	-0.066740686613574	-0.0547545594581495	-0.108270147932144	-0.00341629728706478	0.00729271873064638	0.0799251060504669	-0.0393569452036729	0.0671902634440233	0.0147617206472167	0.0272449299734415	0.0137595606294338	0.0179148095841624	1
-0.0674096504752659	-0.0667126914663023	-0.00215186157611804	-0.0937306841367864	-0.0601905749211221	-0.198942696003439	0.0325922701349777	0.17669695383172	-0.0831585743839699	-0.013564151547228	-0.0515399582643654	-0.0729336626813851	0.0478646444037208	-0.0405006166641304	-0.0625650474998759	-0.0991659211616383	-0.0530007870624598	0.00953694971184568	-0.228208919712725	0.109650823534278	2
0.00736021359119546	0.019497441026002	-0.00566019072014346	-0.0860255332452902	-0.0740801336840535	0.0771656471710984	0.0257634109386517	-0.0920972881222472	-0.0264458915838342	0.0161441263746518	-0.0777145765348257	-0.031908735420317	-0.029851727295032	-0.0873842392748996	0.00254466464854865	0.00402145092702612	0.0228441219021831	-0.0593662930732699	0.0457562229650915	-0.00177200604258747	1
0.0422035870426416	-0.0650766711112456	-0.0534362291723287	-0.00384272524528815	-0.060196346138386	-0.0460393649404352	-0.0644100411262237	0.0109146387597337	-0.0658813517722893	0.0361480534161721	-0.0595085164525798	-0.0152618025020748	0.051349422934056	-0.0345973401072639	0.0245617707780435	-0.00756503981840016	-0.00428149308488981	-0.0173207121485916	-0.11953533455913	0.060079312214255	1
-0.0700197894212466	-0.0422678930727654	0.0123101751238273	-0.0012311065917029	-0.174516696960899	0.0244247094079634	-0.0345751369881779	0.0834530653915546	-0.0141180029153075	-0.0882163729420655	0.0941467004369816	0.113633755653581	0.0437693710686085	-0.088842426335401	0.159674164489986	-0.103565274504994	0.0946731708273295	-0.00534165718300601	0.180275183930922	0.114611284082135	1
0.0114350633341027	0.0428846664348216	-0.0123965892313044	-0.0507472848214503	-0.0762125427313848	0.143724120471297	0.0164809085060344	-0.0402082744351689	-0.0197987664184932	-0.00754658742746396	-0.113198054894777	0.0165453459554588	-0.00257993626163334	-0.0453723496316462	-0.0627964096794738	0.0518815061773609	0.215870975875225	-0.043291293507136	0.0329094475913773	0.0289594186007919	1
0.0133711915971766	0.171812420062846	0.038001419281586	0.0901801729293179	0.0144847080425102	-0.041001476213096	-0.0758847709404007	0.0208151564097548	-0.0879991955286331	0.0960673124734778	-0.195653087367805	-0.102878295610131	-0.00819055304789167	0.0613188632930477	0.059492149797428	-0.0407129892050202	-0.0093195170466923	-0.0439653040645752	0.0392203914706713	-0.00268066088735526	2
0.047075011358381	-0.0947981733062315	-0.0519868316745558	0.0105636673672365	0.00991491019476497	-0.00276439658417859	0.0142929252041379	-0.0260925456891925	0.0487909121449645	0.117420536318075	-0.0731199380368177	0.00884960960680418	0.0211909250986603	-0.0978164638318224	-0.146253961996529	0.0164217873685812	-0.00136072270565017	0.0769262719979167	-0.100981178197965	0.0291723405946638	1
-0.056080745806509	0.12676237579628	-0.0515554660661031	0.204175738789878	0.107661101087797	0.0292945837207337	-0.146846530398258	-0.0156718114537925	-0.0218544066224452	0.0751577161196992	-0.209140200575894	-0.0132863234720331	0.012112681407715	-0.0169506209430127	-0.00279068367047566	-0.0147211933212628	-0.0158250832003522	0.0435353656461992	0.000486992271325717	-0.0194829095813679	1
-0.025677153974833	0.028749155864089	0.127861449607923	-0.00658177098596107	0.0347492072468709	-0.0199440042947074	0.0722552956333748	-0.075619452155661	0.0923809985272337	0.0483972848652508	-0.00649934841179547	-0.0921787951501326	0.00397030166391242	0.00557130503480781	-0.0583160347667183	0.00361003272998027	-0.0542522552543403	0.00103717048554471	0.0902299565394473	0.00713882591831717	2
0.0404233148846598	0.0810968409651744	0.0194933470030047	0.0247003251806823	-0.0449972786074895	-0.0153984039985211	0.118181413686038	0.0233269881927371	0.0312922921634693	-0.193905940611203	-0.0299036292089978	0.0510914059845129	-0.00641149269877132	-0.0142268197492297	-0.103720682352876	-0.0440972030088849	0.00836725290701824	-0.0697912879299277	0.119541339268078	0.0427921819739738	2
0.00418962616831647	-0.145298223220631	-0.0684250752785747	0.125835702900762	-0.0268472384326351	-0.0107459549462246	-0.0727290176620746	0.0331490953495535	-0.108465666029581	-0.0532954113055353	0.0236005349063068	-0.0869767832895174	0.225596896520977	0.0335757637682714	0.0279866340444841	-0.00926916241153021	-0.166147341122478	-0.0198839966907922	-0.00911824265557832	0.248744488483744	2
0.102556069248755	-0.0101930103127622	0.00564502591447789	0.00847078907472825	-0.0529170028746866	-0.0288881469100703	-0.0444774776965013	-0.0649581380875435	0.0253736648116417	-0.0112243530156154	-0.0527771657852228	0.0353257087699328	-0.104379495570407	-0.07295965709138	0.020701209643543	0.114857617418318	0.047078392131341	-0.0296127875095163	-0.0218179032721799	0.0123809587623347	1
0.127696705346364	0.149834895821389	-0.00198136308573953	-0.124460831469384	0.0374213116600726	-0.0843993122875223	-0.0823360077076642	0.0233136142829904	-0.0859261859441657	-0.0816703906509466	0.0394869240293091	0.0790635081504284	-0.0460918430684001	0.0798768603016278	0.0534141153174801	-0.00625971330818372	0.0248348784407272	-0.0254329621779179	0.00797871035007283	0.039731964115972	1
0.113545874507766	0.0399359645932226	-0.0311870339909345	-0.0792900546648139	-0.0226606253452997	-0.0284370673096652	-0.0616548874267059	0.0456534527714577	0.0224777352416306	-0.000563094719961824	0.0389136732922714	0.0440534927239393	-0.0103119596277129	0.0332302263394564	-0.0185536798361874	0.0243808753002615	0.0226429622281261	-0.0367605258618053	0.0786275242449273	0.0574200023640171	1
-0.0996025460908743	0.128241493263372	0.0735158106016899	0.0574905141396952	0.0064544540061758	0.0442075193911527	-0.0998792861437556	0.0124839499969635	0.0136570870190545	0.0826645632501741	0.0561441668781149	0.0981593953306336	-0.0597277676091383	0.0812531806324083	0.0310266288031991	0.0418555692565341	0.148195341738945	0.0692833672018615	-0.044408182708177	-0.0136475830888133	1
0.0916183254490106	0.0268378653217575	-0.0569466424778308	-0.0135928433309695	0.0225269014578781	0.0524825681141391	0.0135873896252629	0.000568805205264437	0.0376121279419064	-0.0104318398098029	0.00830018625499713	-0.00592295243942507	0.00274834873355431	-0.0600519821903104	0.042373227762852	0.0464229702558849	0.0898419916560763	-0.0370538641271913	-0.0188610256480459	0.0747916422809028	1
0.0546752353568011	-0.0509311182610787	0.0477489673038808	0.0758591439029922	-0.0422435040784168	-0.0261680509809537	0.00909804850508358	0.0132603935737926	-0.00833580922007253	-0.0298488416589083	0.0599387759786357	0.035763951152952	0.0620353896830088	-0.0642929770355856	0.0851119092588657	-0.0609802625376789	-0.087534919695211	0.125562255354453	-0.0850802061835721	-0.0993972910202451	1
0.00605770171365907	0.109894775896528	0.028791059702797	0.0187498255433574	0.0384457104642436	0.0408983958337169	0.119381507413966	-0.0133148256979106	-0.0531606830636413	-0.129429937390258	0.00312671476826761	-0.0519201210051519	0.0824641170013015	-0.0475901390937879	0.00253325515262225	-0.0253957779296471	-0.00224187595627505	0.0790850171562977	-0.056407625965063	0.0521273827731527	1
-0.0839696368700218	-0.0249842567574452	0.0116732813565281	-0.0564979404104898	-0.110722225571902	0.0341637723987677	-0.0343399934412062	-0.0934599112123134	0.00184103295956013	-0.0988316425896315	0.0912209701165392	0.0276137132084997	0.0834476743834855	0.0270802993598018	0.066131345340952	0.0212670562841072	-0.069952489290886	0.030917204933803	0.053019804175545	0.00834940676999773	2
0.0537643072152834	0.0792618286862531	0.0781626247529986	0.108908636298882	0.136752181120799	0.000257881811621055	0.101664315261734	0.0219640862821843	0.0295180848434125	-0.128156330800332	-0.00577982287966482	-0.0105094432736798	0.0541891303929426	0.0116116613017696	0.0715548510716637	0.0383867553371494	0.040993081528704	0.0789471748980671	0.0893285821235761	0.0451410967635607	1
0.00339374046204206	-0.0118519335021545	-0.0707777038469423	0.0590707928495297	0.0149216134244363	0.0284378682182796	-0.00416212104686363	-0.15492995378873	-0.05034223742118	0.0295581358594795	-0.0394021024175896	-0.138493199340178	-0.140998061627574	0.0447491139473996	0.071834064777532	-0.0702733875968665	0.0122160057128176	0.128649887257616	-0.0293588402662401	-0.101761453982575	1
-0.00128602504133196	-0.0530102785890904	-0.11956127099354	-0.136625777749093	-0.0118733443071714	0.0378233142769972	-0.0496934713631541	-0.0861235597766829	-0.0730510754308465	0.0544238542310103	-0.157675388631005	-0.00496706580964943	-0.170965645875367	0.10059770320886	-0.00125682218759736	-0.0683337525420824	0.0599210623980178	-0.0999279277270231	0.0559655390448216	0.0297322444910958	1
0.0515395926291067	-0.000606941136545705	-0.0095124993687536	0.0498023564533022	0.0608337309722406	0.00181421980255263	-0.0698543852321659	-0.0915476970398286	-0.080650154221374	-0.0991579999442777	0.0980135854740616	-0.0332201714057818	0.0247107793213214	-0.0268780170466442	-0.0407655012992502	0.00358339796596723	-0.040361293636923	0.00976136685648768	0.0844098004966346	-0.00259059234924344	1
-0.0410148540047026	0.0131813409042404	0.046852831253781	-0.0612333500461654	-0.0247623845587784	-0.0224636954074721	-0.0787679970025155	-0.0323534729736851	-0.0627619376896186	0.137860563511923	0.0721254320075092	-0.164817269075878	-0.127534669724871	-0.0859267434606124	0.0322877328170885	-0.0923687964055921	-0.041672673431248	0.0758258784218346	-0.0365074833226057	0.0458673924581419	2
-0.0982496802688406	-0.0351835620680965	-0.0911358428017352	-0.0611756095918479	-0.0305734154009879	-0.122055327957256	0.101049513853864	0.071615299450466	-0.0890453408824648	0.0278645562571649	-0.0979049657678293	0.0561420666869736	-0.0455152351737808	0.0463029671983891	-0.0881184786235837	0.124148516864949	0.0142465025075037	-0.172696800048347	0.225397355872849	0.0628276852374539	1
0.0272055906234013	-0.113782793536295	0.0531514942383973	0.0138469282949477	-0.068428016328154	0.0495303983659348	-0.039058916789877	-0.019277263963599	0.0546967487847028	0.0168885599607414	-0.145868590099461	0.143250609329404	-0.0905912092848903	-0.0379167131065593	0.000930255111216765	-0.00337911581523082	0.0329320752220824	-0.0962281303624705	-0.0412453509624105	0.0327700340139302	2
0.0322033639692412	-0.0479737851233881	-0.0530683034203146	0.0546123426840785	0.0330348807445572	0.0179884117601235	0.0738113553953213	-0.139216335036325	-0.057881002301674	-0.0769269414267171	0.000100035769520541	-0.0623543898420585	-0.0787870358686585	0.0655943656035047	-0.00313816152788335	0.0699085046551343	-0.0288087872959492	0.0437293720174852	0.0379275474911668	-0.0263829995914073	1
-0.120425844246562	0.132789686775142	-0.0605887246586442	0.0184763222226996	-0.0590499278542472	-0.0465845832010257	-0.00468505936875355	0.00903226354237583	0.131693233712786	-0.0706611397949	0.0411918247713635	0.0148085730412877	-0.0662258290090615	0.0152656788364815	0.0656464174129893	0.0683637809198638	-0.0878519463343871	0.0462494603326222	-0.0379120313147604	0.0701034393973908	1
0.0517433693641145	-0.0579193226805759	0.00100676265651341	0.00892093997378716	0.0255167834651846	0.0792347737218145	0.0216631709847808	0.00902305390584728	0.0477487692073031	0.080704791946759	0.08501949949359	0.0533585971818305	-0.00661842444685219	-0.123029476711614	0.0365249678428856	-0.00780822802623821	-0.0429503345121823	0.0173312661020453	-0.017421108560063	0.070862935224496	2
0.0165098764640433	-0.00348733798497085	0.121064801873249	0.0363665131077626	0.0228370696225061	0.0777536525470784	0.06614843378077	-0.0386182946502466	0.0846699439066009	0.0125413738840718	-0.0812294045000802	0.105083349195026	0.0496115548662704	-0.10086485966827	0.0103957768681405	0.0438405218301408	0.0509559654358868	-0.0289694697088463	-0.124165382668722	0.0676164766255515	1
0.0601358952684894	-0.0642321210024353	-0.0265833920948139	0.0112180571797022	0.0515965061095153	0.00792729384880317	-0.0448824287853411	-0.051067834351076	-0.0165997889073101	0.054989808108409	0.0661684770179835	0.0290864472768384	-0.00379869794136237	-0.0887576777232594	-0.0155499997222846	0.0804211180255296	-0.030644826901258	0.109266174415509	0.0453066092870907	-0.018083060770071	1
0.0831150384427139	-0.0552800329556889	0.0251171420821292	0.0123252095025806	0.0264344767036764	-0.0270098205737621	-0.0143492784963723	-0.00354974079942006	0.0528103520138063	0.0558699845490089	0.0940404263765292	0.109300040530422	-0.0178579322588321	-0.14679046107293	0.0591537407142901	0.0333702686861667	-0.00868346978982881	0.0703594249068396	0.0154395227411644	0.039553973665069	1
-0.0170947137155157	-0.0459911338421569	0.0892889557194735	-0.0133766624639874	0.107438371552954	-0.0211688674984423	0.035064903033397	0.0381757170708596	0.0494072683030758	0.0767038486201249	-0.068246865682364	-0.0223763545321259	0.0679330963523561	0.180167878628258	-0.108766750622087	0.0431523349542541	0.0130200238522524	0.162106005097711	0.16624016141708	0.0358013575958515	1
-0.0573592485077315	0.11947579993615	-0.0905599705399259	-0.0582853355232246	-0.116854936459126	-0.132302327629169	0.113861191273922	0.0781649302484858	-0.0308417792589893	0.0598897183388435	0.0814547598875191	0.0721625315714441	-0.103197095900951	-0.00654818694791059	-0.106533524990558	0.0239501234841309	0.0113352118642087	-0.130217712796712	0.0548382531498757	0.146961045127389	1
-0.130260865195555	0.110238593150064	0.0267882794033763	-0.068619298867245	-0.0364970231308649	-0.0674513926216516	-0.0211237195967534	-0.0406536000894057	0.119558840960414	-0.00625399451625174	0.0722946086885294	-0.0315857003373209	0.0293510038509041	0.0284508324784906	0.0563157304233056	0.204178523585104	0.0604648988682968	0.0121968584396388	-0.0328923307290923	0.0643724627013813	2
0.0403955516434129	-0.0997091706671476	-0.105602716494226	0.00109332320547787	0.0555878352574383	-0.00752741765487807	-0.0373268582891847	-0.0730323407274992	0.0059192712282384	0.069912021973773	0.0477702824879502	-0.0204098679594205	0.0700153121082847	-0.0324980372693865	-0.0608911247061195	0.00709590168765198	0.0109372508498045	0.0256930441025962	-0.0541832077120072	0.055840643833442	2
0.080327983762664	-0.0320641353958142	-0.105028709991021	-0.0804130726047111	0.0485023346903359	0.0389011635831208	-0.0289391110601841	0.0958040158944466	0.135812598031627	0.0244884538636707	0.0260468615293518	0.00934202885037432	-0.0507436056150219	-0.0527814274839132	-0.115221646985633	0.0774164392366059	-0.039062607945601	-0.0337948676979498	-0.0160034418757214	-0.062145720432206	2
-0.0818317195257784	0.00637694242343124	0.0802902869138304	-0.0615723296614199	0.0365369843203077	0.0200715820346726	-0.113313501110671	-0.0473817348066852	-0.029896576570908	0.104468515735917	0.14166212474598	-0.0138030144049578	0.028261825701435	0.0871666931660268	0.0528500458282666	0.0620350033697881	0.0543301138219531	-0.0795653725574139	-0.112265452189487	0.0362311974251905	1
0.0340270705589592	0.0547221763106415	0.00566428982720741	8.92917590628087e-07	0.0268014329370764	0.0622835825341244	0.139590116122092	0.0863072480636112	0.0523987135222531	0.0596795967308711	-0.035031721479324	-0.0124583251457758	0.0385173407905966	0.00958358520463415	0.183873308958642	0.0103402034964671	0.125788849835524	0.0326680523406836	-0.0482547227118146	0.0140380285823674	1
0.0986996798188038	0.020937441600547	-0.00916215235886698	-0.0444160209410183	-0.0518519123571436	-0.0698839714087128	0.0905387160202001	-0.0266283671080932	0.0960692208472518	0.00361494594713826	0.00168090651916146	0.0122924867101697	-0.0659224067148571	0.0834315964185974	-0.0534129745555385	-0.126472471024999	-0.0112826236229393	0.0782648714781091	0.0410957831585738	-0.0738071975434893	2
0.010812709081019	0.072181175563411	-0.0170527340533189	0.00624254069290843	-0.128963154703881	-0.0437004945973269	0.130264592009618	-0.0133181946480763	0.0180130209377086	-0.212337832208699	-0.11335326305952	0.161406965951235	0.0909611729013515	-0.0525106823787503	0.0703702500084961	-0.0794022420820246	-0.103557626217802	-0.111162338704441	-0.00610685680384535	0.132629735484907	1
0.0591549402555089	0.0415930291645638	0.0303879369260543	0.0588068183898289	0.0321355262647809	0.0375828166421571	-0.034795600245228	-0.00669043761801236	0.00788312801436498	-0.0481756280880269	0.0260692289979319	-0.0995999409451393	0.0345452860861206	-0.0722680306607116	0.0232753434831584	-0.0370853426457212	0.0136601759922712	-0.0382903758236773	0.12352079977717	0.0744337452337021	1
0.0388279364235887	-0.0736427317540559	-0.0122261448729536	0.0339533290506686	-0.0689860651995371	-0.0184505579050892	0.177610244383096	-0.00448789252483313	0.16588808226368	-0.045135940572058	-0.184149884129994	0.0516133664746569	-0.0484054012239977	0.128067083087502	-0.1014115471089	-0.042080878360094	-0.0361859413155403	0.0868247285262906	0.0425017437388169	0.0670882635131861	1
-0.0317610079009337	0.0615859655009207	-0.0252962121691878	-0.118247999463481	-0.0653206168841551	0.0747337645954579	-0.0342687991997195	0.0643306369060997	-0.035088961691627	0.058273637468107	0.0477655037506838	0.0463271915764214	0.0949616796673479	-0.0591969826269168	-0.0737503623866701	-0.111593022580098	-0.0553207165477221	0.0352735529864539	-0.0192484989980887	0.0488369028672252	1
-0.00299480671636985	-0.150261402180868	0.119525348830688	0.0116696619892246	-0.00781218306417555	0.0132214218754041	-0.00920934715650899	0.0193724540774994	0.0656452219508819	-0.0248132899176164	0.0308288528005501	0.0437291025447256	-0.0526081243691755	0.0642693083345296	0.0390931000882512	-0.117301699721383	0.024588376654313	-0.0563239423180894	-0.0308491051034468	0.0364598632464895	1
0.00553140534086546	0.00870437709357166	-0.0593266000745894	0.102904968295723	0.0689935035033001	0.0650815815181571	0.0726278128058443	0.045080003629	-0.0539060886943495	-0.138374357793646	0.0688620649681112	-0.0613747433958928	-0.0254388090146449	-0.00399350807465835	-0.0363589877229902	0.0796294082284858	-0.0434964221166492	-0.0407095440491488	0.026553804797388	-0.0556771362265311	1
-0.0543073951621179	-0.0536318689461992	-0.0335161186700243	-0.00588179565090074	0.0957362378381382	0.0560141929173196	0.117983084547956	0.171692511440382	0.190075906478515	0.0765925684333563	-0.0762029832522613	-0.0976812115232415	0.0265569983193444	0.128419290013059	0.135745396695353	0.0408456968989708	-0.18071980207102	0.0922418123706863	-0.0463783100760676	0.0164281935329523	1
0.0999393252858233	0.0103690149745515	-0.0286794625802711	0.00881381528562393	-0.0467220669754931	0.0178218907577919	-0.0193108367815342	0.0905807845214496	0.0239920204516481	0.0585784697352911	-0.1481782090232	0.0309627932580292	0.050849142331113	-0.104321921745536	-0.0785905379925263	0.150884817475859	0.00281286223921295	-0.0346347753969238	-0.0329360007597708	-0.0208950553429532	1
-0.0455754640166763	-0.0221035188324777	0.0967728868243547	-0.0582737643541404	-0.0155965191747259	0.0834559885988892	-0.00340661861208255	0.0607834765028437	0.0366389139196447	-0.0254385378438568	-0.024724121679369	0.0432716622646681	0.0487406384288062	0.112797093196834	-0.121320875758158	0.0435000435067677	0.0847447855195237	0.0897105658180005	0.0238981901677153	0.0806320860575923	1
0.0595349035238279	-0.0779574622844179	0.00750980562998551	0.0782615899832273	-0.0755232793674832	-0.0130497901650663	-0.0956959313802969	-0.0298068572101875	-0.0452637942077715	-0.0215166922731051	0.0129117471294392	-0.0514476997684338	-0.000358824785627063	0.0354935144289822	-0.122448298006346	0.0476567147294204	0.0277085455764195	-0.0996114953124711	0.00208832064205373	0.0444273157531727	1
0.0630282106853684	-0.0960095207023402	-0.00995892807573573	0.082212258594936	0.0490820201490088	0.00792694480664753	-0.0127873726107585	-0.0619717896175058	0.0736414290279144	0.0576183346851618	0.153292361451916	0.0420803771252558	0.00879655558161657	-0.0823796859553682	-0.0218799986304756	0.0252530019461279	0.0554483748648375	0.0657070524710937	-0.0272566940776102	0.0464850279283535	2
0.00150138446361876	0.0711062599783896	-0.00244966354684991	0.264848747954887	0.100880110330587	-0.0403152247874905	-0.0339625028558829	0.0393045473170705	0.0496831321584471	0.0482662450587772	-0.0730695035280269	0.0133287810239582	0.0763830898856918	0.0441707327222276	0.0964632914636447	-0.07353233426275	0.0266196123204703	-0.119664710066279	0.0196183934943048	0.00655455067706499	2
0.0473121563018679	0.0548380571754604	-0.0148105436584273	0.10007415908264	-0.05009509829439	0.00124028852586788	0.0735653084144311	0.0361639616536679	-0.114561305738576	-0.0322083731441562	-0.0105079962647158	0.0163256909080993	-0.00491535175564354	0.0707394048643597	0.0209906708314373	-0.0517471945775129	-0.0189765592326771	0.0909618195343168	-0.123345349423936	0.0050299438099859	2
0.00367016866414015	-0.0435031879002355	-0.0601137106109472	-0.00685034090205589	0.063486687412892	0.10008546594127	-0.0327242884727392	0.0154595580005795	0.00383415460485541	-0.0638246005726301	-0.0760051828281304	-0.0825429137668876	0.00320170141715152	0.0347001189583146	0.00166241222010728	0.0674866520031134	-0.0232350545805198	-0.0429504938390193	-0.0495500210243019	0.0389728579261606	1
-0.0218989751607458	-0.0361114211202347	0.146621785976775	0.0194644125767315	0.0746547207927612	-0.0822718495036648	0.0713113649106042	-0.140437926603155	0.0637679519245681	0.018681209692435	-0.0615005387804307	-0.0224052026609252	-0.039404264825651	0.0446500213611178	-0.0636579310227529	0.052122709191386	-0.0888258682883386	-0.045862496351473	0.0426368417403614	0.0760522734874414	2
-0.09451064954107	-0.0264057233427074	0.0731297621739002	-0.0769243899590759	-0.00068204347571103	0.0309184851037483	-0.0612835713448952	0.080412637924133	0.0206038364180895	0.00876297065587386	0.0622587183391228	0.0538123964252685	0.103596706185037	-0.0161440699281937	0.0140841572693544	-0.016788719991501	0.117473601524951	0.0892272260982934	0.0232063413010559	-0.0190591643673597	1
0.0520978457438559	0.0640962730601162	-6.74970017495534e-05	0.000289955548601898	-0.0816083451537339	0.0498010286100158	0.0233537037980507	-0.074747895181697	0.0233350072865752	0.0252170565645659	-0.0859969264057727	-0.123350391454804	-0.0320290278084279	0.0328353171744412	-0.00321958969862152	-0.21649569105545	-0.0298931789426595	-0.0626104018884656	-0.0790795202375727	-0.0538926970050498	1
0.0759123251140366	-0.0567642953865977	-0.00454726121076848	0.0363387582217232	0.0178760635706473	-0.0286452817730984	-0.00633211417436423	0.00339608087536335	0.105238515799036	0.0273868552309364	0.063407730657724	0.0430678517957313	-0.0263607153451113	-0.0121093051299599	-0.00310268465012851	0.0100903012092692	0.0304883164707612	0.130967470027487	-0.0296792623543719	0.0371233341057854	1
-0.0701023194360142	0.0576105914544232	0.0190243457389216	0.0207274083609748	-0.103839588795902	0.00353253993542325	-0.0907886192032892	0.0268432477923309	-0.0363057733353593	0.184341590749077	0.108329911355274	-0.125871393843024	-0.0866632288730417	-0.00830331257144886	0.0584295696847229	0.010752943960565	-0.0552200000559732	0.02658115037899	0.0451563491466397	0.00174221246960071	1
-0.0793104415839033	-0.0168094231416145	0.0433968839898667	-0.0735629711415361	-0.00532988878533134	0.135079671494605	-0.0941487521632014	0.0013816144181121	-0.00721996184257185	0.0025816316997472	0.140153599657605	0.0314721988441538	0.0489773187927042	0.101598509798711	-0.0401774110026159	-0.0915442951469761	0.0354045712056163	-0.11160781294004	-0.0256171159506055	-0.0984990355399516	2
0.056481643955665	-0.0558359787639497	-0.056159448943707	-0.0574933138321488	-0.0821475415332907	-0.0256678969641055	-0.0139626297411162	-0.0876757865862879	-0.0134318442994267	0.12405496257448	-0.117896859854619	0.0248889176778292	-0.0366951955971411	-0.0456994634046335	0.0360598009884539	0.0293245664397213	-0.0119094595036221	-0.0477949278239301	-0.118164227240843	-0.019467341968092	2
-0.0303481973369719	0.0147950920647452	0.0364280744249446	0.0194581427182617	0.0106074382668324	-0.0821704352105203	0.071880134644543	-0.0497254367960123	0.00649896163854727	0.0934536540028962	0.0851437674211705	-0.16586796547693	-0.0351731338967814	-0.0624677305275176	-0.101141144886808	-0.020661794403666	-0.0119493561334538	-0.127196902122022	-0.0223154940025783	-0.00800172100927073	1
0.0536633473564803	-0.080207009109857	0.0395665166386561	0.0816547838494321	-0.0697080322938128	-0.0383536627148207	-0.0209684189941489	-0.00415600474098231	0.0303307087425995	0.020862615182131	0.117606265695783	0.0222855393267318	0.0362229048385051	-0.0103959114661189	-0.0610063829253207	-0.0691052184209793	-0.073960675640237	-0.000694684875928227	-0.0289648257394985	-0.126538226622996	1
-0.0467359344572272	-0.0317518683698381	-0.0980797008492999	0.066413950015569	-0.00151420106327248	-0.100887698849087	0.143721836830807	-0.0111090225500095	-0.187445572196567	0.0482020371191798	0.0527898241484982	0.0744068389181794	0.0501526800584193	-0.0333317977568715	-0.159281067574043	0.0265833018794391	-0.0929665049788476	0.00158237975165323	-0.0534194816519416	-0.0758334250664631	1
0.0686818730351086	0.0543126822347149	-0.0174576586761163	-0.0302425673052762	0.0856117396792905	-0.0140351895025195	0.0241321537001282	0.100070153383789	0.00226313446633155	-0.10920266885105	0.00860942335405687	-0.0605324988562454	-0.0484742888233245	-0.0765161973774975	-0.116240976755977	0.110864710981842	-0.0360148485298509	0.0209553256223046	0.107283243431625	0.025554184090276	1
-0.0172327973810846	-0.101379166434468	0.0508918834686962	0.00987866754236269	0.0404876256521748	0.0125581996482825	-0.0866794276044321	0.292761304608481	-0.0535247224997741	-0.0616517167568786	-0.0695393079894059	0.00437013875808199	-0.151806210812142	-0.0989975686800537	0.0938114997100144	0.0918976744329536	-0.0476967169683001	0.0765481573555821	-0.0430769567136599	-0.0298506829787267	1
-0.0887728980454424	0.127836721940968	0.0122184939410644	-0.0208867564229815	-0.116517600566067	-0.0538954136570733	0.0319748523348598	0.102828090716051	0.0271409882158393	-0.0222856985467471	0.161881020735504	-0.119257171419178	-0.0710169905837893	-0.09323993664907	0.136221285701381	0.108716552240617	-0.0666750608752182	0.0802167116501846	0.066870009440805	0.00339661696765975	1
-0.028305919496791	-0.0102557382516281	-0.0560777118972874	-0.0323586650146231	0.0178533699180233	0.0791447860055324	0.0367154711974313	0.182105913192824	-0.0899598632589843	-0.0452476876273175	0.0235537336342342	-0.164548725059627	0.00952034836044489	0.181649370610384	0.00629210090905452	0.12572865047246	-0.0143650638281586	0.00379430324001536	0.0236412070294343	-0.163355066839764	1
0.00974747550097543	0.0267093761355054	0.0108095336368718	0.086055670333889	-0.000248476461380262	-0.0209020844348216	0.135890720423627	0.0592310416779717	-0.046281876529426	-0.154829337651081	0.0229674453185696	-0.0973985635393034	-0.0425164211850798	-0.0744943339396154	-0.020329053658011	-0.0127601143128868	0.0360818246823244	-0.0290562674895451	-0.0683909711969944	-0.0967470550350766	1
0.0972282101101045	0.00650372310222931	-0.0154958246966232	0.0473502713291904	-0.0173803591181001	-0.0115666011744836	-0.0687732560818384	0.100607932143125	-0.0209610352334232	-0.0446025876828646	0.0802745085597349	-0.0550997022789291	0.0834487351635553	0.0853982441436914	-0.044262139907236	0.0618484427494037	0.0737839616411468	0.14101062087332	0.0700912749723137	0.0634796242198134	1
0.0788270456991157	-0.0255312804077376	-0.00479043196861313	0.00164220077733594	-0.0769211285419584	-0.0642427024422391	-0.0664609759412073	-0.0181670706718133	-0.00717270687365339	-0.0149249098630406	-0.0294882279229528	-0.0168739514481488	-0.00604008850986515	0.0970669190009777	-0.04959331449446	0.027996245998031	-0.0178930726581348	0.0368333160183425	0.10224454434523	0.0156475191390776	2
0.129376793108424	0.14637138262001	-0.0137568472360422	-0.114954510259231	0.144678060545917	-0.0702279516654863	-0.0652990822842685	-0.0548446713226646	-0.0521557858872141	-0.109365411341285	0.00804142573437704	0.0786877311331212	-0.074773320508508	0.025300215685613	0.0692943227232711	0.0929719089028017	-0.0224661788105693	0.110047375530046	-0.110892102556315	-0.0520339200180724	1
0.0650543169816298	0.0189348787725611	-0.0696006451324633	-0.0186062438596787	0.0582476803513092	0.0104905594992766	0.0131824644497886	-0.0592282957743753	0.0159199849501541	-0.0441786041722481	-0.0051714322133429	-0.07638849672082	0.0209453654980592	-0.0729348444068174	0.0862997778295189	0.0570227264511907	0.00264193506645254	-0.05567076097829	-0.0464973833375279	-0.0328700239113264	1
-0.105857195039338	0.0348039612720486	-0.0816017873042537	0.0763561293571763	0.0705703367020789	-0.0182911836011592	0.0235913580200797	0.10624959676943	-0.11770230247452	0.0236045828613374	0.0431132814746865	0.101483816586571	-0.0898276751820198	-0.00537680513184529	-0.0431692797452951	0.0170291163512765	0.0548377844538817	-0.0110619025152375	0.0258049855781603	0.0119950289951592	1
-0.0113447456189555	-0.00585356959999222	0.0318930704029815	-0.0898687344921622	-0.032912029269114	0.10100389376888	-0.056399226275231	0.0454943682304759	0.050302236888555	-0.0350433350868641	-0.0264576560118053	-0.00358914918333097	0.014592693265516	-0.00560365530559951	-0.112282206466932	-0.00850545279808808	-0.0932809095488108	-0.106690734557434	-0.00251249453236643	-0.133361568350231	2
0.0234290344614933	-0.00688949947727467	-0.00938363413062547	0.121400770656609	0.0566624606359946	0.00510345457772793	0.103426985503808	0.0429191315004493	0.032398854130704	-0.0655523344915947	-0.0288732876676071	0.0201745114886779	-0.133034704605091	0.113762958735821	0.140337926410496	-0.038695327014257	0.058291268230364	-0.0267869592695073	-0.102108551801167	-0.0310354387264211	2
0.0615038656712088	0.0199091703583238	0.0206418282776321	0.121992553070501	0.0358279061132458	-0.0384941323844812	-0.0627758784403756	-0.0525090193592698	-0.0669259388859354	-0.123865771091586	0.00966214166674855	-0.0439167168522373	0.117279336245534	0.059259503416955	-0.10892335985225	0.0671216655151886	-0.00479773863462255	0.0268458178586369	0.0193328877428861	0.00690900555804178	1
0.000353648336976994	0.0517989004700242	-0.0216387142376559	0.154426146397241	0.157449826772148	-0.0965876758730227	-0.092880386608522	0.0210695761388134	0.0389254442344262	0.0287958004002324	-0.024982439879295	-0.0468219144591655	0.0768768577633462	-0.0784968189352969	0.0573293717951179	0.0319701048029121	0.00902297022526955	-0.0903759463961007	0.0793122026111634	-0.0350225769499031	1
0.0185924778368107	-0.0341104486123581	0.00442075792245505	0.0647411257468675	0.0161299139623922	0.00881093198435279	0.0619020534905323	-0.0582607976258677	-0.111497543379233	0.00804295230014065	0.0421274295947106	0.0130691199733829	0.0873726113121574	-0.135235132043037	0.0705741290615998	0.0476128785704302	-0.0617984829181552	-0.071009756501651	-0.0638165539921885	-0.0992878497679189	1
-0.00133735216623377	-0.0422673076870467	0.121260331101724	-0.000626621352815475	0.0238006222717253	0.00326411036536597	0.0711631520806555	-0.0278328182667573	0.0995690552615282	0.0081654539299998	-0.0253280022372819	0.00111778841396694	0.0457355774556235	0.109389246651122	-0.106119714447519	-0.0092302507778042	0.0382280307631678	0.0371833861918995	0.0643097871776593	0.0755602534006302	2
-0.0866946348114129	0.0648021985583467	-0.0554522072582531	-0.00198529097469033	0.0842573389819293	0.10340095012397	0.0010327724336574	0.0753732797690702	0.0393652537838115	-0.0248992823591384	-0.0566962167361473	0.000751654966177519	-0.0183396990679746	-0.0448292401963069	-0.0899770878576763	-0.0731569118648354	-0.0749704296398379	0.158204371857012	0.036203044399467	0.0704897139997725	1
-0.0470582099428671	0.0955542249722134	0.00104615231351252	0.0162831552793642	0.0809005568662122	0.0874941661308601	0.113002839775524	-0.0341774707305559	0.0249559097839722	-0.0446240683353691	-0.00861540461691608	-0.000741331898713202	-0.0864700506219278	-0.0945439447998049	-0.0262878122452993	0.00499632906785317	-0.0399657506341036	0.150077623255401	-0.0322017151767765	0.0479843634180264	1
0.00353990007114926	-0.0181409935015593	-0.0817057424355259	0.0757098211268354	0.0373773709349969	0.00698915698148073	0.0867924920908812	-0.0350806213338432	-0.0170712027024015	-0.0741427310688429	0.0594044817147476	0.0116663478477072	-0.0840331347978701	-0.0268409698457121	-0.0129520953874397	0.0616766032899129	0.00815328454067549	-0.0978965463418482	-0.112098103574359	-0.0752916574641291	1
-0.094325079620837	0.0418506332704613	-0.0495107332976422	-0.0626875171568499	-0.0609536213918617	0.119744734288975	-0.0852227002282421	-0.0219690040248167	0.0322644913473237	0.0667161585234117	0.0775866499160099	-0.108521292982393	0.00513056657669846	-0.0247399431967014	-0.0241799777258995	-0.04001150587342	0.0741712442403629	0.0098661722538387	-0.0440398672755115	-0.0450496248464263	2
-0.0462834072822197	0.0294367439502254	-0.0409170600716074	0.0209797432978348	0.0320944325542843	0.137148791610285	0.119737790848631	-0.0662941496010661	0.0311447678577518	-0.0492169620639842	-0.00291435724288214	-0.0191821033990875	-0.021025763822284	-0.0151664124098065	0.0138712630830351	-0.0139612380334959	0.0815095067204588	0.00378413503012658	-0.0922551617071846	-0.0123652366665884	1
0.0709531586780662	-0.0968014839239384	-0.0470739404603831	0.0404427483769357	-0.049002423074315	0.0011884205428386	-0.0291397353177875	0.0382702220153248	0.0493623146834537	0.106534925452762	0.0349203017890392	-0.000769558151098079	0.0488810912501875	-0.0111729972093398	-0.112029454388283	0.00737505580867537	0.0181288563532223	0.108140516508263	-0.0439904512598967	0.105377938281628	1
0.103501183090977	0.0257057159140879	-0.0913492821640896	-0.0382590653840535	0.0399694522811911	-0.012195797688367	-0.00557581618896485	-0.0117542434996245	0.063948453958676	-0.0306594773769309	0.0420778762034507	-0.0635158978511951	-0.00425786674598255	0.0671168839227919	0.0432098743476871	0.0175492680455206	0.0781015430144197	0.0668329276057442	-0.0182170438588251	0.0435773056816062	1
-0.0399252454158297	0.00172608998856259	0.0304800311357735	0.030106301535673	-0.01698980693291	0.13711044444991	-0.0122221725884505	-0.0383934747271585	-0.0394094110768923	-0.124036653392453	0.00182697345113173	-0.0778592475345319	-0.0216497108815237	-0.0464803315766274	-0.0540187651565113	0.0149646514089623	-0.0366545708884066	0.08181091342662	-0.0046235713119367	-0.0233229340224179	1
0.0932346058258108	-0.00351814497591061	-0.0170830844329131	0.0764461238769003	-0.123100110208256	-0.0568699322081614	-0.0485521541820739	-0.016403490551074	0.107253488008295	-0.0248836032996145	-0.0480716456806059	-0.0113772170767765	0.0386188127835007	0.0520963533764257	-0.0770288529143195	0.0723408050092631	0.0470311342642639	0.0554334800821147	-0.0498677294552985	-0.233817244914781	1
-0.0679385543377467	-0.0263151530145669	0.0712203963742088	-0.0294027108325945	3.64786130541373e-05	-0.128243161075697	0.0364516747083405	0.0186412341956571	-0.115352837999072	-0.0505079884436761	0.00318686014996845	0.0212009580928864	0.087081943480367	-0.0792103620060707	0.0515245453290791	-0.00120752090964003	-0.0156557385178099	-0.0287866409761268	-0.113106518544385	-0.044039505884713	2
-0.0807375139540381	0.0960346272717213	0.0229562077987866	0.0845044477411848	-0.129279536079277	0.0450976158744509	0.0525187388137149	0.0637803834776216	-0.0402153015352876	0.0420011369254735	0.0274882549225319	-0.0551955682536895	-0.116795303827039	0.0513008063348073	0.0595219615130306	0.125239934254268	0.0569697400304582	0.0977727251566741	-0.10270349065348	0.0340445356889817	2
0.0258881961146707	0.0790415587908642	-0.00246264452178077	-0.185756559054252	0.06302439032163	-0.0190394657143925	0.0423264382941402	0.127635317010398	0.0505330298301989	0.152554806256112	0.0111520541800705	-0.0918383103203582	0.116909685868865	0.0711080715731158	-0.134298320357293	0.031085891791829	-0.00115440711036887	-0.0604248246154645	-0.0240456088589956	-0.0279691614186247	1
0.077371149647439	-0.0658404350473781	0.0266986165785505	0.0577484337507571	-0.131805445969247	-0.0826558990908238	-0.0422018046689045	-0.014461470205695	-0.0325152632762304	0.029883306799947	0.0304758572834503	0.0130292231404847	-0.00637839017425437	0.0222514449279306	0.0203769360408135	-0.00770793499098855	0.0492952356181563	-0.0227235563281064	0.0339097023141079	-0.0214314108078257	1
-0.0221554655053152	0.000450850091968937	-0.04924154683226	-0.0362601674621462	0.0562834642396502	0.0741111337809258	0.0383665129988669	0.139798773206938	-0.0116828206534482	0.0845571823496543	-0.0761201831071053	-0.028172884302582	-0.0526798679608018	0.0304160543327284	0.122327297021723	-0.102394485273991	-0.0299424098906859	-0.105221979502726	0.0444342506113309	0.049464167985917	1
0.112815947780242	0.104423611300702	0.0104171281146774	-0.0953381212977266	0.0244017457922077	-0.059337458350295	-0.0825701253266034	0.0800140765553937	-0.0103785055250392	-0.0957119716235572	0.0388820164772082	0.0125590628030286	-0.0012601804731924	0.0229712671730451	0.0557011206483607	0.0581441264914383	-0.00834973897652903	-0.0602024232745309	0.0792739058089356	-0.0197270180392112	1
-0.0480281751011	-0.0250194399829431	0.111185387775607	-0.0383564156853941	0.00910804323384694	-0.0226710334102249	0.0481596482851174	-0.0630334420148492	0.0530696751688291	-0.0244788985714493	0.00487594393102996	-0.0370439877562364	0.0596007145327303	-0.0494157461511075	-0.086035612148536	0.0847404608623964	0.00451836043726558	-0.0361020944480347	0.0315939809444908	-0.0496247096116507	2
-0.0249815279159026	0.0586629641551091	0.0858889047314873	-0.0841604786484941	0.0379062890443172	0.0928028273611487	-0.0431248222724476	0.088530048400704	5.2183046290772e-06	0.0277058706284275	-0.0953101391378066	0.0193877975733836	-0.00219215848037933	-0.104506383154601	-0.113391918863496	-0.0260437962931436	-0.0788858830236411	0.11887996317256	-0.0338782258328975	-0.0301849009479467	1
0.0493321450439664	-0.05382964698799	0.00576973510890128	0.0493023439929951	-0.0197633014159755	-0.0628308801029072	-0.0201515267047314	-0.0826212575307921	-0.0465254885082698	0.0515221565029976	-0.134957331711218	-0.0450219591180898	-0.102902114003484	0.0283209619190656	0.103037524634977	0.232604726286196	0.0329969056481116	0.0291859454167939	0.0725464031629402	0.0113823162974292	1
-0.0419328291577869	-0.0594570907056067	0.0924687114370991	0.0480397784100324	0.0246163700732734	-0.155256427809278	0.0553265152421747	0.0120737097071834	-0.0417366702900411	-0.030779930778305	-0.0381888931567659	-0.102887503100983	0.0229013873203524	-0.0226267425154779	-0.0118886776275353	-0.107921479244683	0.131946586091808	0.0798940378828691	0.0260746921787593	0.0332014260777166	2
-0.00177918726358087	-0.0366576044913166	0.0799042991092446	-0.0571313461489051	0.0506171883308423	-0.0153139168454834	-0.0606729627948339	0.147162958760311	-0.0776856109834402	-0.0369848044805311	-0.0814111349805469	-0.0246076429811717	0.0594340047123427	0.036112466503238	-0.079101782303336	0.0252157385966423	-0.110090794110876	0.0846674224962638	-0.0541964044806173	-0.0666461888897708	2
0.0963250651465174	0.0447550177472065	-0.063541223688135	-0.10513234318767	0.00689751318778117	-0.0387732497574452	-0.0515670865422998	-0.0328493456920783	-0.0773954870688491	0.0144607440742345	-0.0171345364985537	0.00394455641537197	-0.0482698744932371	0.0453025138143167	-0.0408070399528937	-0.0164967038020019	0.0165242586255967	0.122275788667678	0.0652409454294184	0.1139419925478	1
-0.0305547267408487	0.194208092009452	0.0197300715704255	-0.0521083024364329	-0.0117099861061022	-0.00419004954475597	-0.11141800509564	-0.0691699633439165	-0.0622458803252242	0.0224259623000926	-0.0672034137956152	-0.00226967920025801	-0.108143851341159	-0.121094823729587	0.00996032156197047	-0.051227177906529	-0.120178330483253	0.0219727465840231	-0.039252847785701	0.00799916984590857	1
0.0499524233365599	0.0881036435015956	-0.0590657422465721	-0.0748135100566924	0.00575713453482228	0.0744273183568801	0.0543111888937292	0.131864296975448	0.0606667331376104	-0.0536971775597684	-0.0692607366489599	-0.0314660337508496	0.0504868593284408	0.00716710024659729	0.169101246602636	0.0108762407671785	0.0718684575038929	-0.060246237859902	-0.0623295522776838	-0.0792304981210817	1
-0.230336943695586	-0.125780237049326	-0.239621283679125	-0.0798310275719567	0.0384464705130755	-0.265874014596848	-0.134498508945175	0.0984936410571294	0.250249634892819	-0.095065220963939	-0.0139452233627223	-0.126921161986735	-0.0210219426558638	0.00358389079734631	0.0462718176006602	-0.185652976318566	0.10830180369054	-0.0338411026007313	0.0223284884420814	-0.0803434146553867	1
-0.0844704526846869	0.0975813773135841	0.0163232234980217	0.025036810149512	-0.13045106255036	0.134348084675796	0.0566367869077451	-0.0410553899376253	0.0460342190537247	-0.116535866336601	-0.0499802842406524	0.0555082480385873	-0.0205484609875051	-0.0448512284342933	-0.0336523750613515	0.0873611424680048	0.118845434652515	0.104565715726292	-0.017377954804552	0.00264629437047749	2
-0.0253261233360074	-0.150066023285144	0.0726218158959018	-0.02106692874461	0.0255773710336153	-0.102057313955094	-0.0698090364831207	0.0516308383211257	-0.0918616895158316	-0.090098579181717	-0.0987105212674264	0.0382157396207669	-0.131640563883186	0.0940057529813496	-0.0301172581462002	-0.104403667054068	0.120956645406385	0.103810042621072	-0.0652407296492164	0.040718424219106	1
-0.0113027059798135	-0.0863491835450304	0.0659704483072685	-0.0367059594577346	0.0281862118406438	0.0734181052980805	0.048338680396356	-0.00667653362377416	0.0957332804180597	-0.00354172494841465	-0.0514366227465959	0.0196234276201464	-0.0661804020544956	0.0989977456671835	0.0158406416188335	-0.0301960003580235	-0.0793595360384957	-0.0870062773466019	-0.0201876456509302	0.0888361371113853	1
-0.0261628772734201	0.231511802225925	-0.0307690632688108	0.0429082303148111	0.102839076644152	0.0576275460835365	-0.121119834436354	-0.0176757619486809	0.0235390857904041	0.0451915152611866	-0.146328530863367	0.0461232331504464	0.0917577208906466	-0.0413138915227843	-0.0757404720623067	-0.235499075927457	-0.0587089025087208	0.118287798371665	-0.0599966040733838	0.0409380847973585	1
-0.00753190726927712	-0.0520502934505014	0.080476725780184	-0.0191612602243086	-0.0572500992024182	-0.00643904541223502	-0.0248904997277811	0.126032339217586	-0.0720653892059098	-0.0711961714315196	-0.0245249639571086	0.0157882352779186	-0.014037223847942	-0.0456454744424491	-0.0564148693176307	-0.0613564257910641	0.0944353704915843	0.0165135732860662	0.00233031379901969	-0.0772978332949048	2
0.0162841331648049	-0.0594805668633355	0.0811526789902034	-0.0231983894208371	0.013002911907148	0.0371162618437924	-0.0788250024585849	0.151577112843541	-0.0475944084150406	0.0875945276592827	0.0288215734675068	-0.032323089179093	-0.0559061213347726	0.086339981065578	0.0520310530979428	0.0735286646297437	-0.0492945240117579	-0.0288667982534037	0.0623098346363875	0.042933332978842	2
0.0381200721023095	-0.000229055716753112	-0.072766124643349	-0.0916555883142868	-0.00926786641705248	0.0702088384373276	-0.0203735245607646	-0.0153605066343116	0.0023488500604077	-0.0278143223840861	-0.0152277628627326	-0.0553269776248606	-0.0523572432745687	0.012951424895922	0.0713330311362159	-0.0254387218144324	-0.0119195798948736	-0.135625258212862	0.0360141179444979	0.0426743201946476	2
-0.0710153413338152	-0.0924372527976747	-0.0693212690924745	-0.0669075653061864	0.0173889815221508	0.0365122967147623	-0.035907850768338	-0.049159756647957	-0.0928295157449439	-0.0161248881867654	-0.0712627065607759	0.174398811429838	0.111317443848488	-0.0145547592300674	0.150676838942439	0.0170914639575975	-0.127701518600458	0.0545354406904125	0.0316043651495379	-0.025549944363394	2
-0.156323778995271	0.00158354679287611	-0.0495883684032992	-0.0886797440206673	-0.0158012278240034	-0.0702688029545187	0.0318301115563389	-0.172115852421705	0.0153921261463365	0.0898952279914857	-0.0338211540437623	-0.146836221661089	0.100360411349451	0.0734941195922674	0.099969243353271	0.177445174103244	0.00294072218768894	0.10007008142798	0.0710330149532103	-0.0734267757245949	1
0.079982796080663	-0.0286411166657266	0.0402797106432453	0.0744931818449757	-0.139106520188321	-0.0988338554915522	0.00635515401341851	-0.0431951730916248	0.0669365628957844	-0.000916925402458245	0.0380625290952297	0.0311028738818076	0.0333479300001081	0.0651798198873131	0.115880869706833	-0.00654095382797906	-0.00572874683853081	0.0281630934373586	-0.056786185555988	-0.277286942019149	1
-0.10823605033043	-0.0385098470814794	-0.0555883687196196	-0.044777226731328	-0.049229270491731	0.00885317276832187	0.00690458016009103	-0.0600761612164097	-0.100610050088522	0.0355065104552955	-0.0482535000946452	0.0432449726547138	0.102804630699158	-0.0828462780697142	-0.03945860314173	0.0544072991768371	-0.163156360698477	0.0255454381164447	0.0506371789493848	-0.00223848580533314	1
0.0239455308923874	-0.0659711289185908	-0.0217867887589185	0.131004490567204	0.0301580460550458	-0.0797743442158667	-0.0852410880021003	0.0795974063371621	0.175232034304787	0.0423637612243236	-0.0457822324507202	0.131565614027227	0.0807166476329727	-0.14901206092849	-0.0231452838278258	0.0568063047537883	0.0488349145851043	-0.0239307321281224	0.135738908289037	-0.0302746537720014	1
-0.00551558104635823	-0.045422679396594	0.0667695185233581	0.00697826783054303	0.0623895377396501	0.103022681737055	0.0451952906407889	0.0356391451052416	-0.0102864572925428	-0.0704112139247807	0.0297280284625742	0.0996865293890331	-0.0593039344607762	0.108761995158343	0.086421188827245	-0.0152821466679285	-0.11558617934505	0.0205395850420882	-0.00887964177938823	0.0145192303810156	1
-0.0164277628946986	-0.152595053662501	0.0966573964363421	0.0465683801115319	-0.0428286413818667	0.0313373790231011	-0.032613447872406	0.0128248299744751	0.0290567342811145	-0.0965937696286765	-0.0652201476932927	0.0990897111591971	-0.103511632761535	-0.00896465119871147	0.0483006868230753	0.00672493258989924	-0.0849571545368323	0.0117656488008312	0.0576135395075914	-0.00140614201793573	2
-0.0588365678526852	0.0111002728271321	-0.00878110446765888	0.111489184189475	-0.134514717301436	0.0200079370727128	0.104840579611456	0.123932996483728	-0.0874090762290029	0.112238978041675	0.0480011413225112	0.0465283179711628	-0.060974001737031	-0.0151595718379277	-0.0194261072924159	0.0406395781344385	-0.0568206266863234	0.0243390330685248	0.139597169780307	0.0564107153500002	1
-0.0605849712910693	-0.000869623999125093	0.099183884033689	0.01096167572419	0.110190903019477	-0.00351256578032318	0.0396878565167526	-0.0841614287745761	0.00211791027987824	0.0617811099567035	-0.0941134680918397	-0.0561451972498363	0.0106236727165306	-0.0202783724495862	0.0116970897445443	-0.0499095417129027	-0.0758494657030022	-0.0470742242075279	0.0100084601301103	0.0348173882273711	1
0.0904384135522881	-0.0440584162709146	-0.0246792749544478	0.00253405313893188	-0.113782763840671	0.00329536345105155	0.00176284060662256	0.0820129494611909	0.0930320930898725	0.0973577817301848	-0.0585130043621618	-0.0402982929740749	0.0131761379545403	0.0529778753237738	0.0147196581561441	0.00379091396103157	-0.0172407150079932	0.0212834513317959	0.0152913254100229	-0.0794398657263599	1
0.0885332139681187	-0.0454009252761486	-0.0753668878992412	-0.0687471082069482	-0.0322627811708284	-0.0075397768214292	0.0409383710332641	-0.0176120621559793	0.102674832785244	0.114744620910062	-0.0268041838481724	0.0397014439475158	-0.022061733305573	-0.0650673401292213	-0.0143921386272099	0.0029038171653353	-0.0178993607629491	-0.00538321177594372	-0.00951086092353519	0.0244124576223978	2
0.0248285067037008	-0.00496925748348464	0.0160637880799545	0.0757613335002835	-0.0579327287053593	-0.0125004219458643	0.155287354670405	0.0335879457094986	-0.0649314945259946	0.0134898393714383	0.0910419310078076	0.0434850875947091	-0.113736865182809	0.0271366825682897	0.00306175607670924	-0.01798266189906	-0.0588947076211168	0.0457058280442984	0.0817969322150909	-0.00385087904173861	2
0.0100524788176367	0.00552546960313096	-0.017063174567863	0.00826499239601428	-0.0407496576011574	0.101664801366758	-0.0121748242221164	0.0471135387891946	0.0191745968316861	-0.0829222542037878	0.0831965440757926	-0.0482915611581453	0.0216816237333483	-0.100627753907188	0.0468413327848221	-0.0320260674689504	-0.0632673969936552	-0.120495413169319	0.0572365485659104	-0.0466342803220086	2
0.00580162209822338	0.059912493963409	-0.0393389754336087	0.136019255661936	0.117673192710543	-0.00913301509409307	0.00675581815246373	0.00280743468680715	0.0435529062385674	0.131605753252257	-0.0566822031875974	0.0271399081472274	0.0150745457095623	-0.0123674262604457	0.0761776301537808	-0.0687485008459291	0.0795589297225853	-0.104329462626481	0.11571918752771	0.0359955985751339	1
-0.144463793313655	-0.0100530213839763	-0.0120559614090828	-0.0708765678158882	-0.0726080161137757	-0.0332309914234184	-0.00755637301745739	-0.0218235024287931	0.11788122635226	-0.014277943497137	-0.0131705922755584	-0.112789938791697	0.0103962103226046	-0.0417416429344996	0.0188568228494861	0.108832174734	-0.0496100363875856	0.00993856215757294	0.0332623117749632	-0.0140574018437251	2
-0.0585726631574314	-0.0278479989300179	-0.00337636014242471	-0.0636124767936179	-0.129341489630552	0.127233964000058	-0.0962369006850016	0.00269230832118607	-0.0387202799975353	0.029414507582023	0.0587445370017324	0.0321670115428208	0.0501199610387353	-0.0440443228220505	0.0522105135021114	-0.036514354621519	0.128737111448479	-0.0508196052991063	0.038902800751495	0.0435309265386165	1
-0.0531116391290138	-0.019299266654654	0.0903924236850848	-0.0720186639597937	-0.00184583752665492	-0.0401525112877594	0.0855972081893001	-0.0957292526004803	-0.00351137798989731	0.0128063614930349	-0.00425180851582715	0.00777886137627074	0.113191926898704	-0.0242059949196019	0.0382316223264731	0.0890558179057686	0.00827054969585942	-0.0317139640035605	0.0030021687719757	0.04016012018864	1
0.0937460114432865	-0.00706626400460837	-0.0114135368176017	0.0176752800788047	-0.0311547739172887	0.00457655190082646	0.0304853135434748	0.0164481055651651	0.00255238637570156	0.0410570575949839	0.0218011631561418	-0.0248792309106297	0.0463397897442149	-0.0525662577368523	0.0748450148548688	-0.00416534412412928	0.00955145745534239	0.0110082408583572	-0.0709942772816177	0.026222807957334	1
0.0667586227546931	-0.0634249781435665	-0.0762337928898234	0.029978936980731	-0.0152314626596479	-0.0112592239399081	-0.067785930950362	-0.037706471811193	0.0322299966364278	-0.0423037072746869	0.0065469991956049	-0.0863286232070376	-0.0644429278810346	0.0479879553133608	-0.0639110822350714	0.0105557519870106	0.0407703840352977	-0.0171760964603889	0.122516252099014	-0.0135870053625415	1
-0.0503272229483711	-0.00671748831879314	0.111787949855611	-0.0278412553144717	0.0244668012202419	0.0753951126134431	-0.155688089050734	0.0338790967543517	-0.0366195755338292	0.0359046834960985	0.038838452578148	-0.0034046938550912	0.0181736043769707	0.0648675523701591	-0.0277722439541826	0.0276587712396045	0.0972434814595645	0.0206794503870596	-0.0147055153700706	0.0423449740825812	1
-0.00460921464217842	-0.000945071135318431	0.111188711571304	-0.048632876919362	0.114249301817988	0.0213324986207173	-0.0616008039457191	-0.171131260205579	-0.0344995545994253	-0.059277324071534	0.108248696700851	0.031735888407438	-0.187205314091515	0.0610230355703744	-0.0530361750385639	-0.0569621487145483	-0.0210323353772221	0.10737929971969	0.04352765065618	-0.0685321939726961	2
-0.123451215392504	0.0898064206749414	-0.00151907705946431	0.139841381523235	0.0787782245993569	-0.00718218621659407	-0.1252217404207	-0.00905571422796913	0.0628613584950376	-0.0284162000392711	0.111923673632287	0.104560563321498	0.101245916132643	0.15603592464701	0.0531864445857538	0.0261513927495171	0.0907480593522089	-0.114000515305735	-0.115164997682686	0.051220643565371	1
-0.0196353309279485	-0.0683652244085756	0.0451615702282759	-0.0203517181976766	0.0194935200157549	0.127378953103168	-0.033932357886168	0.0427347058196802	0.020162645992538	-0.0427570986417685	-0.00204580170903625	0.0218973136817957	-0.00758835419132905	0.0632043857389348	-0.03728729259319	-0.0141197067815293	0.0443502524526743	-0.0747319849184797	0.0198413419545799	-0.00350139899811927	1
-0.100220535133987	-0.131307959578021	-0.2313153067371	-0.050293518922861	0.0320595307748306	0.0993291925539578	0.107099108767162	-0.101839324296753	0.00023134713080661	0.0648050111180686	-0.0155923849463502	0.0436512478776488	0.0292192804980693	-0.0780208734308136	0.080747718323585	-0.0161535404093102	0.107928279545966	0.0677581504129707	0.0925641103469153	-0.0201785553012024	1
-0.0658710082942676	0.0327698947272996	0.0344545023895344	0.0119819514895453	0.0174020874584661	0.105096713125939	-0.0574591099351715	-0.0732446812053705	-0.0832853804485319	0.00602884907455194	-0.00435523497604519	0.206608681684136	0.160035914456976	-0.0336729691946489	0.028991169325119	-0.0132497012969712	0.176611907293072	-0.0209519496868843	0.0529947992757515	-0.074659919271338	1
-0.0383448059752462	-0.000903711090055926	0.0775248599271606	-0.0679216153386069	0.0848016033751327	-0.00181715840506068	0.115633915011184	-0.0276006580238383	0.00360848556178434	0.0591771535161835	0.00646062961569607	0.0479295937129543	0.0726520922074302	-0.0115336235659958	0.0933489699210539	0.0627543784981005	-0.0248222148847914	-0.00515784324241692	-0.00693409580318093	-0.0520694431685502	1
0.109424879265339	0.12717596199308	-0.0428349282325284	-0.176652680780188	0.0170538546796815	-0.120485875515191	-0.0162846224187492	0.0230811857257564	-0.0687773784583259	0.0381452904285819	0.0329818050664507	0.138484534113161	0.0586166157597005	0.0149105722451602	0.0654625298408105	-0.0704312820178549	0.0306207223467257	-0.0160682727837514	0.0499299977381944	0.0881846717184104	1
-0.0236912240672229	0.0459049833752795	0.0883086942886254	-0.0543470947507617	-0.0847816514513537	0.079265416907139	0.0649408483988367	0.00560559857121193	0.0353500721482422	-0.0262556008174363	-0.0369919261412841	0.0338209358516931	0.093892830240249	0.000712036734918242	-0.00029169643388127	0.0163528639473754	0.0376513533210562	-0.0267637786881319	0.0162584137054105	0.0340459880751401	1
0.0838502471963598	0.0139195375702143	-0.0215010270830646	-0.0130554542949431	0.0210303311023824	-0.0444598743705279	-0.000307970596644052	0.040354504316183	0.0117258182669827	0.0223458367286822	0.0793103570196809	0.0111797771486575	0.0338336340715183	-0.0450013375520401	0.0706059947756398	-0.0265189143103695	0.0109106017880498	0.0679972934167161	0.103099241680769	0.0488307181536744	1
-0.0584146258638039	-0.0636490382437864	0.0976175517708595	-0.0565669540637653	0.00519331543236635	-0.105550705230859	0.051476221459635	-0.0192524696510709	-0.00584462360442489	-0.0483111397005017	-0.0532781121551841	0.0154172012625456	0.0265974374308938	-0.0843908917114743	0.0396349915829681	0.0102887980272873	0.134131979793646	0.0273599899447415	-0.0739031681095576	-0.0908147883077724	1
-0.0499116414144594	-0.106450116876229	-0.0700532635209893	-0.0870005391281023	0.154257160357253	0.0696051542393329	-0.0356075087007	0.00652646739668034	0.0511514206325747	0.0363732491159523	0.0588731766175922	-0.00378543419895454	0.0214253188274721	-0.00136651147078248	0.0453824402904747	-0.065061230453312	-0.027086173638977	-0.0543990543637801	-0.00833881241932944	-0.024744590862998	2
0.102863690034113	0.0147396705083468	-0.00651901253832623	-0.00149127988776001	-0.122744653689171	-0.0570992040786679	-0.0469500469797923	-0.00908571509012249	0.0528526046212568	0.00729143092522281	-0.0163898158105025	0.0211864655099527	0.0694065530565501	0.121230040489973	-0.043153894342243	-0.0687512427760625	0.0269619604505006	0.0168088462734284	-0.0310770178402458	-0.175185648010038	1
-0.00589748534511446	0.0251276963601948	0.00644790979513806	-0.0856661553390672	-0.0593820237514877	0.0305634228320591	0.0794935472437541	-0.0108160041630879	-0.0419866469469575	-0.0993110015140591	0.0606301694190954	-0.0105028998509055	-0.146491067824504	-0.0194094790392736	-0.0589084376251671	-0.0819917578237777	0.0521466072921828	-0.0210372265753383	0.0344975843303839	-0.0298558931143366	1
-0.00383170680691866	0.0017691293765035	0.117308715519685	-0.0865373007898273	0.0659270249022941	0.0187968793615933	0.0563436317194807	-0.0647470137170002	0.0528607518926006	0.0623678218715516	0.0200351050194034	-0.0132935794649111	0.0150004025052363	0.0310221749871559	-0.00707166314133477	-0.0318927678623486	-0.106152901362016	-0.0933516908879578	0.0023977378807689	-0.0350443612419354	1
0.0289988375475021	0.0650142022409939	0.00458552860360151	0.0587102503280907	0.0460896186889828	-0.0339660536912876	0.0202331497259493	-0.0254877894958159	-0.0454765729281797	0.103996191084587	-0.0910193636390317	-0.0220944663873854	-0.0166882020634004	-0.0234895366567318	0.0939764851175911	-0.0918483954342498	-0.00697165666655012	0.0602576908816012	0.11488162188698	-0.0240392909062827	2
-0.0137374431646769	0.0303911805879491	-0.023836236483248	0.102812541710897	-0.101465137604664	0.0186512988039215	0.0814377823268551	0.102137066045936	-0.20544701374875	0.143460919218131	-0.0393890369840364	0.103559663473947	0.0626591139847341	0.199861289279356	-0.0447364157225386	-0.126401452006176	0.0380823576647953	0.0602574068788136	-0.0175286801496404	0.0287735454809754	2
-0.101272128974123	0.11667597487935	-0.0217611049603769	0.0778318775142756	-0.194490186635243	0.0194187563156908	-0.0327693621137036	-0.0370628342466537	0.0332460734348044	-0.0152342368558205	0.0474761032707262	-0.0208966289451121	0.00298708804089587	0.052118160837996	-0.0268255907771043	-0.00856052251688694	0.0108233862199867	0.0299812125640148	-0.0261392584083123	0.109242916272133	1
0.0398218354060903	0.0116941174792356	-0.071273498270756	-0.0784315927433687	-0.0459923345879158	0.0577243061355491	0.0454793137850722	0.030890507904532	-0.0247907629980512	-0.00527859498916814	0.0456150851147602	-0.0777404725884355	0.0401912838876243	0.0454271922250919	0.00746952234076516	-0.061909252380707	0.00886394511031203	-0.0728157835342203	0.0353471754454004	-0.0154895746029791	1
-0.0886589659830843	0.0968798545665497	0.0363425707044845	0.147016308357244	-0.0556605580616955	-0.0456964582852126	-0.0959528514665379	-0.0374007939860962	-0.00994609739946843	0.118355716136606	0.0157067208571052	0.15688948306764	-0.106896780101179	-0.0902633763566063	-0.106544816432308	-0.00061030618652012	-0.0779671268619227	-0.0310891801826381	0.0167136026372732	-0.0949248685994496	1
0.0933193557684418	0.00355285671229609	-0.0211215812523922	-0.0344023210653818	-0.0724335905884279	-0.0349369842265628	-0.0323337509627289	0.0408199312885937	0.0270317608440556	0.0244474504343061	0.0594640375947785	0.0222851515851678	0.0605025527090081	0.0324239523968479	0.0829153793758852	-0.0595672458221748	-0.0246317040469116	0.088502027242775	0.0701043464046368	-0.0820938584731412	1
-0.065985233709514	-0.0553637824983081	0.122705013570794	-0.0251717510773216	-0.0141825601147294	-0.147460219313383	0.0134648367119288	0.020267188979712	-0.0945412340580833	-0.0588369810982341	-0.0221824876037446	-0.0425539201191133	-0.0882794399300634	-0.143606319097534	-0.0267779301722221	-0.0591486209220786	0.10014232094882	-0.0204544735007897	-0.0119497292195188	-0.0442884817980112	2
0.0361028015644008	-0.0470603392420794	0.0190621666224154	0.0657304706307149	-0.0525366987457953	0.0840229893151723	-0.0105784539622933	-0.0501532195245023	-0.0106617095372966	-0.0648426928812445	-0.0453574366905645	-0.077857540361123	0.0155951311552429	0.081763723530903	-0.0641693861925647	0.00329057675123885	0.0286197767875507	-0.0618412525968394	0.00167607453515708	0.0349920827179283	2
-0.126391707879661	-0.11865719387535	0.0296048780840011	-0.0250915489642792	0.153289039789014	-0.214692009846812	-0.032814388444182	0.100979118494094	-0.120515554567371	-0.114211319787751	-0.0531301146044064	-0.0764068690152328	-0.0824226333674916	-0.121402940849231	-0.0127226650002383	-0.0423915412492569	0.216682709600571	-0.00177754582574605	-0.0247412603279527	-0.0276754339265578	1
-0.0308251138515002	0.066131999026881	0.108947825297757	-0.00941972717814417	0.0038697682899744	-0.0282305934313272	0.0591653445338231	-0.0478740228553081	0.0379303611367794	0.079085816901614	0.0333375637846436	-0.074048406679279	0.0547511183581539	0.0325647933398896	-0.061594906957918	-6.7603360631701e-06	-0.0143810715408	-0.0403595571828986	0.0639459758015437	-0.0476498237286895	1
0.0740827144852528	-0.0220890160307489	-0.0369931350544824	0.0512675490724681	-0.0121428369765778	0.0533273123691317	0.00856845920533814	0.0312288438834956	0.0359039286715262	-0.0284873578318624	0.0763792950157919	-0.0705633357264109	-0.01203265512727	-0.0351982337632579	0.0681944964977259	-0.0250976707720379	0.0496583897642158	-0.0266370000202468	-0.0456360548713975	0.0033094111832352	1
-0.00214320554791841	0.0417807062212454	0.005632034175993	0.0414905412455283	-0.102525983006918	0.0908496062627793	-0.0597873784948473	0.0516078301075094	0.0153930120311903	-0.010068036541866	-0.0913615606480577	-0.0916183435608355	-0.0490838317646711	-0.1226779901695	0.0110647704179072	-0.0368875867203548	-0.0277402973582157	0.0628550286926391	0.10643149122935	-0.122258365347182	2
-0.0376761135819691	0.0246697002527091	0.1215957382733	-0.016383155921199	0.0858929086224709	-0.0121580133918857	0.0461086062597171	-0.142668519379767	0.0465564428919122	0.00138051399040233	-0.00722402604265303	0.0546341777222247	-0.0533910527028707	-0.0150442402685181	-0.0333245758314276	0.000832580071365913	0.0282399630650946	-0.0812856113239437	0.119999065623054	-0.0194536312371774	1
-0.0685918157121972	-0.0232755330116536	-0.22174388096086	-0.0178671796118465	0.0972402056096916	0.0361580774572293	0.197545471349385	0.00541332000818079	-0.0157987882005885	0.130625878512865	0.0359989578557536	0.088353608975366	-0.0705161805999986	0.136732247096989	-0.00110327101400278	0.037314300670513	0.0850267785097136	0.0134913527439247	-0.100522110011792	-0.00531682074329958	1
-0.00174333731868802	-0.0829361068528653	0.0220765638364952	-0.0667984772039331	0.0632050827223297	0.0377825552590408	0.00546866532839162	-0.0629081951719457	-0.00823073345397772	-0.027928391564699	0.00956128321632052	0.16269442690788	-0.0398385376999632	0.0313992406448109	0.0526989461036017	-0.00686783273761638	-0.0796110683908948	-0.00150860173724413	0.0644426440580202	-0.0388878242233922	1
-0.00877785032294955	-0.0573896524411864	0.108749726192685	-0.0133866373390216	0.0377003973038938	0.0140039139458264	-0.0641399851811564	0.0365976625148608	-0.0793749643279754	0.0143668790145842	-0.0271266602240762	0.0226627661086359	-0.0634041590224385	0.00521532513913498	0.021121359500199	-0.0403078178457145	0.0175516165847583	-0.056361730191769	-0.00697375332826086	-0.0157367297590889	1
-0.0262901820197139	0.00330984846489401	0.13046491806489	0.00954064737338066	0.0814929236722151	-0.0640528766282842	0.0774862957821377	-0.0153560926222762	0.0285300863164622	0.0145011456430627	0.0730142189001046	-0.0799802367650991	0.0307816798366894	0.00267831454674672	-0.00174897905201656	0.00321806946636839	-0.0527587562616816	-0.0147838101094422	0.00184513398109931	0.0433284043645303	2
0.0144598609783749	-0.0676807905150976	0.104177140791275	-0.0309151271413958	0.0850205585359981	0.0246879914613598	-0.0648429435421148	0.0625795474710086	-0.00770969611128699	-0.0497765229233749	0.0508369675945059	0.0598345710057316	-0.110499488152077	0.0715202580375029	0.0491770714184666	0.0668625542653024	-0.120849970878298	-0.0388891524234564	-0.0166183009075155	-0.0232553671585417	2
-0.0459884965741309	0.00778132051225427	0.15528880613234	-0.000954994946079228	0.0524011865728533	0.0806152988060606	-0.126409572990835	-0.0653972803733135	-0.0165930948750084	0.039833587347146	0.0279020401558008	0.0249851335305654	-0.0625420196273759	0.0604806671149344	0.0216357052040979	-0.005086195728882	0.0188217159595537	-0.0286014575834807	-0.0813614197852889	0.0511137815026746	1
-0.131225487176973	-0.00821560517339541	-0.161235800564785	0.0479331401055565	0.0270647896617491	-0.0138136854819023	0.00828415768126559	0.0508622706144092	-0.0335266364995348	-0.0128625334549648	0.101736257969298	0.142933448228712	-0.0633361842729996	0.0418482614118542	-0.0587062776740996	-0.0102867763288399	-0.0876160083177603	0.0732667808096122	0.107541807535224	-0.21909639537395	2
-0.0372808274639696	-0.0123038724543509	0.0494687638926387	-0.0646891853094104	0.0650582130760619	-0.0280213377113643	0.0906892138236187	-0.031756080711579	-0.0324585314472515	0.0524686703227858	0.00883377903592045	-0.0342112501074584	0.130277763205905	0.0493590530140408	0.0801841489536387	-0.0547362094286739	-0.0601446264637918	0.0572642583531137	0.0522060537337391	-0.0221234513379599	1
0.0424575591761004	-0.0953711038651277	-0.0899023438095257	0.0149744323226681	-0.0178742649795047	0.0228082924684355	-0.0304926849696326	-0.0430084444974752	-0.0358067072117928	0.00780580719145517	0.0919280058654087	-0.0932971386660295	0.0589787839394274	0.0592799621250541	0.0422151019015246	-0.0937771802935167	-0.0460214250945111	-0.0025028387898253	-0.0504139064415095	0.141920608639119	2
0.0193899029556497	0.0720760283790059	-0.0826120790416033	0.131158022380772	0.0835543693908905	-0.0305233007135146	0.0350906170105522	-0.0346868225365665	0.0378596838682314	0.00626660018263414	-0.100602211569463	0.00269142081388434	0.0535914633039063	-0.0129563917437468	0.0633223592609003	-0.0614663743347634	0.0805479374638878	-0.0136475007917241	0.0824067873248636	-0.0190431243312658	2
0.0898338804220702	-0.047587052288301	0.0458302396923407	0.0153300443365281	-0.0135170337015427	-0.0175392467674051	-0.00681134090078436	0.0379840437902102	0.101774958199329	0.046231543736462	0.0574362193480072	0.102494714147837	-0.06838374495336	-0.0784869801222722	0.0161811823746392	-0.0131947428093966	-0.0274089912730241	-0.00423283837545357	0.0204691469762643	0.00725840124997161	1
-0.0830739093269383	-0.00559328011019654	-0.163004566105132	0.00397842439979903	0.0328178763843288	0.0307402630509697	0.160348984018375	-0.0597925732814763	-0.089368075885217	0.0151604884722429	0.134094847602142	0.130826786215685	-0.0793868110347667	0.00108417335632114	-0.100491390069851	-0.00126217105018297	0.0183497459921925	0.0208754664325141	-0.0470015453328689	-0.00851025539526782	2
-0.00855292712018246	-0.0191364127394576	0.127413965283221	-0.0399004437789553	0.0162749550075971	-0.0377264217832574	0.053563853470712	-0.0153961112792957	0.0152540853551883	0.0275673183124608	0.0353267075005657	-0.0259574973731035	0.064074832746078	-0.00446805806464317	-0.0444934918462279	-0.0811776952185068	0.0608152387522208	0.0405949484006866	0.013401165463588	-0.0956815199127962	2
