"SV1"	"SV2"	"SV3"	"SV4"	"SV5"	"SV6"	"SV7"	"SV8"	"SV9"	"SV10"	"SV11"	"SV12"	"SV13"	"SV14"	"SV15"	"SV16"	"SV17"	"SV18"	"SV19"	"SV20"	"AGE_GROUP"
0.048902445757503	-0.0359962219199807	0.0120189193303578	-0.0196754420452614	0.113523680295048	-0.0350615769578847	0.0359900382751918	-0.103112120834125	0.0197917600172193	-0.0964273170607942	0.0592876592468138	-0.110770197105815	0.173793741612709	-0.0349172388316174	0.230588228121786	-0.00424507729527551	0.0488799433557836	-0.0230106252003076	0.019924032277268	-0.0420862277194203	5
-0.0429530343826904	-0.0498384835974191	0.0989096826400137	0.00106165332565762	0.0206228790556967	0.0688583456887376	-0.00400159360596	0.00383197820115208	0.0513138389466952	0.130279487927984	-0.0240110810036422	-0.00280061935961746	0.044579172002753	-0.0860463545314429	-0.0632002413404381	0.13629629067142	-0.0741602787339019	0.00181809773940586	-0.075021528126745	0.0251579638301434	1
-0.0365622809477603	0.0175453740665936	0.00382721167580686	-0.0221611545460062	-0.0913595747136368	0.082446525278993	0.0767748819780691	-0.0239714905497991	-0.0437481243566845	0.0365603502966677	-0.0138501245746205	0.0825173210822842	0.177979185498904	0.0723780205311948	-0.000485816108562243	0.0522312976702624	0.133568619562922	0.125329888949538	-0.106050238231315	-0.170609255048345	5
-0.069246713288422	0.0210817205266461	0.13218844345558	0.0182773353494611	0.0650550358341576	-0.0758493219171479	0.00533843558475789	-0.00854582384149465	0.0824561758376835	-0.120543649984861	-0.109507475764286	-0.0501791350584551	0.144271309285168	-0.0886140993649111	-0.00256532840728763	-0.0556715181655915	0.135301286916058	0.156631969909239	-0.0722440351370029	-0.0328078635677145	5
0.0382868658740081	-0.168983139278123	0.0216673899506599	-0.00431306061192832	-0.0579287480956426	-0.0614942062448841	0.0181644783896122	0.0589352130080046	0.0238049985726085	0.0637565935938738	0.0778503665623737	0.0303271019649532	0.0314863074475489	-0.0822648043309471	0.167161134952381	-0.115014015229054	-0.021095099103962	0.0309471617560819	0.0154685552019761	0.057243794868387	4
-0.0437026677560146	0.00874716881155944	0.0808061829091092	0.0181986204033038	0.049916781128231	0.0380619246897454	0.0432828297259458	-0.136255574064936	0.0149705482247337	-0.100438528064433	0.0442002361595535	0.069241587346741	-0.0149763657586243	-0.0428136253113728	-0.0609594906262289	0.0420917292547198	-0.0494782651935124	-0.0372708815297502	-0.0489618912894368	-0.0278965018483966	2
-0.00730088784716278	-0.0812298898944358	-0.00365224096610828	0.0125477077680203	0.0973789824490066	0.0945500520739943	0.014800181483259	-0.0323859725728431	-0.0151338479333617	0.00211348812311003	0.023528584807951	-0.00175057583061348	0.0499065832154983	-0.0754475003467382	-0.0207398971165643	-0.061902676656189	-0.0757665763478154	0.0277049799608639	0.0874645956230515	0.00235897812644634	3
-0.0031395577663775	-0.139239571796183	0.111649214732561	-0.0142342348577831	-0.114787678838128	0.0650412710174704	0.101826640106648	-0.0390189756418154	-0.0129463792537407	-0.0337035185253586	-0.00860555666178357	0.133030566373291	0.0627813339843368	0.063999783496218	-0.0533260409814866	0.102010465933121	0.0985762855679795	-0.123379496414147	0.0492270685259945	0.165074853075189	3
-0.0677564662362954	0.0176168055629623	0.158992040103349	-0.0137429845405222	0.0791817614516321	0.0350471017329358	-0.0140740458437209	0.0349255351209154	-0.0145299276158477	-0.0774409050739671	-0.0354926276749882	0.039697901868165	-0.00558822189407904	-0.0297455983256431	0.00895523547537957	0.0507679316820126	-0.0962897067163796	0.120766599053614	-0.0576376409028845	-0.0516887301936322	5
0.0804663412914125	-0.0663815339800185	-0.0995222994965726	-0.0741014951422209	0.00387209930870999	0.0263313518759007	0.031044221447439	-0.0429752485338714	-0.0988850269809257	-0.0581508640384828	-0.00648429990775742	-0.0303411980899948	0.0757032751025246	-0.0179411762928883	-0.0294161754005202	0.0745387232533876	0.091381303683738	0.0153514319764562	0.00522652002697901	-0.0437010719050468	5
-0.0894405835836529	0.0155728820601117	0.0244080269381073	-0.0113107454232111	0.0540442341053919	0.063301197978558	0.0308471860563255	0.0247154276791957	-0.0385130520091345	-0.0306507493328929	-0.108084844343415	-0.0552971202112094	-0.0610502666733772	0.100988766928014	-0.0641904880639561	0.014003319293533	0.043277268444671	0.00326056256346603	-0.0493869799650679	0.044903807106929	4
-0.0756886951219364	0.0215017590579409	0.0151303036834657	-0.0309230218706951	-0.0181040814611345	-0.0270660844499845	-0.0243693986625582	0.0916933562174481	-0.00229068517389143	-0.0138512797601048	0.0121409270739827	0.0444169001980174	-0.00795682366179651	0.0325407103932939	0.0169116345714682	-0.0364141689835231	-0.119531912865682	0.088622804869158	-0.0202411731630479	-0.0532160746366279	5
-0.064944683699166	-0.0183079789389819	-0.0369991552332619	-0.0941307429500802	-0.0553452573634418	0.0340256230880151	0.049216005873724	0.0495025963860211	0.0443529353703574	-0.0295459544683427	0.0164570644027031	-0.0217405589313254	-0.14396753656805	0.0830006180849765	-0.0958988170167821	-0.0979872820599772	0.0080587340271519	-0.0382249545216072	-0.0262694724433559	-0.0208397325548411	5
0.0281219774003858	-0.038463759598469	-0.0755603776171736	0.0244841494269587	-0.193983015147692	0.0616253559741426	0.00825497140193232	-0.15337571872139	-0.0151256896086739	-0.0825121270973873	0.044332630043461	0.0899922529389951	0.0800990450691114	-0.0218220792420532	-0.00561682938902813	-0.0229535453882336	0.0602452244468455	-0.0289580519966326	-0.0714373548456442	0.150507893166096	4
-0.00545824575075885	-0.0173416087245386	-0.148336903223555	-0.018311962220465	0.143443700894745	-0.0809815213376348	0.0194544120440883	-0.0951071149762633	0.042768153248861	-0.061015390612882	-0.00437526792772475	-0.104590398013035	0.0570857130475728	0.0586891214606095	0.0773841681890167	-0.00276785794182069	-0.108289304594726	-0.0994997420563317	-0.0143164305126495	0.00355058348418348	3
-0.0762324659688691	-0.0106696761412782	-0.133695526792575	-0.0220393841201267	0.0313035265818739	0.178834933402925	0.0107457219063344	0.0534252201309456	0.0210773967279686	0.0630488691323069	-0.00367590071302412	-0.0490215046712037	0.0774063413953802	-0.0537691154315059	0.00512335692496346	0.0349037246488006	-0.0879204717187139	-0.0510058046132719	0.151153355215725	0.176464806885556	3
-0.0528403326547313	0.0669346893785871	-0.0392807721449541	-0.054448748934507	-0.00742213145269426	-0.0526256623963267	-0.00884446270878924	0.087681599695239	0.023901895361595	0.0440626480785187	0.0608436922018542	0.129775956373174	0.0223245155381953	0.046105074167303	-0.0445385274922804	-0.0105617517762509	0.00889770831485806	0.162229029192564	-0.0430761419375545	0.00130978253776579	3
-0.0904208273469492	0.0647925853920014	0.0276453068412742	-0.066665906540707	0.0355535568818684	-0.0236987931221448	-0.0589539020570299	0.0117723188209897	-0.000480506721420859	-0.0205772728537089	0.0155720219165564	0.137392687282644	0.0636277559569513	0.0125966744423075	0.0518162759462848	0.0665339694533701	-0.0628935769442846	0.00203166355150102	-0.0328010878633961	0.0191685149677102	4
0.179845856238182	0.0593460021111006	-0.0124391591661807	-0.0189945210238141	0.121246218711535	0.0879426556850147	0.0786432744698002	-0.0682265377758613	0.0778495800883853	-0.00476299891049199	-0.01578949338448	-0.0192105847313151	0.0268693637197348	0.0322849916911253	0.112710880376275	0.078257755554235	0.0839784453228365	0.0949937039964281	0.0722166378498494	0.097461286125053	4
-0.0625146944529414	0.0903137873642366	-0.0790532390369389	-0.100899419769958	-0.00821269990818537	-0.0486582348579157	0.024263676693112	0.0157801755569204	-0.0548263226837675	-0.00314282704883098	-0.0291809803494573	0.049269480441598	0.0588783799536473	-0.0299254235278927	-0.0724256523978147	-0.0179871178374184	0.068053540294714	0.111118328733387	-0.0575814484800377	-0.00281314404064748	5
-0.0364775452691415	0.0788581320969862	0.0853217392370002	0.244247916242722	0.0438317072387368	-0.0493547410359939	0.209462539963439	-0.0463123267023378	-0.139786151059297	0.115512564882581	-0.00418128228993699	-0.130925744977623	-0.00200329213873635	0.0593843199868446	-0.0646944295706187	0.0767029429704165	-0.0644945435829534	-0.0420070619949608	-0.130184825896663	0.012311625989475	4
-0.0269086980120894	-0.000390085332472043	0.055753673032389	-0.00775405053289134	0.054811025189599	-0.101206486273871	0.0575182325159389	-0.153861569574283	0.0225416997220186	-0.103779687967592	-0.0502309466158259	-0.078100333768005	-0.172557754217198	0.0396325130092225	-0.0733274163779413	0.106300662099634	-0.0754298567071144	0.0251211143958043	0.0938815574278621	-0.14183779106794	1
0.156871978977698	0.0552762284776601	0.0132033172526522	-0.0105008090523477	0.0994207959057366	0.0922100590969677	0.0284751214373151	-0.0269346197825895	0.0166408177054037	0.113160588010539	0.0711559530640981	0.0183349080420657	-0.114931062631669	-0.0534261450636841	0.10492975602098	0.0227814899549466	0.0874488974205613	0.154991170179584	-0.0181709442957261	0.0310853871091962	2
0.185703672972523	0.055544481506772	0.0457779591157502	-0.0660860395500091	0.0459836792893534	0.0911443091353519	-0.0153368802674761	0.0394168505243871	0.0457353264096138	0.125742773381388	0.0688664184971407	-0.0722234057230551	-0.0651321474993271	-0.0169210141314209	0.0517425788380349	0.0790988914960919	0.111910681499252	0.040007935785399	-0.0124556002198434	0.00736059232126324	4
-0.0661780089118849	0.0661200341324236	-0.0139654694899582	0.093518208669866	-0.00402096489692244	-0.124252300242847	0.0312569813070579	0.00839298515160076	0.031857764607405	0.0854187811669719	0.0256553498206394	0.0654804720545619	0.0310862700296469	0.129647588366196	0.0785731784102214	-0.170051911080577	0.237939134324696	-0.0255365881746274	0.162124136613616	-0.143326010205206	2
0.116671100098988	0.015357521742217	-0.0889808126912772	0.0667819650194315	0.111295209969934	0.112677199758603	-0.0491390498844727	-0.0470857175732563	-0.0909117786263089	0.0112266738745852	0.0938168047305439	0.109547279116314	-0.0338062696562476	-0.105391590022272	0.126353871051664	0.0199118626797137	0.0314621058162061	0.0321812354387392	0.042736534593671	0.0262920066445687	4
-0.0429439101710912	-0.0619033374112799	0.076242790722888	-0.0267958484185086	-0.083182413377178	-0.0361529364564293	0.0931636582608029	0.0640434546473494	-0.120670320345617	0.0176539417037368	-0.0956363229947143	-0.0676052822862184	-0.0475344376148994	0.0602710318712618	0.05365063694014	-0.00355985266031657	-0.0968964196957774	0.0635492664334112	-0.0320130514492103	-0.0650452828220083	1
-0.0463244321680226	0.0700892252659444	0.073018660986747	-0.00534032629076844	0.0566581915680828	0.122766568183224	0.0417515170183251	-0.0801481614880588	0.0403582887378373	0.108701862548954	0.0525154170455197	-0.0844989176586438	-0.119603132272909	-0.0382648132322283	0.0680086565735507	-0.103343181370077	0.0821201000873669	-0.0612264922760343	-0.0479298674048808	-0.0104309768043225	4
-0.0400636785747523	0.0359121138466354	-0.124761485177155	-0.106099061168302	-0.0136513957484794	-0.121051723333274	-0.0609275099668893	-0.0500989559716222	0.156040479162329	0.0448476668160063	-0.0351953608372137	-0.0710979446791563	-0.0142532242235515	-0.0651353703579261	-0.0840409631065486	0.070411211089708	0.031620647616739	0.0144016533151585	0.0846103780954358	-0.0244447741910536	5
0.0405005917889868	-0.137705144455263	-0.0474840005291846	0.0986404082539261	0.120202308525413	0.165995915120841	-0.181373436496162	0.0309737602497048	0.0406431608965974	0.0160481870265981	0.069842824757281	0.00803595499374067	-0.194086303793747	-0.0750492444323383	-0.0898250083059325	-0.03913854324587	-0.0479797754165889	0.0836073662139691	0.0577586216917597	-0.0734951910558834	5
0.0370953115284354	0.0215306939298273	0.011783481390608	0.0747334101512989	-0.101255865177739	0.0658963582306011	-0.0791636143657084	-0.103937774756702	0.00735936775386737	-0.0706383849866462	-0.000327354305482686	0.0600851685103513	0.092357142304644	0.0383818177496143	0.0456831720587798	0.104250012412047	0.0156049237875794	0.0273515568143421	0.0476786556984598	-0.0820231028537785	4
-0.0333505796414401	-0.0642382953201716	0.0296134755255124	-0.0317340346760097	-0.0775431312403408	0.0741214915976437	0.0344538018782872	0.0446072538935164	-0.0933067794292585	0.100979445921956	0.0183912206834852	-0.00238873602977109	0.0482666136758974	-0.0235490004587338	-0.029655125018736	0.0640053674149205	-0.109692316039111	-0.0709644784070487	0.0268592601704054	-0.0740038455811678	5
0.116414079695074	-0.0603045778945355	-0.0792034798552863	-0.0179299530944394	-0.0521181132962161	0.0739765821297313	-0.0206880221713212	0.0418613114121455	-0.141771420814547	0.0541646930937848	0.0896414805291625	0.080452663226347	0.057680268791158	-0.154695455597078	0.0820507067180979	0.0545699831330716	0.00105398703163037	-0.0386577600331899	-0.0640791566944659	-0.0869928930396298	5
0.00344018421928949	-0.0274706967406886	-0.0429896578892914	-0.0188945335120355	-0.00174667468286681	0.101580143116186	-0.0013105056786715	-0.081089004707835	-0.0624844498688307	-0.00861389488626451	-0.0645305600927153	-0.0319813195382512	0.0257986100908302	-0.0409230727404247	-0.106519462073029	0.000814359168868756	-0.0843716680540787	0.0484396735836492	0.0983349541512751	-0.0221647555067242	3
-0.0675353492498495	0.040920413583279	-0.0575698431940227	-0.155978621464575	-0.0817208825976588	-0.00828970708375754	0.0353310365450714	-0.0392070768386143	0.0442164419248572	-0.0285938117652446	0.0353718889024674	-0.0797915212930128	-0.0125550407245154	0.127182679331562	0.0385886760209987	-0.0311931550243381	-0.0469592176397013	-0.0135038245438722	-0.00769236362169921	-0.0365661786837268	5
-0.104532160282643	0.01847076960017	-0.0144708822481006	-0.025616620010704	0.0899965922920847	-0.0934362219673172	0.0441674472248034	0.0708441849895181	0.142019799016419	0.0530659503653264	-0.0187802581660632	0.0174811086913346	-0.0849507716232365	0.07248748070557	-0.0265054718607343	-0.029580954032208	0.0294782536182803	0.0677199114461761	-0.0279214019788919	0.0161561897453939	4
-0.0325069942233265	0.0621379247126043	0.0284060774232717	0.00634532463284235	0.0323215308518539	0.0679248537653864	-0.035199781248442	-0.053362065323626	-0.125191509978453	0.0278945996224146	-0.00690464992939877	0.0342636634369867	0.0801702494667612	-0.10458095499977	-0.0487711485980413	-0.0227775362666687	-0.0705105885309265	-0.0698286871251935	-0.0847595856290364	0.00631706902012826	3
-0.00164554733036142	0.0439870174601733	-0.157425769440815	-0.0725982055503149	0.0495890217150524	-0.0668878100910479	-0.0379105123657551	0.0164981118823283	-0.0203769987010267	0.0955176944663401	0.0534348160933171	-0.0781625897200625	0.0209983826515031	0.0310957067760934	-0.0568126369326444	-0.0190842962814104	0.0917301146588887	-0.068012676984351	0.00324092822401866	-0.0721625983555439	1
0.0193328264071804	-0.0761219768437438	0.0126319770108743	-0.0335141600075242	-0.0166285475526032	0.0554958470051678	0.0838022098363402	-0.125921258023763	-0.0665630610962833	-0.143355432326451	-0.0228416976576081	0.00931483870403917	0.0400124432664631	-0.019892995766194	-0.17991693316613	-0.0242655695278056	0.0955615742362917	-0.0158372523493279	0.127226385169814	-0.106544139691386	5
0.0387642698403352	-0.109739955763805	0.0497191764879501	0.124186624575904	0.0501447340742864	0.051364995790331	-0.082858598698354	-0.137305819598038	-0.0550506488013676	-0.0276574201075936	-0.00577274698928187	0.0237263260318763	-0.0300195243309531	0.0961212021201324	-0.203033232001501	-0.0262474202095159	-0.0616069492201665	0.0227040612320951	0.131408451901285	-0.0315299107498341	4
-0.028564656819479	0.0486738214122659	0.0129237100655771	0.254908882234968	-0.0350957410645008	-0.0335080247546027	0.197294569962646	0.0692336585723597	-0.0675969928417522	-0.150472247934646	-0.0246852829334817	-0.00380641228096097	-0.0105286243403241	-0.17167039993918	0.00596357697922631	0.0826299790108721	0.104870402593441	-0.161562793728049	0.0942951098811549	-0.00692143367346541	5
-0.0212346951017194	0.130327581764619	-0.031172239751457	-0.0285225995627654	0.0300977660077033	-0.146919191661767	0.0948926396926067	-0.137809634565967	-0.0562615071120437	0.0142086395091621	0.00829637873117835	0.135829167921307	0.0747558935455771	0.11491290705313	0.0823839184054465	0.0474339552549739	-0.070383321354261	0.0584627474470121	0.0604884800061075	0.174205300929592	4
-0.0809783279662286	0.00806752422162927	-0.0112325303576421	0.0448395324410976	0.0217074066955455	0.0693868627117925	0.13217516331109	0.053640166964502	0.0631710384361883	-0.0256498458636365	0.0410661506937613	0.0384446312264631	-0.0176271285591733	-0.0371578482019141	-0.0624033796756378	-0.0206751621135538	0.0983329143305451	0.0142478676214809	0.00922687458071706	0.112321193912477	3
-0.137567487250075	0.0706098485130305	0.076954314004427	-0.0334246824672074	0.0697766152151272	0.00258765330330308	0.0315830776438169	0.0420756877271629	0.0152280537762462	-0.00408379837134248	-0.0928163784399046	0.00421529904429867	0.0737932992869834	-0.037604184141975	-0.0438771371733199	0.109137882169804	0.0585880621417194	0.0528193846408501	-0.0595215899691573	0.0410874969033828	4
0.0389193454484197	-0.0129345125267195	-0.0237417542647243	0.0294981995062558	-0.00741708882704141	0.109809799576144	0.13667025719177	0.00758639802944768	-0.0808530272035316	0.0278664020665955	0.114157477378964	-0.0378027666599504	-0.0248758300617401	-0.0120758531699577	0.0771643699394407	0.104312235268716	-0.0573065564125511	0.00276402603467347	0.0480446188245502	0.0200759109789282	1
0.00491061505456211	0.0937601666711886	0.0211177960753504	-0.182110002418499	-0.0439768785307722	-0.0227960757012079	0.10433207687456	-0.0455736747875527	0.100089041881784	-0.00958557121189628	0.0793569477429265	0.0679493615276603	5.04763005757079e-05	0.0129362796563492	0.0982366405134734	0.0394303879731398	-0.0635308433484898	0.0397855784989233	0.060995770899198	-0.0942415409163966	5
0.00491909322747991	-0.0196718132285986	-0.0356477311252593	-0.0171860230466766	0.124383123913646	-0.0850829212106366	0.0658848646442593	-0.0810395597301912	0.111925662841561	-0.155708531362763	2.65496790352153e-06	-0.0548953689409872	-0.011183380534839	-0.00777243955786563	0.122652210918462	0.231542798534496	-0.133535571744351	-0.0655932516669719	0.016999079734072	-0.0990993565540289	2
-0.0877925534049152	0.00235611111900405	0.0663546821215401	-0.0836239953930742	-0.026124020121122	0.072093956140608	0.0143675901359024	0.0285511126815915	0.0551035011941011	-0.014244909700053	-0.025470907278043	-0.0423850508141265	0.0739944676911298	0.00455164273605513	-0.0706171536459925	0.0463901694860555	0.0388898575804668	-0.014155055125008	-0.0346284246044887	-0.0351620502751337	4
0.0327420329543248	-0.120581796984328	-0.0842092295035226	0.0613414116103095	0.0423256295830991	-0.0304215044092277	0.00124184852770885	-0.0045007093554976	0.0771350829188403	-0.0358004294365403	-0.0145562232246174	-0.0459361045178182	-0.0807168711119224	-0.123454100089207	-0.0348719396779096	0.00323707051023138	-0.0374530355409661	0.122742048898197	-0.00954356601527191	-0.00655357542120675	3
-0.0128015647388325	-0.0158510171154109	-0.138196165779063	-0.0166523325545108	0.0102340945365406	0.0398082838696726	0.0240860729925798	-0.0173593027043937	0.0575453852369398	0.0535699188255887	-0.0345323932936335	-0.0650973195713531	0.0690076906173629	-0.107776379109143	-0.0580219158131702	0.0199279699639711	0.0691926554220462	0.0678992796500416	-0.0246029149301632	-0.0628794654860316	1
3.18375064048405e-05	-0.138739658595674	0.014137613396237	0.00075746956751527	-0.00856133526872216	0.015121976398674	0.0880895415483471	0.0390481896776842	0.0609322599832177	0.0717917124218697	0.0240310135733458	0.0571637302314745	0.0104316366761856	-0.0822346465673282	-0.0162615249736842	-0.0463658141659779	0.0303914558209656	0.0995263834878657	0.0133919372788741	-0.0907044295993853	5
0.00855942036502807	0.00993228386354298	-0.133059391710167	0.230252229498383	-0.000318826089127679	-0.208353054802024	0.257270376947987	0.163163347291218	0.0335508896331211	-0.0318875211939434	0.130480360028508	-0.00328808545226866	-0.0369290752176794	-0.0126921609616282	-0.0376640707414904	0.0843451262947429	0.0847289826275711	-0.170241351526079	-0.0976048994298981	-0.0462112797743096	4
-0.0785888527309517	0.0629738818624192	-0.00571931757170006	-0.096876936734638	0.00966473469801251	-0.0143868165976229	0.0128385377419124	0.00349659267894096	-0.0356014757093264	-0.00338296235260321	-0.0193618478911543	0.0457884190973102	-0.0291244421045339	-0.00884663921141434	-0.0843544766886251	-0.0241755724894858	0.0519283413476516	0.104078279773277	-0.0210971798209789	0.0731467308824082	5
0.00011590313246728	0.00234089680157033	0.00821503380314039	0.191145475340106	-0.163401188765623	-0.134203030109511	-0.182184216280649	-0.109982142384853	0.207449067322242	0.037677803990663	-0.135757715758761	-0.145370941136088	0.0327059472757535	-0.12178954910687	-0.0467994834554989	0.0108398158734279	-0.0417119288219354	0.0890756653278273	-0.0217437310624211	-0.180913839687999	1
-0.0355524658557465	0.0607897258185576	0.119640010353407	-0.0579443134528422	-0.0286866619460695	-0.00790067140334792	0.0199219711916399	-0.0579049843454401	0.0510240356661039	-0.178064208175011	0.073561169937781	0.0605304803507727	-0.111685194523837	-0.0713432680597446	0.0339433696015043	-0.0296826985483009	-0.121363469516871	-0.0750268507023601	0.134432734917375	-0.153872980982708	1
0.11874650657888	0.0784267170667429	0.0493592990439025	-0.105880797537006	-0.0625543530955098	-0.108952861423302	-0.0800221550779936	-0.116122395865631	-0.0748624359923055	0.0883031936534611	0.0156785889813299	0.0342883959281163	-0.142311410980949	-0.153738626797926	-0.121036625791515	-0.0494368668873835	0.056005331083371	-0.150144855540535	-0.0395525738410079	0.044436391619314	2
-0.0444904992005216	-0.00245356908043062	0.0483972748883412	-0.0213805472768975	0.113431994310188	0.0763467979015239	-0.0272307928894575	-0.0102913978359219	-0.0255559872005717	0.0432942188175101	0.0771657749470842	-0.0593121762712126	-0.0452795998519948	-0.10615367181112	-0.0580876420035875	-0.0601999162191218	0.0433188639908044	-0.0308897276520173	-0.0948701798683409	0.0620571268881478	4
-0.0590566511317475	0.00384081706566379	-0.129620976501376	0.0594225000388276	-0.142758260295963	0.147338307614522	0.0512249916591155	0.0149383395284206	0.136060209056186	-0.0455934068644964	-0.0148722667398389	-0.0436753905397991	-0.0415300210791988	0.139602424993653	0.0340405954602275	0.0073924395594003	0.0352766221027847	-0.0340261587016894	0.0177616327405928	0.0937376691936101	6
-0.0132153079013607	-0.0123188064881272	0.0615101058414789	0.117437811591817	-0.0373546434827342	0.110462120588123	-0.206363037394077	0.0227192310881332	0.0879050453302809	-0.0184122763136626	0.0250812848224435	-0.111794111966688	-0.00253691701368177	0.0340004989062286	0.000460893283145209	0.0637723378506713	0.056105607854078	0.00793626652330279	-0.0320017706716594	0.0134072206699771	5
-0.0162464274921817	-0.10235194869702	-0.0103964929359337	0.0439545376901252	0.0270503612148362	0.00567981174276183	-0.0604278365810596	0.0642779272740987	-0.0584171460561924	0.102919083679515	-0.0493469000670105	-0.0834557529470298	-0.013139779642883	0.0629840809295043	-0.0461380200269911	-0.076411342733249	0.081776143937304	0.0458850071289491	-0.196750607710845	-0.189721775990548	3
-0.0276951439758753	0.0319716248104782	-0.104844956900666	-0.13089230091199	-0.17601257311662	-0.104187758882221	0.0212140969078044	0.0553609618867894	-0.0910196043184073	-0.0941735894067654	-0.183065950235016	-0.148615135710663	0.0198047189633	-0.0493948264202688	0.059159733393163	-0.120777121407007	0.0275510585127053	-0.0911832441231731	-0.0732378832022998	-0.0935802673628926	5
-0.0529363298841012	0.0635174834767807	0.0198964822492587	0.0636284127687223	-0.0293414647409103	0.00803385203300366	-0.0484944339315002	-0.00430306658204918	-0.0724160410148789	0.0690605440616475	0.0616826150705529	0.0984267679776805	0.0382414906783039	0.11165766485344	0.0354873838853212	0.0320166051580405	-0.132860160780288	0.00915587958450397	0.0934947037860399	-0.014431962446487	6
-0.101471834391641	0.0157736221453492	0.148140648413989	0.00319418182239419	0.130878054150729	-0.0606600775257977	-0.197083030265698	0.068251688146476	0.0319690018986759	0.00832800160406758	-0.0510708443117563	0.116373071446695	0.0334921651218052	-0.0273074492322723	-0.0343523646202027	0.0831247459512317	0.0193579392042485	-0.046191857352049	0.0053102380186243	0.0499310563942291	4
-0.0797967064521843	-0.0131520584655249	0.0223577877661504	-0.0333518880681436	-0.0586417049696578	0.117807615322642	0.0800896289166995	0.0238373155583578	0.0197981964864067	0.0971656479625951	-0.0274081912408062	0.0185700271523626	0.0321536897146533	-0.0944896413848201	0.0169312079854893	-0.0295873327987504	-0.0784204713585123	-0.0470178665272862	0.0415296031026497	0.00984956443370606	2
-0.0296098667629697	-0.00368962483792442	0.0888289458746396	-0.01924344824124	-0.0689156975849864	0.0699917824530482	-0.0307759997597067	-0.0117005974619427	0.0934383911082022	-0.138895594651917	-0.0119694164960233	-0.0445513099334285	0.167625663099583	-0.0383277743030995	-0.0214589269718969	-0.0564328419633853	0.112340048460762	0.02228499993405	0.0255390663946907	0.10465128641269	4
0.0422786984727424	0.0137704707174836	0.0271494092456531	0.0106247821646978	-0.0106242403371107	0.153563508523824	-0.0820374529949202	-0.0450945963517495	0.00955908266601279	-0.288218372982512	0.250234630638442	0.117446241748228	0.11581495800924	0.00320101417796358	-0.0608698177571576	-0.0989904072102672	0.0694880155157709	-0.0254943849829127	-0.223313559282272	-0.170765142685609	4
0.101418065694931	-0.022477871643701	0.0473528127682585	-0.0586270525673245	-0.115897168603397	-0.0213613910601686	0.143323510114815	0.0924709840992175	-0.0285734286166087	0.0886130820756635	-0.0443187472281614	0.0485963147845618	0.0593254473307869	-0.0437218767573742	-0.0550337945699784	0.052214104130498	-0.0538252133761992	-0.0471540732116899	0.127296469096732	0.0447260436253637	2
-0.0462185340439086	-0.0457569507904356	-0.0127318587198342	-0.0625211564636931	0.0118023655230872	0.089172752577758	0.207253581423401	-0.0393976958695712	0.0603649484818139	-0.0196196390328443	-0.0817155881856146	-0.11653565601845	-0.035070440895143	0.0665983260627243	0.0704191238989237	-0.114983871000706	-0.0532614115198019	-0.0141823921338261	-0.0469393400425732	0.0698070807267704	4
-0.0270935017433504	0.0581223178432828	-0.0244394679344873	-0.0340213670077951	-0.0307446510957813	0.0297705277553191	-0.10034881690796	0.103744755655927	-0.00792513809996795	-0.0770169309017819	-0.0229077841490568	0.0909370413482886	-0.0658560393292232	0.0183018248756301	0.00823984359314513	0.0864964163644802	0.101151843183536	0.0495602862507083	-0.0561511014858695	-0.0116725409131265	4
0.0781982134056886	-0.184388567127546	0.233686151298299	0.0146926462961841	-0.0468474550193468	-0.116665474763033	-0.0408248593438442	0.0749484052859612	0.0891865055066797	0.0345544561844868	0.0995139370732583	-0.078887699862857	0.0749547436974717	-0.0882289684653049	0.0627295643609989	0.0828971702770259	-0.0501623598230251	-0.0218821082711142	-0.119615956480423	0.000100441913782486	3
-0.0264119028474017	0.0334937774993462	0.0661070854087347	-0.00842701731370306	0.0462067396516143	0.0633417258648481	0.0889049120043307	-0.113486018153628	0.101212094611521	-0.059240167624514	0.0984197078658313	-0.0448099134699246	-0.147477830150042	-0.00237193479787817	0.0134379558597962	0.10072372525382	-0.0250224750973594	-0.00869430197640473	0.0557647723493025	-0.0902787579367723	3
-0.0758250325921712	0.0271537239526562	0.00208085314198306	-0.0661442812606035	0.0692367890811451	-0.0661241792187328	-0.00834415282111762	0.0831513576230334	0.0199923624231056	0.0160359079325969	-0.065562683384343	-0.00194565803278689	0.0119148782968497	-0.0112718334838345	0.012930906347408	0.0418324931276206	-0.131159815946215	0.0631124098159004	0.0130736322698042	-0.0293754065900542	6
-0.0361868950896568	0.0549971749808301	-0.00631249545400223	0.13106192151602	-0.0965861723725705	0.0915356194181266	-0.0878745611104092	-0.112348846136312	-0.0384314473873925	0.0703458410774728	-0.116745885300114	-0.0127216833755885	0.0271835281228694	0.0548677242701011	0.0129070647217334	0.0793712951213383	-0.0784427047738204	0.0672623821721549	0.0117081039112808	0.0583715742124902	4
-0.00802128354857461	-0.00947840032729941	0.00330497290399933	0.15541686433788	-0.0490335447169581	0.088761462806838	-0.153800223222008	0.121743181474523	0.0668183779996862	-0.133979458811756	0.0796924173599529	-0.0661802694224487	0.0684090545383609	0.0582580853568613	0.160244732172414	-0.030881872586204	0.0283695235649399	-0.0794212842821631	0.044263145362346	0.0108077440867734	5
0.0357001189490956	-0.215918958611445	0.108638413086439	0.0758030758388174	-0.0593859138079577	-0.13402490507207	-0.0891658526932024	0.10504591232025	-0.0489174922793302	-0.0309641142820972	-0.0341710334856248	0.00876385183346315	0.110076794555647	0.0803891185817946	0.0375805950735435	-0.0022156582948994	-0.114767453165364	0.0443995877352337	-0.055423893773494	0.0204703791076913	3
0.0057141856354997	-0.0268079445698162	-0.0911822412640125	0.314304892903983	0.0353559495317285	-0.0699423173211972	0.0648897249721115	0.202826649078635	-0.139586580374342	-0.0682914762026942	0.0309474132673348	0.00325949458318526	-0.0793500090902878	0.0153558726415917	-0.0817387917725609	0.0806030402836724	-0.0956612929957588	0.0504322803789662	-0.0314177025507089	0.0367936542411442	5
-0.0849263889047104	0.0487582047368408	-0.0421858639291557	0.0882677476165782	0.00713666441597265	-0.0278603914795618	-0.050818476649135	0.157000382300919	0.0142378926775498	-0.00838685860340112	0.0754995755300505	-0.0515889713980643	0.0879963344376542	0.139656013332257	-0.00368988224265375	0.0601521710591598	0.0520792708789844	-0.0887992601805643	-0.0262182252451777	-0.0573659270981581	5
0.208162834413466	0.185928530903793	0.0624635626651133	-0.0410089764562997	0.00918617490008884	-0.00173748427648539	-0.0813407243367161	0.217436911960366	0.0155221340323972	-0.0321536922312739	-0.0297315803301858	-0.0512185198840029	0.0966468275698653	-0.0620851893037055	-0.0778607558944729	-0.148193049929606	-0.183670858170176	-0.164124230828489	0.137059846271598	0.0160570578972974	5
0.183706748027144	0.2026854948854	0.0648681008396937	-0.0105871194782782	0.00315736850871186	0.0309910625366366	0.098182981461987	0.129477347551281	0.0205555596489268	0.0926173335542644	-0.0260499476982079	-0.00116684095794213	0.185013050499444	0.0309756158161221	-0.180054716664132	-0.291163489444584	-0.115239094004165	-0.186073402684608	0.191854048576345	-0.0581799587596885	3
0.20206921511429	0.21757352845936	0.112055304256182	0.0490340837776364	-0.107060519666397	-0.00482320886487552	0.00304800331370602	-0.0286610734413724	0.243273844979873	0.0265765650878335	-0.0240895296146294	-0.0167415619052577	-0.0121013597578648	-0.12778279756403	-0.057262437355728	-0.112930143029275	-0.078843021946264	-0.0566431824622826	-0.0639130791501644	-0.107978771760769	4
-0.037687354738582	-0.0304045755174239	0.0810051187809449	-0.0142058984830166	0.123468900660791	0.00929099962843437	-0.0194019183680041	0.00167640871346006	0.0109577172105738	0.119673205623496	0.0263543485010467	-0.0603167971223781	0.0359948171037139	-0.00748118538263909	-0.0264933172886876	-0.0171126840472043	0.0870896965900461	-0.0412100157872312	0.142604788471864	0.0304045585381287	4
0.0824072354167932	0.11337526021581	0.107542793735781	-0.0980898821308946	-0.174935045478258	-0.0617026326721524	-0.101576216520947	0.047570348889988	-0.334684284605875	-0.0783481990221039	0.362675418310821	-0.479668070979113	-0.037967902085326	0.105814411984053	-0.10770958380129	0.109161454046217	0.0531607983110594	0.214316374525976	0.147452481257513	0.0623742954142278	4
0.0447503428043195	-0.154947542638055	0.160048003027147	0.00789471424192144	0.0217670715769031	-0.136466614018904	0.0048190322104181	-0.032738415487284	0.049438051667027	0.0145508378339557	0.00619241838848117	0.0333592332765017	0.0882627366453108	0.0376325057436589	-0.0363618271162902	0.0142918222191422	0.019598399880791	0.0991660038244082	0.0608251704832034	0.0129919958570008	4
0.0718190538346738	0.0033286382860082	0.0413093499986377	-0.0885587074668587	0.0710876213502137	-0.0726537829973233	0.0282580270370628	-0.132839265281185	0.0278507466409777	0.0214052323336852	0.0178972319260144	0.0645391807314876	-0.038231757033368	0.137284744702662	-0.0596398293095763	0.063895746847292	0.0704283148266945	-0.0276675655797482	0.0980533432234871	0.0800858912336329	6
0.0470548062312476	-0.139541783112493	0.11629053263184	-0.0149205923332837	-0.0319351018477898	-0.111032326217483	-0.036322096734271	-0.0520870828055697	0.0174337318882887	-0.0878376423944954	-0.0083770035663941	0.163797905586648	0.0030858503798056	-0.0549938976976898	-0.1512080829387	-0.13134832424681	-0.0255693718179857	-0.0136026573891523	0.0527249677822425	0.156456495300947	4
0.0393500576302886	0.113503862278822	0.0199043389710288	0.0907898350516007	-0.125649486723699	-0.171073670207313	-0.0743936900746264	-0.0506266734652335	0.0930011158210969	0.175318508150727	0.189839136377697	-0.164910150505095	0.048021162991618	-0.106425758783958	-0.0895614357840806	0.113518134074997	-0.0963821812573109	0.0395166271858276	-0.0296839067259037	0.165330800539096	5
0.0266334282452359	0.0540859900051098	-0.0523488422976301	-0.0581290727318406	0.0458006669783311	0.0200199985067155	0.109619721791625	-0.13464958092971	-0.0192532635824978	-0.082612399986304	0.0446800288076778	-0.0195818709421759	-0.0124989072428557	-0.0348866934681545	-0.0476632217739415	0.0541860602661266	0.058474512680853	0.0521358046042811	0.0400920009321142	-0.0645370637131638	1
-0.0750340890630112	0.0193828569568485	0.0610865958970613	0.0830765081327023	0.0478718002585405	-0.0317844931626984	-0.101055540997678	-0.0508190313814563	-0.0488706233351268	0.107195061453265	-0.0420978542396384	0.0988588942672547	0.0429003725051848	-0.0232137491423954	-0.0391644980136234	-0.00320642484920216	0.0557773036591236	0.00533434600783401	-0.00765908833699866	0.0582164201508215	4
-0.0139801069730515	-0.0428509782030744	0.0213546539954344	-0.103516114591933	-0.00683911914343396	-0.0360579721784421	0.0563666050424295	-0.0057507410657719	0.0776803748011742	0.104650324171203	0.144610227690249	-0.00552538440578465	-0.0119647253079774	-0.00145559876136737	0.0296285533945865	-0.0305551701416787	0.0927635531101302	-0.0752455129294694	-0.0387321647226592	0.00969855038847597	4
-0.0413091602411807	0.00176740766387372	-0.0426860108851863	-0.0581170440659692	0.0114930394224453	0.104906274398443	0.00424511742320119	-0.00757269446315318	-0.00976963975624367	-0.0241335846208584	-0.00476794670123363	0.00945372067340294	-0.0959229529444567	-0.0785527666582324	0.130720782391743	0.144406464143982	-0.0311334103573719	-0.124754349018613	0.126707321615935	-0.0367847273858363	1
-0.00255887508535998	-0.0767929796176967	-0.0374096581784683	0.0764283733961729	0.00184075951871104	0.166085072602048	0.0456889939747622	0.00274856104568283	-0.0382857622341651	0.0203877031017211	0.00560355839070246	0.0141554986352513	-0.00665551907939079	-0.0112619344237855	-0.0514045086253963	-0.0665177032403147	0.0371849152263861	0.163979593715716	0.0410168992652996	-0.034431162620462	4
-0.0554102448391204	-0.0231819596364241	-0.0631327412448429	0.0978997954099892	-0.13790968366606	0.164105201421674	-0.037879085353453	0.0165011726027217	0.174637424384694	0.0564455341662042	-0.0135541677380324	0.0191206582768389	0.0297320635271771	0.0644096299497178	-0.0393482120445028	0.0607660315833188	0.00913663072705035	-0.0644490068352922	0.0600983005369929	-0.0403744692167527	4
0.00602366814725234	0.0734785814872965	-0.00204756446843343	0.00941698862891215	-0.0219211129925839	-0.0880031739545299	0.00577119449525289	0.0221819653376254	-0.023509004999337	0.0230871951407102	-0.0520717319194219	0.15771756425915	0.0297896058570999	-0.0740971652453574	0.132223447060342	-0.0594696842257981	0.11230377537699	0.185282772603899	0.0816235723005382	0.103298805294076	4
-0.0219086882252491	-0.0589461718072843	0.096975521870702	0.0186614499841309	0.0539714929244826	-0.0220929710760643	-0.0301910782600726	0.0179909183218145	0.0176483494713991	0.0912178690793078	0.0313142059780006	-0.0253305101674713	0.0207144806507042	0.0387311330437953	0.162700776142812	-0.0858317073258788	0.0202587263045922	-0.0738464882587589	-0.0153977227291365	0.0785833011810288	4
0.259703729241885	0.120603170097888	0.0224281757071991	-0.0260140677815462	0.0514794995838772	0.0872637351704642	0.0686695469602636	0.0881120633251451	0.0578873302704042	-0.00609735144664891	-0.0257950465896989	0.026142261154561	0.0359843710257224	0.0493389928237761	-0.0563845850162817	0.0274997195725241	-0.0330041230546815	-0.00525778926661132	0.00557474879095351	-0.00284592670690952	4
-0.0202359695444744	-0.0756796787999156	0.0504780855651815	-0.0280958546714776	-0.0145484612832181	0.0260192419781714	0.0541923943699774	0.0154929268316826	0.00693150638696524	0.00554070746967069	-0.0497890968860847	-0.0715760877060288	0.0838663338658342	-0.0254797841314098	0.0910643257252293	0.0535959275175278	-0.0375035569117897	0.0278941339927289	-0.0624473716309375	0.0023507805289812	1
0.0655271136507676	-0.162632356514937	-0.0185230942378011	0.035281553421757	0.0374684300146812	0.0341151815793472	0.0334235723137526	0.097102085865128	0.0345069152491245	-0.0587516893702092	0.10041131073597	0.0913884052774648	-0.0375724017302887	0.137809619328765	-0.103906243093999	-0.0592999660920024	-0.0116311310185982	0.0383710108811346	0.0284726547836374	-0.0468574168256546	2
-0.0333506314183808	0.0464594421306498	-0.115526271583185	-0.0351102877977711	0.0600618792035162	-0.131186202973266	0.0152681243373537	0.113496120496739	0.104370964722695	-0.0707769678335497	0.0887291541371102	0.0356174842129321	0.00228778938327566	0.00481122477996722	0.0513643672815735	-0.0612636467488894	-0.162593799010208	0.1233326213047	-0.025013073951965	-0.0614069042076607	4
0.0473121558141355	0.035273547198334	-0.0710566994242454	0.00877063384804423	-0.117990329124247	-0.0640483142890957	-0.0113005104439963	-0.0410714387465104	0.0207515179321876	-0.239117206467271	-0.134509303765792	-0.0562509340519234	-0.0368985734040554	-0.109220943881923	0.0445794725665336	-0.0419582089509182	-0.0889736622386531	0.144044906314677	-0.0131787910184743	0.291846370101872	1
0.0607081149876755	-0.0723076783098081	0.0928131858792997	-0.0745936334549243	-0.0871193970410792	-0.0751188417774026	-0.031869851021506	0.0652385152689613	0.0196059597312597	-0.100688029347303	0.136489904856492	-0.0269406180252664	-0.0221536449994457	0.0404964890000535	-0.0529449018484845	-0.0816499631121442	-0.0308995572669655	0.0348504968250403	-0.0769047075125302	0.212285664920802	1
-0.0627429816223525	0.0530086960216424	-0.0872512571280474	-0.100749321574254	-0.0725303593918991	-0.139485284426406	-0.00965915704664234	0.0410214672546727	-0.0397087436217668	-0.0998681266267001	-0.0484596976939127	-0.0566828141701236	-0.049383037164459	0.0753306833750102	-0.042039089613236	-0.0503831031682753	0.0521440583135185	-0.0557486888286246	-0.00265989053828359	0.0132605279212033	5
0.029919406078576	-0.0560264973246041	-0.0640815723631906	-0.0827654699154901	-0.0562237666796984	-0.0401989859210448	-0.00715665629384068	0.0278666301444829	-0.164037147919045	0.0573564451918139	-0.0728359700294043	-0.015676196623843	0.0407523058953048	0.0552797066770924	0.0717599191927732	-0.00999983479982471	0.0584978330853043	0.0902412949502437	0.0492714019699906	-0.1384120098144	4
0.158514691383431	0.0769270557276849	0.0700009932754408	-0.0245868524751926	0.0567426395457295	0.0566498012354731	-0.0872649784203838	0.0940019144215997	-0.0311301243617031	0.0519749486309632	0.0507561177376927	0.119586177618345	-0.0746433015372862	-0.00134235038936023	0.0446397130892342	-0.00535347446206509	-0.0227352867861578	-0.015599032047498	0.0133773004139219	-0.0325459927346463	3
-0.0184310409916115	-0.0921322282549198	0.0352997590865116	-0.00502272156067624	-0.0970491275152719	0.0349075001362586	0.0693394088333589	0.00335972947680927	0.0747105593532295	0.106501517195119	-0.0440124980624764	-0.0622958172367444	0.145580177976094	0.00803367593170084	-0.0592308987462047	0.0484382544740049	0.062167015716883	0.00442143998146351	-0.0668216386524645	0.0334187341076229	2
0.0329357067179337	0.0376917697066712	-0.129893447098634	-0.0502098687571964	-0.0481324967762862	-0.144505252176787	-0.0104709156870072	-0.0581716824158114	-0.017310131870981	0.0884696174666385	0.0213259953404476	0.0607714513644735	0.126858300776965	-0.106533395640789	-0.014883564806013	0.0140900540650635	0.0586430712431625	-0.0167633179547464	0.0196503121092896	0.00901877433524334	3
-0.0489820825008608	0.0618458665482222	-0.00282792240953662	0.182326162083695	-0.0841313375861129	-0.0377861104106467	0.118395031960842	0.130123579984699	0.064439552464477	-0.0970938786178896	-0.0619101132538821	-0.0500935279011565	-0.139288228120641	-0.227373023805571	0.0458035688691745	-0.0813502227305465	0.0988354342483944	0.187780538090971	0.214582558365025	0.0154369651950591	1
0.0975622106502202	-0.0924995043184467	-0.166128362784194	0.0874680817480393	0.130630936031836	-0.140972571853055	-0.17833419425831	-0.0813508573362917	-0.169786535776501	-0.0471539652777155	-0.0278890130862999	0.0475632985192856	0.00106848596902336	-0.0994765413656845	0.0262295433854587	-0.0153652125103132	-0.0982912037760833	-0.0150853359676149	0.120748543292026	-0.0901011685994313	5
1.29093815803668e-05	-0.0565081369603975	0.0451966002443226	-0.0303626320127996	0.103109385455373	0.0223445662441159	-0.0594611421711123	0.0197725971484153	-0.0657782105484987	-0.00156115839236958	-0.0681633366365522	0.0187097473495967	0.0250166960183284	-0.0143170126643507	0.0106182809548315	-0.0355888845282292	0.00315148982144182	0.0748253374763454	0.127060614656208	-0.0228580640075482	2
0.0117428874344422	-0.0758077564934166	-0.108230423922273	-0.0402994835493244	-0.0954143674784247	0.049763350199	0.0813367959801053	0.00849254250326761	0.0663374156144527	0.0370759551138627	0.0618143496265375	-0.0197621685898141	-0.0381301434041059	-0.0258006889110852	0.0264213140404095	-0.00428891125237309	-0.169046518403112	-0.0347770919941311	-0.121142409259995	0.061827798066972	4
-0.0637632339273783	0.0432119466414767	0.124675807135099	0.0235612586599195	0.0828826549108728	0.0148494477088608	-0.0198457568034397	0.0311904774902807	-0.0150501673812368	0.0595013195278673	0.0205942879086272	-0.0216602206327829	0.0300967139858965	0.0305633663862578	0.0682685029686875	-0.115596627108946	-0.0475843163120825	0.000927876120929108	-0.00798078053769709	-0.0454774310269172	3
0.00947578544267037	0.080934809316749	-0.090137920961605	0.033514898739501	-0.110581684329157	0.0483163224437733	0.00485311937756994	-0.0633629536122114	-0.110374906984251	0.0747538147415331	0.02277228869365	0.134946075361759	0.00109323310189987	0.0768816967488952	0.105527000144496	0.0836176236498156	-0.00263415574272563	0.0934526853763126	0.0419489140586056	0.0397213437929306	4
-0.0487855903675528	0.0774434661548893	0.0610616997295867	0.0039798158560461	0.039961074021596	-0.0137031255362837	-0.0620591561252123	-0.0934105946554998	-0.047287514604116	0.051361623240124	0.0329989405772795	0.0587220054513218	-0.148735529435723	-0.0865045977740652	-0.0117346291825352	-0.0556181069306522	0.0144393986887333	-0.0130832543758269	-0.0454921498576372	0.011385780390506	1
-0.0380298934814858	-0.0784818193681555	0.059517618265646	-0.0600823182868171	-0.0559717284373899	-0.0326479769889288	0.0522803780339305	0.0200651788357769	-0.0246300392429872	-0.0331985450530134	-0.0289560057061912	0.0476403401757597	-0.016356748102302	-0.00372547353797902	0.100065640610345	0.106740120814323	-0.103935606577821	-0.00598813869839823	0.0346577744564736	-0.0342763795421353	1
0.0117289973845113	-0.0744659922670583	-0.127065096204092	-0.0406942962230023	0.0211054026938063	-0.0360812792061048	-0.0109079790049438	-0.0304108016829403	-0.0247152380560664	0.10730345113568	-0.0430757801023412	-0.0371707100751466	0.101619951951754	-0.0833965761477133	0.0500905951204787	0.0139855827501071	-0.0384379347903467	0.0791578490663375	-0.0584223845004702	-0.0627151292045657	3
-0.0535832094630323	-0.00194331110623201	-0.0393036184460715	-0.0423488215481622	0.11163746267385	0.0202956106895488	-0.0660788301195489	0.0228974264174038	-0.0446738388876823	-0.0659561282592917	-0.0870609978450059	-0.0680300637714426	-0.087672052232449	-0.0718988336834912	0.00798772953925699	-0.120118889292665	-0.101948383479968	0.0474375089581857	-0.143390054859411	0.122027889541641	1
-0.065975151814375	0.11261652403399	0.0785726403711731	0.0544045390059929	0.0690177036176854	-0.0244285838829659	0.100451124728175	0.00405383055680142	-0.150760751088561	-0.0512613206720645	0.00834656721026799	0.0299768435780372	-0.065193517794685	-0.0782435416497529	0.1181297123792	-0.0405000410460311	-0.0185275159362605	-0.0491314922090319	-0.0829414827550625	0.00572937899120878	3
0.0870357016066999	-0.112243151160915	0.0325759892770145	-0.0430298271546276	0.0275123470428245	-0.0840110244400339	-0.0238540826720135	0.0163186999059902	-0.0971368083103708	-0.0810265048023435	-0.0487018704930933	0.022158860611331	-0.0566408142024638	0.112312899628533	-0.0415355125012437	0.0111060094750233	0.0166173948141304	0.0338243131921377	-0.0175740569136306	0.0560935669618495	4
-0.0707872774856819	0.0550963689081576	-0.127304694243705	-0.0483193389990722	-0.014755036833724	0.0491322412207087	-0.0910611423934426	0.0315732332795981	0.0281211953447022	0.0264341843069606	0.0218161943127203	0.0134817998146069	0.121963628638598	-0.104208885984599	-0.172697677600544	0.122163164186204	-0.0175275694137038	-0.0866271019095644	0.00812785391744154	0.0614920404481769	2
-0.0426718725810631	0.0746363879490888	0.0224709036979412	-0.0530446456768255	0.0304971292339197	0.00696072580535121	-0.131825036662877	0.0424756801149309	0.023657282742823	-0.010057396138165	0.158826535943165	0.133799240986982	0.0163086659907155	-0.0263087888644389	0.00891309560433603	0.0836356654516886	0.0433031040518523	-0.021551342768797	0.00270581525890879	-0.09264490968694	5
0.257321378358669	0.0743965914448796	-0.0163410654717726	0.0132379700319366	0.1128575939097	-0.0135026810378737	0.0129724208107816	0.128145861335723	0.040273681906953	-0.0523664884814002	-0.203943326489963	0.0199906800699836	-0.0438374507192705	0.166760531121719	0.0205210318841668	0.130446286657113	0.0489953460904879	0.00481864621944188	-0.118471414314873	0.0577155931827141	3
-0.0865052820411697	-0.0103947214751413	-0.0392806107887997	-0.0609077225806959	-0.0116156811478342	0.030616624960082	-0.0537437331716008	0.0647272471968733	0.0748943077287382	0.0207370209987854	-0.0210814872796228	0.0274914083820866	0.0648683346722013	-0.00730587338415278	0.0484286351069661	0.0529484153625116	-0.0692110453635793	0.0282307758224964	0.0278979307034074	-0.036877942346398	5
0.00720296453806424	-0.0460641892974021	0.0130008098837654	-0.063439578754036	-0.131182930100147	-0.0744868794594291	0.1199177667517	-0.00175167431623419	0.03121766491098	0.100218285660174	0.082062723385169	0.0928520193074667	-0.0368027788504004	0.0329651188484434	0.0959874896914436	-0.0935069877486135	-0.0639749946201434	0.0431916436233122	0.0141862686729687	-0.0753478092196224	1
-0.0680278122079296	0.0278964801639062	0.022994532901092	0.00714524315988092	0.0601057719422087	0.0205760449077032	0.0106728954348591	0.0302932673105066	0.103303177956356	0.011147262225034	0.0936019375296138	0.00519595935321424	-0.0245598706813959	0.024045450922564	-0.0399613334941231	-0.0315004534910067	0.000706715260296985	0.101327885693213	-0.0424241063328838	0.0202680550309627	4
0.0199076735806357	-0.173042275460054	0.0850758652713349	-0.0706637621828405	-0.0819634751117041	-0.0801599531773968	0.00393173311580821	0.00843297429260605	-0.0237458639616562	0.0355042304898287	-0.032905463269658	0.0944537981130243	-0.0531259063704279	0.0805104610712339	-0.03125001918163	-0.000407367286746319	0.0297720371029849	-0.0830916477249423	0.0777620741407549	-0.0321378359333166	5
-0.049029496598371	-0.0327919076795564	0.0189278122404019	0.0864540330085058	-0.0270499834914711	0.0371973313739759	0.0526051331816056	-0.0741204646140208	-0.0808723390065983	0.119919193848501	-0.0791647020400351	0.0513354801847375	-0.0479150209075964	0.100821068319559	-0.0839200624668022	0.0967817596202127	-0.201828834142655	-0.0421017093306573	0.0094410958842339	-0.0371511501004761	4
-0.0457853726852874	-0.0641803150106065	-0.0229062582465031	-0.0498065924930291	0.105065544994648	-0.0203647202332875	0.016895130453558	0.0201427321560638	0.0574306124689739	0.0569784104683261	-0.0213810207741604	-0.0410593984069716	-0.139801924406963	-0.00146941486610118	-0.0708522729533159	-0.0736761744679494	0.0726404652426679	0.019832469723945	0.0997758275929122	-0.0749303749063957	3
-0.0102805094641685	-0.109594577359838	0.0254187933646878	-0.0197526025462079	-0.0851367726315009	0.0120630200624425	-0.0502656388270052	0.0201216148227782	-0.115398227238979	0.0129985268969678	-0.0831023736703444	0.0323957715560657	-0.0962646694679237	0.0989876550425097	0.0456495757472682	-0.0391445295737265	-0.0803846085550326	-0.134932148193045	-0.0220512389444373	0.0638674458863007	4
-0.0273143663774991	0.0412704863101968	-0.0854571599738652	0.011142344666831	-0.0222783885938496	0.144430525027597	0.067828032521653	-0.0245512399322252	-0.142913799112394	-0.0207230708970138	-0.0596334765812115	-0.0023793609696789	0.0534414525031378	0.0395178565141908	-0.0837252549932443	-0.0986479681550154	-0.0339768313900406	0.050644563131685	-0.00402072566617549	-0.0753791429389177	1
0.0183018867533215	0.0116652814658689	-0.140311111357559	0.00918870504228057	-0.0948043138675154	0.0749754949075116	-0.122185679505018	0.0423793799176273	0.106431072271732	-0.00601016966386095	0.143122597926015	0.0811950660725325	-0.0572397003110731	0.155172424724285	0.0343282471307796	0.0576810519683085	-0.0303498037194328	0.0596096801438	-0.0609874701934719	0.0335363868061301	4
-0.0974820528499683	0.086859336106755	0.0643985981502571	-0.0414694272308481	0.0102772920142617	-0.0222850884644244	-0.0374971451849227	0.0761062918531771	-0.0908530099059632	-0.0639313905038656	-0.0874198797279462	0.0603289973440092	-0.0369651956075059	-0.0414347784245193	0.0107318168852103	0.032735824963148	-0.0480803368814504	0.0181232421986585	0.075192301550187	-0.0175028708359717	1
-0.000179089323941069	-0.0215638588053232	-0.162477810352731	-0.0576350983430143	0.0543769720318847	-0.0554297358639659	-0.075279054496923	-0.0351944228705452	-0.0167620644500326	0.0596746890697299	-0.025459712522377	-0.0496602706588329	0.0340438507167038	-0.0285242667798019	-0.0457644066159865	0.0884862956954596	0.0569219665495682	-0.115058586636817	0.00133861864386264	0.0360439047576598	1
0.111498571356171	0.0320225655928406	-0.0690849403878042	-0.0207039078356365	-0.0158417669433985	0.0196836628522504	-0.0132865683103589	0.0607732091073859	-0.0509993887848119	0.141886455323516	-0.0799942684299445	0.00468459592343145	-0.0386438365659055	-0.0136742379110072	-0.00705574439528014	0.0778781264200705	0.113578888698785	0.0807584084024112	0.0584257568646275	0.0193564782183235	3
-0.0338903704880807	0.0503951373971577	0.0657446422335674	-0.0664959888676884	0.0559164064604328	-0.0750500491119321	0.0807247577585653	-0.0436178845989985	0.0181572381048794	-0.0400202198417539	0.0502260712474127	-0.0406215608665462	-0.122913804107125	-0.0398172315322197	0.0442852273234413	0.0264859657185386	-0.00338825411973767	-0.0346749366175567	-0.0749795672666203	-0.113469448751168	3
0.0156110908742284	-0.0689253387190176	-0.0354168349626547	-0.0385824053277658	-0.0890262962826434	0.0321774912874529	0.0236958357434792	0.0347264897175343	0.00830464285523341	-0.0158359039050192	-0.0408107473774254	0.049092638113129	-0.0975165878787206	-0.0404715478956076	0.0236290013043354	-0.121175566638252	0.0293453799815196	0.128532890612023	-0.0024625103650549	-0.0412243741519702	3
-0.0650812478617198	-0.0126647165780051	0.0128959648269918	0.0291635466449097	-0.0836195099955628	0.0744356964715699	-0.0303046880791588	0.0409807433904115	0.119214632043156	-0.0117246975423228	-0.0621240637850284	-0.151685921831781	0.0418106898306784	0.0816810628321484	0.13278972231133	-0.136402651848542	0.00582994979647044	0.0111608651273754	0.0494842431913828	0.0380012506999771	5
-0.045899975557233	0.0609952628074287	0.0607030913273821	0.0354237045925248	0.00166227977768653	0.0984193803165526	-0.0593052974227541	-0.0513907452121896	-0.0456521806372717	0.0696709634063171	0.0241519477914997	-0.0214770362617713	-0.0459614116338788	-0.0621192961246975	0.143529219131404	-0.136730353876593	-0.0405064153159864	-0.0163953177718005	-0.182971261536284	0.00617988114830192	2
-0.0496443352274227	-0.029590274445503	-0.150428592802966	-0.00226893346020172	0.0602074677749698	-0.0440055732694072	-0.0824373508591317	0.0290120059768258	-0.051060474996732	0.0870376022484263	-0.043820677509161	-0.0263962258466735	0.0178728777607841	-0.116578661220585	-0.00696520837369766	-0.0662167620678702	0.128547453924442	-0.145791813887236	-0.0260572922155147	0.0982718269400656	4
-0.0303942242956776	-0.0400995407064407	0.0194030474239904	-0.0329334063923025	0.0343671840736368	-0.0217308010811428	0.0521704677172689	-0.0180462081868329	0.0256737324081172	0.016538626532035	-0.0376277806081539	-0.0297724283491023	0.144362729298202	-0.0331706310624543	0.038297444878879	0.0579743339283033	0.00716148613549563	-0.0808451960217205	-0.0237050964690927	-0.11004908386961	4
0.259535988862986	0.0400736835318126	0.00309339880260863	-0.0131943731331926	0.0788624609544973	-0.0439413220626811	0.00819360195170392	0.077751593351182	0.0155408299564491	0.0157865152877625	-0.182319610237482	-0.0101855050256292	-0.015470811540133	0.049093517196242	-0.0568535151693769	0.0874034314165281	0.01657883600688	0.0128007014464883	-0.171199804022416	-0.0802283450855087	3
0.0924724864350855	0.0671222954842679	0.0155473371984466	0.149334436565502	-0.139429131696967	-0.0490416391803482	-0.0675932719592266	-0.316935137452949	0.0830602219752662	-0.0146889947771169	-0.132153294469782	0.040064778575478	-0.0306891079838103	0.0821435413042367	0.0634382859363317	-0.122384519940945	0.0168259089433166	0.0152723819151086	0.0793773961418694	0.0147824340420429	3
-0.0712705806803531	0.0535425820146395	0.042411115077856	0.125267253997601	-0.104808054881657	-0.00621991217759225	-0.154736430958244	0.131338597744619	-0.0124694766719135	-0.151846629740008	-0.0225768574468476	0.0500107025525778	-0.0835967859405582	0.0480775526273885	0.118610731082484	0.101964865527547	0.228148106765672	-0.228287162510567	0.10020481100606	-0.0693038367123722	4
0.0376637548560448	-0.0860931610802172	0.0214769406168845	-0.077804890828532	0.0198868111963143	-0.0233928937720489	-0.0263519625877253	0.0223304491706082	-0.0516378094916277	-0.0318097879841723	-0.0310885958894339	0.0253227766580367	-0.175194883845198	-0.035261715633811	-0.0236483968479544	-0.0452436439680363	0.122339574319641	-0.0720573335216212	0.0537086607453351	0.0021401454808776	4
-0.0885437670387492	0.0258293475410986	-0.0653379714206657	-0.0636245540561464	-0.0513413131102652	-0.0187344871126088	-0.110698648673051	0.0888836908444288	-0.0621892218760295	0.0204107458701788	-0.0266600161640853	0.028006102591319	-0.0196135431996022	0.114037382937088	-0.0140898125680272	-0.0679935645698016	-0.10792763619427	0.0202255731409641	0.0291673558411392	-0.155604199489797	5
-0.0187296435272614	0.0598415446795364	0.0667239070674581	-0.0614372607431429	-0.0397623182162498	0.0119685499248351	-0.0126264632361339	0.010498612642363	-0.143421250782327	-0.0519927546080834	-0.000778422445508323	0.0262265484487885	0.0194038663278822	-0.0501550551512878	-0.0463768475667891	-0.100062255902816	0.10154073250628	-0.016406975513778	-0.13466247828822	-0.0230773858030498	3
0.0358577311676442	-0.00847353359212094	-0.0134035692478202	0.0215337928325961	0.0830805587485612	-0.0551361150616678	-0.105419130794594	-0.172707150154029	-0.0895013872537114	-0.0847209250388456	0.0968650848507401	-0.0112624242897264	0.170327025519242	0.118917985813717	0.134677482356984	-0.104233638444077	-0.0570007718636782	-0.10089633743368	-0.0415925859569959	0.0186702383558086	4
0.0933353465055747	0.0607992735477786	0.0150027445366209	-0.16767357713276	-0.158751505141497	0.00282755384098904	-0.0316553564884187	-0.00811559121023751	0.0152601314740791	-0.0339511641920507	-0.0635360619466418	0.0693119007650975	-0.0224058554891351	0.0247700389092885	0.0535202210451766	0.123819575676774	-0.0053095018797274	-0.0326993148686921	-0.0575739615245975	-0.0105979320538954	5
-0.0229004242099386	0.0455462740800566	-0.126637840793966	0.0407636779236783	-0.108490016043239	0.00928502761496385	-0.128023134931268	-0.125778566120959	0.0922047337707228	0.0114042038302727	-0.0775129607760458	-0.0373143091853152	-0.0864674576250117	0.0725005991106684	-0.133743349997235	0.0127032408485764	-0.0461033311042681	0.0115681029938523	-0.0163746345200706	-0.0465623321846842	4
-0.0781792115322795	0.0508185214143856	-0.048769673658789	0.0354450408840354	0.0687232022895866	-0.0347249844463157	-0.0284494194710998	0.120982836357843	0.0722007883867652	0.00929150520121586	0.102440230117534	0.0813205550568041	-0.0953086331708895	0.0937065584740438	0.0190571905882617	-0.0438484864089962	-0.0200539514496077	0.0301638630689549	0.0547463572183402	0.180165183155867	4
-0.00384273346572488	-0.132167575505096	-0.00754491668003611	0.00455431816485826	-0.0816532547101174	-0.0618711898013927	0.00122572255641454	0.0687784234557468	-0.00607059688611729	0.0751521537158507	-0.0346979748442429	0.0442979440531357	-0.0986128060887232	-0.00626029248161569	0.0389133957781499	-0.0247167633297297	0.0778191416651084	-0.0616419486880477	0.00483663509189191	0.00441467756842278	4
0.0529345100118332	-0.067131666422895	-0.167774474084672	0.0273252661110201	0.0383647333846059	-0.0294469237691975	-0.095429785984857	0.0459423840067569	-0.02958831805477	0.00830536083897898	-0.0419366101463074	-0.00333323767646124	-0.0267520219208181	-0.0823997326244812	0.0972219116760775	-0.0522004510274243	-0.0584569597347836	-0.0552249384537028	-0.0170268689475021	0.0378259807817952	2
-0.0305513219088231	0.0395793082353083	0.08137600057381	0.143958239299193	0.0533809017436078	0.0182694102169279	0.0551312612041063	-0.134299497112471	-0.0134040371963694	0.0660338187929083	-0.0117096329099228	-0.00402873631430245	0.0243088056213317	0.1981917114255	-0.0935455679663909	-0.12598940304912	0.0173553686485325	-0.00239437873139329	-0.0560077020236444	0.0398460074189292	3
0.0144204043302466	-0.064841764267471	-0.141358698487201	0.0252337310179192	0.183729243050155	-0.158040360038722	-0.0213112057477452	-0.122082823895323	0.122285560190611	-0.0194609905662022	0.0892105864743032	-0.00978390404144944	0.00840138869666698	0.113035238694881	-0.0209865178733643	-0.0587749888527225	-0.0154816412495423	-0.0610022150712213	-0.031532595038603	0.0601090295238791	5
0.0936724156755957	-0.132168352241414	0.0313788056407409	-0.0129253052914533	-0.0612466829823012	0.0307270959401816	-0.0165200215710718	-0.067191060744862	0.0170407446068725	-0.037803583404983	-0.00104219727947203	-0.0177206008025052	-0.13717673614038	-0.108168452566427	-0.0797542342211763	0.0801335764637015	0.036837840588766	-0.112897379092064	-0.133731358416673	-0.00276127409625937	4
-0.0480881854418869	-0.0271015928503841	-0.0626818691877931	-0.0494780638152493	0.0979261767031415	0.0490289390005627	0.0322267707250573	-0.00210405318285498	0.0287084207864295	-0.027895776030154	0.0724734661503012	-0.0318032736786574	-0.0330264674714641	0.0767605893735824	-0.155082558380255	-0.0607911491823226	-0.056958487117175	-0.0592303216175652	-0.119517623368578	0.0233068731406142	4
-0.112543160105695	0.113641615596046	0.0365119460654615	0.00429421476284182	0.0334491776285288	0.00692281964384143	-0.0324002480307614	0.000610603426751666	-0.07467235307956	-0.0420324501375195	-0.122976351491022	3.61670255277245e-07	-0.00312396051490111	-0.0305883098125152	0.017518023346694	0.0362529838576419	-0.00620169562510702	-0.0987278968570598	-0.0389795442488115	0.0582392421400636	3
-0.109938952359828	0.0723844044692171	0.0341829428398626	-0.05050074446486	0.0619693835795088	0.0185611351705251	-0.000567218429571512	0.0416247731501901	-0.0352551209897262	-0.126086173053946	-0.0613957815184845	0.00246158159313768	-0.0101887840601779	-0.0360336200702617	-0.0844529412062724	0.0720693110370586	0.00489053462311987	-0.00603116197441541	-0.00689486576472653	0.0620076166530345	3
-0.0272929719486023	0.0578033456573029	-0.0749106507621056	0.188481609225443	-0.0306582835948404	-0.130960373129399	0.126027260733893	-0.0256460668948583	-0.0293715420507679	0.0863930896426066	0.133224550103011	0.15280647351977	0.0716611034853924	-0.0174025585752072	-0.113809840802798	-0.0126062863965606	-0.0235810258055839	0.0522554172738861	-0.0539048402103374	-0.039869238510825	4
0.00839522600730699	0.119579346751553	-0.0536146908256177	0.0815793580120179	-0.0245245023276174	0.0236164339469094	0.0664539956893688	-0.103443373379172	-0.11984879583353	-0.0749927053738248	0.0592242024178861	0.0428530932800713	0.028241535154002	-0.0781745983989344	0.0572799047914364	-0.120215030724902	-0.0350706180151425	0.0255539918973735	-0.134499566950437	0.0342367344090848	3
0.053855399560122	-0.165363567483325	0.0782928211629685	-0.0209826099510379	-0.0513669966437434	-0.0839902650580266	0.0593644660571686	-0.0660144749848101	0.00321066425981446	0.0445001906926714	0.0110638154001514	0.0149813356330878	-0.0830425181509478	-0.00371075957125253	0.0121092807602704	0.0207124041915454	0.094637053710861	-0.0563721930489531	-0.035559594986672	0.0510649578537438	4
-0.0260279447921859	-0.0494877434830368	-0.140983320319881	-0.0409189148469595	0.0829328616663939	0.00458038422469876	-0.00683131404732218	-0.0356445377680838	-0.00857708345760494	-0.0320756708149611	0.0125054592473449	-0.0514290486476201	0.0480243937563849	0.0592999587867709	-0.0170133769505811	-0.0354378350893907	0.119744384732148	-0.0601287390328121	-0.0463377730907709	0.0684241560974902	1
0.00706026558921444	-0.040089216745793	0.0811457441828081	0.0457016564703748	0.182449311591622	-0.0271762361710275	-0.0154551881069038	-0.0241513915563254	-0.00817263760603351	0.0660269171565666	-0.00827430552158653	-0.161034805223005	0.126440326788572	0.075111942373581	0.111029467664244	-0.0156155565167872	0.0642682312374313	0.0188987441342717	0.138986400605408	-0.0444940147777376	3
0.258778527774334	0.0548606910598724	-0.00148789193605558	0.0403251754346917	0.0916953568768727	0.0794253100981492	0.0332138034717256	0.0722338978831344	0.04906988070605	-0.0796794295841461	-0.19616513083123	0.0076633083354759	0.00431822722022556	0.166300025195593	0.0232750531250904	0.0415381353386191	0.0227093585904247	0.0382980231363357	-0.114005696878027	0.0322673129708483	3
-0.000333914614351617	-0.112962186795047	-0.00703831108259319	0.00371669915528347	0.00636766568127519	0.105598137734176	0.0167525070768071	0.031525369043848	-0.0297366461200748	0.0056778071083367	-0.0597365058622105	-0.0627838239021419	0.0209348883900854	-0.113700763684104	0.0607320045080294	0.000880898086142112	-0.0462341309797748	-0.0413354102830736	0.00345653835581859	0.0373181792024213	4
-0.128896389185608	0.0684474302573537	0.0979242252854089	-0.0727583142459955	0.0844050285052755	-0.0232990425618523	-0.0567856504206786	0.0305547061184092	0.0749717253870396	0.0225718709561526	-0.0157776114919061	0.0397441197197078	0.0664413532753648	-0.0280704599473543	-0.0918922813251533	0.13710963534743	0.0147520221378259	-0.0122817154298579	0.0374593737022869	0.0975430228094775	5
0.00532302519786015	-0.0707409989462664	-0.0694555433176506	-0.0821685637765916	0.0245238673585883	0.0840001974105183	0.0729695288990988	0.0231442004444787	0.0590449442098906	-0.053517644469528	0.0624885365242472	-0.0538257098572413	-0.0294647377893005	0.0255661222810255	0.0305668452236725	-0.0552280047634288	-0.0812640815822489	-0.0965030194683354	0.0868271656219902	0.0554887060568122	5
-0.064068303253847	0.137353368716003	0.0833638499174937	0.0307021719674884	-0.0823295237955066	-0.0110110368065536	-0.07546969743847	-0.0957165299874066	-0.0536553953283094	0.22681916034726	-0.0692422981331537	-0.0561405633650065	-0.244889155133538	0.0846570567303535	0.16096038762853	0.00228840215344625	0.018722717764689	-0.0801882626899827	-0.0650416560115475	0.0162252473573839	5
-0.0350759417136627	-0.0270718738501433	0.0558840682334422	0.0161584981205013	0.0978493867936442	0.0577844430626376	0.0011254551189949	-0.0291145360450128	-0.0790224709877672	0.00435945910200634	-0.110740322510175	-0.135130602081973	0.0623229565290624	0.028720750401643	0.00460538037205726	-0.0407205037416915	0.0491551797732686	-0.01086067852906	0.0776732613054142	0.0495545061748514	4
