"SV1"	"SV2"	"SV3"	"SV4"	"SV5"	"SV6"	"SV7"	"SV8"	"SV9"	"SV10"	"SV11"	"SV12"	"SV13"	"SV14"	"SV15"	"SEX"
-0.0418721670879394	0.0590897371927982	-0.0309963686086828	0.0482589978312079	-0.0233381247881135	0.0118240878700629	-0.0519140207737621	0.0109142873552428	-0.0313165999742887	0.0630179739351585	0.0644764678164175	-0.00389711078332926	0.0188959771736057	-0.0216562196921747	0.0245669748582834	1
-0.0319086064449577	-0.0163003511041075	-0.0145321584753188	0.0637369145583025	-0.0378932102316974	0.072858766996152	0.0312902046171802	0.0165992275349576	0.0293218219366459	-0.00668598638380755	-0.0301454459406931	-0.0129525965096372	-0.0476130347587248	0.0278547099171618	-0.0466579970491579	1
-0.0498110212245918	-0.0609573196404922	-0.0223931466094358	0.0367243189031202	-0.0238616705002916	-0.0255120870048582	0.0235809495579938	-0.0376482238659861	-0.00162476221710233	0.00299234901484709	0.0120994925828583	0.000195750340806941	-0.000234669918184691	0.0338403190535311	-0.021031700401426	2
-0.00962271937961825	0.0238567048766214	0.160269883566982	0.0413418095616705	-0.174323133260526	0.0974144988201847	-0.0983098764334701	-0.0322037391195438	-0.054437049285976	-0.0634271874705581	-0.133512178177294	-0.013129009403604	-0.0279895206827252	0.237414545252171	0.00164618406687785	1
-0.0424137858824039	0.05400809733349	0.0103712815525512	0.0322824614207662	0.0810293332305622	0.00492324276322517	-0.0314311233313197	0.0212670072521537	0.00379196551262473	0.0776582651970946	0.0332786480542039	-0.0411833117320208	-0.0468145897415142	-0.0359713591309895	0.0236935074709301	1
-0.0413393702460388	0.0608053596915367	0.0362335384451782	-0.00733371087469858	0.131998331356529	-0.0269995011102764	0.0488364941977998	-0.000840297142212908	-0.0250329492583762	-0.0185631130701454	-0.0258968726517395	-0.008975476491748	-0.0109978860866469	0.0401683678030692	0.00433913887775857	2
0.0568469746528376	-0.0921586085940213	-0.0113401953762107	-0.150858608657647	0.0349465023197248	0.0165222313719712	-0.0445717822482619	-0.0215575845282091	-0.0379165252464558	0.102772059568297	0.0717681102383615	0.0311539895812275	0.0279563828662132	-0.00526652730174165	-0.0757967603009953	1
-0.041607439552332	-0.00539812710307582	0.0392088471022978	0.0482430894781224	-0.0773692385718209	0.0530269087968911	0.073526400279097	-0.0362338734462575	0.00527997224427729	-0.000858181941778224	0.105586890231004	0.026375935254953	0.0823440197157583	-0.0775792929472958	0.00669010866232816	2
0.0680804280296207	-0.0379474098301101	0.0985904992541745	0.0865773586100935	-0.00910211909175429	0.000569041343473409	0.0616581034549438	0.0488594878155538	-0.139375337903992	0.00401747733182756	-0.00252527321603874	-0.0821222632708984	0.00889188089214454	0.011706617979107	-0.0779502622143389	1
-0.0477364874953995	-0.0343181354199603	0.136674418926403	-0.0037885501471424	-0.0416042974370907	0.0865487144454887	-0.0712292118602119	-0.0131829855565589	0.0324273524502656	0.0440827941903061	-0.0251834181012633	0.00583160089771601	0.0716049044150228	-0.0222200326279876	0.118873594094308	2
-0.0299675858290907	0.0736504966219129	-0.0551741058638565	0.027883288500124	-0.0720675807085834	0.0617365698386061	-0.0106182034786077	-0.0933491287940798	0.138969446269248	-0.0184429978352807	0.0300648642987615	-0.0171507676274449	-0.0780771043760443	0.0929667101683005	-0.110374185753206	2
-0.0641458302303424	-0.0718763184069307	-0.00575319472823933	-0.0116248177522298	0.0855776431996304	-0.054727435621462	-0.0614533958045458	-0.00937165331605522	-0.015191450571858	-0.0617706262246998	-0.00502795634852526	-0.0364232256674728	0.0248104690189944	-0.0292982876513655	-0.00704558269062677	1
-0.0503387544395775	-0.0508507934560943	0.257174351522689	0.015674769359094	0.0703591107433704	0.109849127459607	-0.0587748973958012	-0.06302862898587	0.120688704840845	0.0830768267608183	0.00873728312003363	0.0832902552723568	-0.0786613168915369	0.0486002060627852	0.0580014708337287	1
0.0974878375222083	0.0022155153155135	-0.0245036367689911	0.0566721327084122	0.00320572975089324	0.051969764886237	0.0249481038833238	-0.0110365659458783	0.0582008299511602	-0.0414297102760446	0.0517595984409726	0.0357560828122467	-0.0250968785200906	-0.0182497314819618	0.0597589219786648	1
0.0850522834910471	-0.034762782179135	0.0865483545443838	0.044768159578717	0.0071357480249866	0.00436158126419696	0.0634449698455079	-0.0286543334209973	-0.0203526420348421	-0.0933151920823079	0.188746801843265	-0.030728419805915	0.0588701176820312	-0.118963189861766	-0.0317207755638077	1
-0.00702622184147891	0.112965593613004	0.00605639437888613	0.0243008531455089	-0.210693193943446	-0.0448914324761546	-0.113181860236707	-0.0948464090414173	-0.0458598984100231	-0.00186726401638393	-0.044701102072136	0.12591706609637	-0.00418354550657135	0.0134202543899865	0.13201737612846	1
0.0943970369181789	-0.0120146038340512	-0.0285852179742535	0.0189294634726057	0.0361956545771586	-0.00526931566500287	0.046006557679055	0.00424150833687043	0.0563291373426616	0.0421166325298201	0.0697964249108412	0.0191437296038012	0.0111948388759469	0.033344183176298	0.0985948652466793	2
0.104419880089984	0.0471053829649373	0.0564524146711297	0.0211904364116364	-0.119102296942728	0.0134778034714422	-0.0590896469229615	-0.210875726586835	-0.0746475090496802	0.103183559350746	-0.118470695407094	-0.0797844807327723	0.0258827182174481	0.0869021949210578	-0.10321624417907	1
0.0807463499263339	-0.0162164543921713	-0.0212076854364739	0.0200493804070436	0.0235447378651364	-0.0353126008911304	0.0612058689068449	0.0829167937849383	0.0248969799740355	0.0555078199998772	-0.0452729933748733	0.056629054927908	-0.0119502742048082	0.0293977532213537	0.069209646097037	2
-0.0475512899191116	-0.0308811147515342	-0.0410106023773498	0.0105391088918106	-0.0419822057803369	0.0141720362258327	-0.017503299841362	-0.0487811396528036	-0.0475419586005245	0.0469421291006254	0.0583705366995074	0.0604587558277922	0.00891334003996147	0.0383071401540422	0.0137163381456378	1
0.083237506116203	-0.0181522841231197	0.0802593030454448	0.0483463358470365	0.002302965251387	-0.0387005607161822	0.0819486202184233	0.0104956170276167	0.026979026880597	0.00387031214837404	0.104210062935763	0.0227014984211121	0.0479694446819516	-0.0542201538823981	-0.0533814021264509	1
-0.0187372719945904	-0.0315023822357043	0.10940152167296	-0.0306671170188909	0.0396990887735564	0.136070894739766	-0.0120013366137952	0.0760826570970659	0.0539526980505271	0.0171722666918081	-0.0570057487779598	0.000346495173526917	0.0351661851940523	0.00755032375615944	-0.0171819907174367	2
-0.039148773294348	-0.0529879833992057	-0.0434603156082646	-0.0442359468842427	-0.0539117321497117	-0.0420515093693037	-0.0787529002978259	-0.0109115169000669	-0.0396090169880105	0.0398708520031894	0.0656801531307788	0.0454187370040928	0.00365485148591604	0.0443739407469555	0.0572962656854925	2
0.0757307060291068	-0.0121681621184951	0.0543328626080349	0.0716204948633857	0.0300261079644955	-0.15799242529158	-0.0362052846641075	0.023963343929183	-0.0503221156042124	0.0489439113835295	-0.0987678497674047	-0.0871493896736342	0.0372162003721941	-0.00381570124927391	0.0309367514209955	2
-0.0478885013868403	-0.0352708025012489	-0.00939181020660508	0.0802933182159377	-0.0662751284061689	0.0739446157488861	0.0153914670993265	-0.0637172684444624	0.0831640746551706	0.0556380120771182	0.00673702216142795	-0.0123601722767225	-0.0356715389590376	0.00010245266492076	-0.052665893694312	2
0.083824880087415	-0.0512556120414662	0.0418052733591698	0.0266582768010696	0.0357000843753488	0.0448702596911635	0.0152908671822344	-0.0476057447966888	-0.0569637523963755	-0.0691409419337618	0.205399819342681	0.00144955385063938	0.0443383459154666	0.0356007979870394	-0.0298901187667268	1
-0.0409892244924479	-0.000549605628990681	-0.0316766841021468	-0.00198258692528892	0.0223936479954394	0.0197105178777228	0.0303613205101127	-0.0135831266491291	0.0079562741575421	0.0351415574889493	-0.0530970309803703	-0.00169799432880205	-0.00937647159510252	-0.021269543322623	-0.0229370603259628	2
0.0912556228062847	-0.012339239265644	-0.0552070913771493	-0.0368160435916857	0.0391009915537181	0.0194204004027023	-0.0907941167247318	-0.0663732890332211	-0.0580878379397069	-0.0492469270851716	-0.102472133480327	-0.0131149222505931	0.0160377132097461	-0.0502312121463129	0.00236894932715576	1
-0.0330611070352417	0.0284253819235103	-0.0081744400675692	0.0187462344044896	-0.0227330019678495	0.000377144930257164	0.030860111375411	0.0089984059948388	0.0533363415004795	0.0119257340649674	-0.0557983753367264	0.0238182496177398	0.0225232036169632	0.0811226559557074	0.0177472682392875	1
-0.0312701581109725	0.125787797420313	0.0321184131558492	0.0529050394731558	0.012794879697521	-0.0206246965496218	-0.0972841852571024	0.0223812960292587	-0.102247147777853	0.119041345558075	0.0135454767844534	0.0350251831145595	-0.0627244245602814	0.00551570329720088	0.0861066700016393	2
0.0341114965931393	0.154399647916114	-0.0193893204764345	-0.126489114939746	-0.105288701704215	0.00690884002115294	-0.0760688302039163	-0.0434776413481291	-0.010554834078571	-0.059114771395451	-0.121679701053526	-0.0826961278626861	-0.156471483964938	-0.189466608220482	-0.0412228431180941	2
-0.0413489538601241	0.0210475531860743	-0.0182911546087243	0.037837526694733	-0.0115861715819109	0.0473187857892076	0.0771662425625401	-0.0611226690995757	0.0259315704609598	0.00290513262249046	-0.0532904592445143	0.0534469082783873	0.0200475712633532	0.0539532947982517	-0.0208850254602501	1
0.0873151304248932	-0.00363167820634848	-0.0196707624830022	0.0827693648246269	-0.0219296980646175	-0.107208391537456	-0.0606552642021334	-0.07087187150701	-0.0387654049450299	0.0328634528402971	-0.174973583361106	-0.0463480199173255	-0.000165078315909468	0.0368981454970636	0.0367509784391533	1
-0.0131641509527268	0.0971877623548096	0.00328356871045497	-0.0214980881209441	-0.0232145717679928	-0.00941583050257478	-0.0050220140098972	0.0601688035421253	0.0460750880590409	0.0423270433889007	0.074301481932359	-0.0939390496433681	-0.0504108100035406	0.0342139832112064	-0.00494963025255711	2
-0.0424212116542338	0.0197568457045304	-0.052297578911517	-0.0309758366095684	0.0243686130572534	0.00198272375264793	-0.10604163453079	0.0201935470274257	-0.0130431540117153	0.016628745999216	0.0276723497376792	-0.107181139110025	-0.0294000169153551	-0.0366455291569939	0.0273594009947552	1
-0.0446284409186872	0.0451173320841806	-0.0257021889532014	0.00989592723107867	0.076208603919132	-0.0262638795973334	0.0315341482608508	-0.00924513740843528	-0.0362885720473782	-0.0193077347153936	-0.0671503351467101	-0.0146031222437151	0.0463680711286436	0.0113669145597041	0.00199470511659986	2
0.0862927405779467	-0.0274001122368688	-0.0284880292819165	0.0635286932871328	0.0174024101594962	0.0190042032290509	0.0157875181479176	-0.00275935965533323	-0.0569813236937902	-0.0196198660937781	0.0174630311377545	0.0978352039664249	-0.0329021291639603	-0.0227955444567662	0.0196898073038508	2
0.0325701292274626	0.0227594498820358	-0.0696927365894452	-0.155973289499668	-0.0824736503440868	0.0195291914297221	0.0558400022092824	-0.00812014980857331	-0.0219130448416494	0.00207754731137518	-0.0469952821784729	-0.0391857976564676	-0.0899716058231693	-0.101650431077889	0.0566924336937885	2
-0.00405873504701454	-0.0405632289574236	0.0202748030544294	-0.112924255612925	-0.0514205583142973	-0.105790436446102	-0.00292319414974632	0.0353851290436081	-0.00269922774212605	-0.00211990785418934	-0.0136263255704498	0.011413938593056	-0.0523723076094811	0.00698873749359168	0.0688867888390157	1
-0.0469650806643127	0.00896150452962979	0.0509131539916495	0.042083355254664	-0.00442868268949928	-0.0579010151170133	-0.0250997624094513	0.025138799880385	-0.112479295260306	0.0410819292060309	0.00653450970630091	0.0967095358582606	-0.0351456275272903	-0.00301631496341241	0.000797105420303139	2
-0.0411650313739191	0.00074430510084521	-0.017012602577464	-0.0153598612854654	0.0480673943686789	-0.0239399711086116	0.0732341222113469	-0.0149741730105105	0.0555362525671765	-0.0682405311488917	-0.0553750569479787	0.0362689865255447	0.0116570091764958	0.0106069249947065	0.00416862940324552	2
-0.005151156794318	-0.0263612302230021	-0.025578515413445	0.00229111533987252	-0.0532023635686833	-0.0411736497440141	0.0853829636593732	0.0983169754948116	0.0593183489269613	0.0116198878570794	-0.0485999181678914	0.0302272309164254	-0.0332643196906287	0.0447023785629773	0.00767433301040772	2
-0.0526413810305391	0.0301678951921191	0.0258222248989466	0.0685578840720512	0.0625090329224679	0.0121533805062172	-0.0280720111288468	0.00953016418492545	-0.0233117109452545	0.0724279573004358	-0.0145080252759291	0.0537066835050351	0.0244714728979183	-0.000777244009032485	0.0089127403532754	1
-0.0556970542849572	0.0344470948784054	-0.0487689614282754	0.0527457614033576	0.0290201529095522	0.013053332170369	-0.0836546487941156	-0.0332876098081901	-0.0105826518194441	0.0613312205026253	0.0549056691967106	-0.0312752532769197	-0.0439173751751479	-0.0412555941941984	-0.0257848373202907	2
0.0937447783580146	-0.0456731958275519	0.0557110672795872	-0.0361244370343865	-0.0247092621226121	0.108413464933234	-0.00492576654173776	-0.113192084949544	-0.0990327744962222	0.0503833985702237	0.0307745515010947	0.00810254250676134	-0.0624611376887639	0.0848701857474276	-0.123617423840726	1
-0.0530909241068401	0.010534835508341	-0.065354729343438	0.0318994895954898	0.0151668498537775	-0.0107434754547383	-0.0805608079687302	0.0199230210243746	-0.00529924360525403	0.0835845947516304	0.0772970933433921	0.00765809313263482	-0.0271104531292013	-0.0943434264071445	-0.0400045398772807	1
0.0904949146530037	0.00154658370280603	-0.0396912598505657	-0.10004409149146	0.0240541337959337	0.125459306617534	-0.0631446753064463	0.0324898669951227	-0.0158168549892007	0.0797421701522073	-0.0408743919052045	0.00974604459491221	0.0632239643802598	0.0411519937286472	-0.0631789747350135	1
0.0888185097227907	-0.0337282882037183	-0.0204955270996711	0.0592431032124294	0.0312352139551912	0.00199792140730439	-0.0182152879070645	0.0218513816961701	-0.0171491165832336	-0.00387809804552004	-0.0324050051215509	0.0946426048624666	0.0136546748349077	-0.0674791196644073	-0.0248831105487725	1
0.0693581438767064	0.0151721598016815	0.0199870076142482	-0.00224534627090156	0.033281001351483	0.0196888479936871	0.13835609428468	0.00655398117890674	0.0334437057885354	0.100623034362012	-0.0230483451365086	0.0772971907241575	-0.0389972821415077	0.133647728495906	0.0701597641431317	2
-0.0499509839546039	-0.0316598991159561	-0.0372457685630591	-0.017074109812443	0.00768479133016004	-0.00254846135046631	-0.0797278413399675	-0.0302978810059548	0.0286105012137869	-0.0532698759568816	0.00146813550659802	-0.0813895858263859	0.013367994463713	-0.017277900598683	0.00486907141398652	1
-0.0550721276636084	-0.0270478549101471	0.132247561020332	-8.84391241842024e-05	0.0299285273899651	0.0875028059118867	-0.064599200267113	0.00414448646294478	-0.0166641975543371	0.0813576185131717	0.0164765965773529	0.0484731501474809	-0.0169770442526125	-0.0286182780163924	0.140105586828229	1
-0.0483658549446025	-0.00125782053187427	0.198575176851815	-0.0231582647504397	0.0787675011365419	0.00134101444946284	-0.012330842771054	-0.0710091444397606	0.0238518193616134	-0.0889979913322509	0.0406638289479594	0.109848522183329	-0.0930500023506962	0.0441086825746748	0.0117503011104487	1
-0.0404083137378132	-0.0593942014057071	-0.039197728383728	0.0143863976953482	-0.0678310764769529	-0.0112240184303954	0.102609203377837	-0.0335860424440026	-0.0483349729213019	0.0402054589045464	0.0681998015661138	0.0472001725551073	-0.0283412546692824	0.0363523708305561	0.0182138082787868	2
-0.0091060558829404	-0.00756045595352839	0.00543765561348614	0.0485793158523518	-0.108127021617132	0.0528125243139563	0.0731028528126686	0.0671408042794409	-0.0656115707124519	0.0185704352874442	0.0328942672934508	-0.0371820021050089	0.0141962674741562	0.0361183527703503	-0.0419430670167797	2
0.0844367219255252	-0.0181213130297627	-0.0331238664888114	-0.152748728330399	0.0167904373872803	-0.0044406817646905	0.0267978092636031	-0.108152364629831	0.0372588278000763	0.169615521267188	0.0356203178525514	0.0375680862353526	0.0582386033727167	0.0720118433939907	-0.0393386475163925	1
0.00801617949322943	0.103495269404731	0.0563754524345192	-0.0811166981217607	0.0272685821244639	-0.0479437197328207	0.190006024486106	0.0564785146502088	0.0203948347810324	-0.00149574623032058	0.0130978096705459	0.0322806753370455	0.00328496880002731	0.0595256950342153	0.0371160813696521	1
-0.0281120404685733	-0.0344141656645393	0.164695176058387	-0.0479313485696477	0.0607190834763607	0.0834034708562693	0.0514011799578802	0.0140265102103553	-0.0108180505331365	-0.0367414301185365	-0.0718500919883892	0.0513703241171135	-0.106639893711225	-0.000387087672550047	0.100101357745321	2
-0.0210871814026372	0.0594110638058329	-0.0229434128962417	-0.131148661303276	0.0378183675311536	-0.0668680848616264	0.0055466275191346	-0.017498714094554	-0.0579621148103701	-0.143311887480701	0.0636004561385025	0.0181610930996924	0.0339729014010357	0.0595983898097541	0.00880113531383183	2
0.0853225384294656	-0.0294336322528163	-0.00497012889281339	0.0879966716139641	0.0318793042186583	-0.103512849607844	-0.0612773250088829	0.00491307169826806	0.056294985257955	-0.00673378576431997	-0.0791434964813189	0.0591440883425903	0.0141176826844558	-0.00660363486945908	-0.00328583448326807	2
-0.00689503682523895	-0.0768429446739618	0.130148580649716	-0.0964803003964748	0.00996317730187231	0.0732997281409418	-0.0508456935675599	0.0640428350313964	0.0349825947861105	-0.0184623154165774	-0.0286313387288635	-0.00591663382416976	0.0234569791931273	0.0152219817911194	-0.00418696130733116	1
-0.0594495195417143	-0.0792615664744181	0.0447454499727227	0.037010769242693	-0.0529884250565504	-0.0572989336129664	-0.0560352132296023	-0.108784591795396	-0.0170774178712402	-0.0362103694503749	-0.0209472401357481	0.0583615855774988	0.0143019089098597	0.0698201564603508	-0.131982032913284	1
-0.0414052608470451	0.0619219501530243	-0.0591885265598595	-0.00587418791769317	0.026400568349831	0.0409791999479496	0.0638818874973737	-0.052602910280096	-0.0450173183581669	0.00740479571817228	-0.0146365311541216	0.0278990443205164	0.102033143551346	-0.0481125642011313	0.0301874185162492	1
-0.00493779719774925	-0.0860098089990551	0.0562133285924118	-0.0591197776789224	0.0198058347868642	-0.0262572994753671	0.0235448244222204	0.0566148737071862	-0.00639721334144718	-0.00546176649460841	-0.0157274540754162	-0.00733052604588593	-0.142025354678027	-0.109758660287326	-0.0078763214200176	1
0.0789835779471836	0.0110104148197082	0.00534842439723836	-0.0476669566897389	0.00936995616528263	-0.073995826903204	-0.0782690773354647	0.0538328158436915	0.0886807192950447	-0.0518079008244731	-0.058505193829508	-0.0326391427450288	0.0407212061483039	-0.0347846675599804	0.0296782558099185	2
0.0893255040254943	-0.0230946572234544	-0.0257369650088408	0.00265089372664983	0.0403928323431618	-0.0178001147819344	0.0524341572355107	0.0135917443035773	0.0491932816224462	0.0264894217855474	-0.0320937744537063	0.0503637574407603	-0.0420839382567949	0.00674462508914178	0.0885233808550603	2
-0.0388586097369144	-0.0244150606150812	0.045098362550009	0.068765085219721	-0.0884087848968818	0.00108056642158735	-0.0191631479706982	-0.0215068511750618	0.0446599343541737	0.022031147028117	0.0564597227748625	0.016872647055514	-0.0302807407882073	0.0142761306827106	-0.0980167487918422	1
-0.0458816583250173	-0.067976391573881	-0.0101255463389123	-0.0365837923836689	-0.0488788156548504	0.0286194130738299	-0.028292841993768	-0.0730071874516423	0.0494916017831673	-0.02337323873238	0.0618308679207678	-0.074148347924336	0.00371093445592088	-0.0949757992796409	0.0884193596171336	1
-0.0366894027274498	0.0439802578184644	-0.00771996786032062	0.00133065317110945	0.0101010148925334	-0.0396183403388533	0.026075443328681	0.00165533689415362	0.00566204836633763	-0.0559261656656306	-0.00718222906600692	0.0909596632392329	-0.0473083038448335	0.00403924155814287	-0.0271613564026725	2
0.0366317443972426	0.014023260022	0.00336567087058367	-0.187604776796749	0.0160548585565769	0.0460603222968952	0.011058424734748	0.0447168031605081	-0.0441278468210223	0.0288417043355227	0.0812232607311039	0.00828591308590149	-0.00580503904675835	0.0500550406592117	-0.0378226248847915	1
0.00201782815432499	-0.0609134412056397	-0.039812427787752	-0.102419092412582	-0.0234181670624915	0.0465068857397712	-0.0620158018693922	0.123566697158385	-0.0760627592986931	-0.00224722359482834	-0.0179553638931057	-0.0241474614995918	0.0650636085481976	0.0017658272671716	0.00783019641039409	2
-0.0220482284580541	-0.0174072100758516	-0.0260221766989335	0.00738410967461373	-0.0834194717248348	-0.0616344916028448	0.026237890639696	0.053583830485557	0.0824493221299575	0.000212775647464876	-0.0157694854600993	0.0496214132376983	-0.0376229861469522	0.0653227941145885	0.0226359217900417	1
0.0997493952189263	-0.018891879544178	-0.0637038616853368	0.0372401087524068	0.0309921247411026	0.035683859696612	-0.138470323483341	0.0440013315518413	0.0924562868226801	-0.044333312057131	-0.100513784235248	0.0840474065467679	0.0518370094249462	-0.0183507177838974	0.00460254938076711	1
-0.0440349433340571	-0.0182100629629277	-0.0313520106277041	0.0368951204718355	-0.0559779068490088	0.00641679896581162	-0.00259749152678169	-0.0349849606617361	0.0478948337522053	-0.00669193214642419	-0.0153083656345931	0.0181594609196301	-0.00564811622377015	-0.0413945924546622	-0.0197988960098451	1
-0.00641661357401401	0.0443916451085442	-0.0225026292420049	0.0230485282686589	-0.0039746722949114	0.0521367191243005	0.00163612236584125	0.131369408717555	-0.0436151132416571	0.0517901529261752	-0.00619658555646964	-0.03132335043012	-0.0522293873100974	0.0061715547488693	-0.0491640268201151	2
-0.0448823813670885	0.0827088200947266	-0.00179268448672987	0.0196605567647095	0.0814435918547833	0.00160420947909134	0.018960264652819	-0.00296883943134329	-0.0269969827532768	0.00247391992864932	0.0645678745649727	0.0397552448538269	0.0504532231540585	-0.00527529186453381	0.00147112161489542	1
0.0927988106706021	0.043684171903048	-0.0119757360486701	-0.013766352314104	0.00616894532370929	-0.0515843813213919	0.0474978954821226	0.00597695010013479	0.0732244402983107	0.0172614932805253	-0.041024088515318	-0.0360980781378126	0.0267253328520766	-0.00969457874940196	0.0795111712014272	2
-0.0352643841127957	0.00800241459588381	-0.0266990948211711	0.0150818711798215	-0.0143226132803845	-0.0252926285453431	-0.00347213992487589	0.026528560111306	0.0500129833827724	0.0307899937772981	0.0443447758543899	-0.00825778902847924	-0.0660513196597559	0.0476952916158366	-0.0198563331858887	1
-0.0521519763821616	-0.0566851297417734	-0.0204376751770597	0.0807067551503515	-0.05186710315554	-0.0862836149491267	-0.0863739608332171	0.0815483273374028	0.0745584057430081	0.0448816717321995	-0.0901714126629698	0.172935466861564	0.084350878873329	-0.0311818202351737	-0.0502644906054511	1
-0.0555371064248575	-0.0113761273522822	-0.00267561963549586	-0.00977895249332911	0.122663395321792	-0.0286556860650619	0.0606307244249966	-0.0647287493414926	-0.0585572501876186	-0.0888626887269666	-0.0136272474193842	0.0328415921159786	-0.0360727572483307	0.055388747874487	-0.0174690571659898	2
-0.059346831880018	-0.0716575746815097	-0.00481882680151803	0.0576054415576058	0.0658692874175215	-0.00466297804543271	-0.0257778106542672	-0.0144144655456503	0.0750819184566031	0.0291403451431299	-0.00816871056670537	-0.080955207103983	-0.0264008033653132	-9.21875292242281e-05	-0.0599881344838137	2
0.0742683838752329	-0.0222773551352979	0.0173085938954678	0.10305120974455	0.0293037338765917	0.0524318522479496	-0.00259138964764943	0.0588874780798761	-0.08391598575143	-0.00451766617007106	-0.0589585966518718	0.00892117580181507	-0.0683265270951418	0.0204669838275569	-0.0531172652500655	2
-0.0444990043666248	0.055082180492955	-0.043966944041202	0.0479838505257013	0.00522264867304774	0.00349685884849085	-0.0542818930072574	0.0457599510393619	-0.0558273453519047	0.0857380131710084	0.00150947420184279	0.047943342507147	0.0334088950093389	0.0276875744655373	0.0237721911570694	2
0.0861313156664415	-0.0146143600294938	-0.0557994092763749	0.0587459109313401	0.0233476295130707	0.0648320460144061	0.00802383690949935	-0.0158250180205812	-0.0242160057628107	-0.0346221070403722	-0.0378377574478012	0.0732128978326951	-0.0983077690064757	0.00612603890222882	-0.00679239120164834	2
-0.0558454756959045	-0.0380329600459839	-0.0531602946293539	-0.00689079357312677	0.0141607341238367	0.0313549766696897	-0.0265718409851192	-0.0730970298006201	0.0249356171533803	-0.0653881408522863	-0.0333234220815068	-0.0771652406772649	0.0161941368362764	0.00517529888851074	0.0154404603284893	1
-0.0610924965569505	-0.0936601222441394	-0.00789158239496207	0.0143609462425393	0.0729167842225349	-0.0145487832758524	0.0346731749379628	-0.0243097802951359	0.0154037170981648	0.0049525990880257	-0.00968825871414946	-0.0498341921715159	-0.0230565931883543	0.0249014567729452	-0.0565957093023633	1
-0.0627616098405963	-0.0714255240075242	0.00701024221592701	0.0334495924234352	0.100595872802793	-0.0311784577571941	-0.00608633285398583	-0.00914608081719746	-0.0105167935460105	0.0493364249321015	0.0261475182830607	-0.0348752132220477	-0.086995284087846	0.0371448315156569	-0.0416400836273007	2
0.0952508229550093	-0.00901131109741926	0.00878803899305357	0.0961661281446951	0.00855551668084651	-0.0454230685146866	-0.0393216280517039	0.00889559735345606	0.0324119187134765	-0.0183603144399145	0.0177901339322719	0.0306076088434885	0.020811156233074	-0.0464938513623414	-0.0130322821364952	1
-0.0144894428126451	0.0518519619995469	0.186900701368947	-0.0625548115481143	0.0101367454045981	0.011268730676709	-0.0182075721322115	-0.0451232661283721	0.0313621079853729	-0.000360860537087308	-0.101693493986746	0.0797614613891465	-0.0551802273690832	-0.106993941243376	-0.0179716888614406	1
0.0531810305869228	-0.0145786132210171	0.0512041270531692	0.0326745443880419	0.041712122238691	-0.160254250044133	0.0416588677985565	0.029918148723313	-0.0454072575703957	0.0921605549991126	-0.111234020430998	0.0433142834646955	0.0594550696746352	-0.097446536165069	-0.0868900366266015	1
-0.0433882043896861	-0.0149534087149132	-0.0563558705888603	-0.00858161603911996	-0.0508257808088791	-0.0112873592605391	-0.0647066751473934	-0.0812624833481871	0.00938821221830655	-0.0815842633275288	-0.0569083702460344	-0.0515833892714169	-0.0492244870432681	-0.00534916032448978	0.0488205984292703	1
0.0680570201620454	-0.0916488297521948	-0.0326917034387156	0.0836961390483511	0.0881861343869429	-0.100086808263043	-0.144280205814362	0.110971061860002	0.0211929876352778	0.0199702202115128	-0.126268068159509	0.19099965018805	0.104266750207127	-0.173495627036756	-0.00848380370021959	1
0.0896996536644367	0.0307697020192311	0.0683268241838119	-0.112827197255668	-0.00298412803335688	-0.0633809118087758	-0.0422444187159977	-0.0666587094125465	0.0257169530753691	0.0581724988786047	0.02661369506673	-0.0293076873856062	0.141946999492961	-0.0156423293879533	-0.0785781218407949	1
-0.0390915124153832	0.0235495764238255	-0.0151190640441191	-0.0417162410062817	0.00972036290334248	0.00262242790036317	0.0096889703905337	-0.0352523276322268	-0.0482516922074824	-0.0176540705362858	-0.0397656241185469	0.0334034563085042	-0.037246823362765	0.0414641168009294	-0.0319572334373427	1
-0.0435042879279526	0.00640484876194044	-0.00994780015802239	0.0291782553472184	0.0162701453154696	-0.0186236573307278	0.00278404705976124	-0.0265611189180274	0.0836865630854776	-0.0351759852549677	-0.0189096286725341	0.0133729256407993	-0.0758379495462271	-0.00460926211052781	-0.0795239112958387	1
0.0357389984647899	0.0206403708493892	-0.0386686744745231	0.00220021533872266	-0.0462632833203126	0.101827038901692	0.102673670149724	0.10240597935083	0.0750935318420614	-0.0109692317517631	0.00632571835267023	0.00472068578862832	-0.0252131879885198	-0.0679519072940541	-0.0590525611239875	2
0.0884177793253555	0.0449912834188496	0.135095105688338	0.0780996121778233	-0.0436923086896243	-0.177873344409416	-0.00958838351042317	-0.0552077209672019	-0.0127843068108683	-0.0240710978788495	-0.0448951719743648	-0.168328969265617	0.118510122738474	0.0346062165021351	-0.039027000338883	1
-0.0194187074442658	0.102477747546045	-0.0406036161292475	0.0061489913368121	-0.0398869913409178	-0.0391740660868704	-0.027705914307186	0.0649945031144002	0.042888042670286	0.0218081915794285	0.10425109233297	-0.0360518468951555	-0.055953001154732	0.00300381148728165	0.0239194628876087	2
-0.0531438732351574	-0.0338612163226213	-0.0111303946225225	-0.00368111614414518	0.0449287244009138	-0.04154776039259	0.0126107040477326	-0.0312478948132473	0.00400535821660234	-0.0551059938178653	0.0245312348984641	-0.0086043598949391	0.0124485460748241	0.0166692085703802	-0.0493798186932972	1
-0.0578223976843658	-0.0534391438186963	-0.0287941806647578	0.00740735807700542	0.0811030952319664	-0.0149177576568705	0.00663873955909402	-0.0457871047213924	-0.0218169328035909	0.00482162583463021	-0.0321118848987045	-0.0518904910714401	-0.0534305964375321	-0.115334952042982	-0.0548011225604739	1
-0.0594754577819163	-0.120146220112908	0.058399278956434	-0.0159798495764409	0.0670311641642337	-0.0912759488873875	-0.117033766524445	-0.0665766201606659	0.00871650530526319	0.0101075686081591	0.0260523198044011	-0.0238668996739234	-0.180196778622493	-0.00556505244298577	-0.0945359477128288	1
-0.0418569207078572	-0.0546940899450096	-0.0299251721429739	-0.0543070280819527	0.00779631289177915	-0.0274630629382628	-0.0129851404418399	-0.0188322184333341	0.0187199853153957	-0.0795246949503365	0.0239303680782885	-0.0766373738460999	-0.00499079101234647	0.0726638145771681	0.0173940912721761	1
-0.0172724032486356	-0.0473719987107345	-0.0264214541832297	-0.0372584600927298	-0.167514301251445	-0.0149449869029531	-0.0723425217480757	-0.00384394281883581	-0.103843545108852	-0.00574984628633251	0.0820518835142318	0.075006727069258	0.0656155785292871	-0.0792908019329256	0.0744196054907537	1
0.0358292050789619	-0.10698682659901	0.0206227186998885	-0.113942625060926	0.032274831772031	0.0119301840707053	-0.046298244392107	0.0483216098762522	-0.110864358206429	0.0550715010079154	0.0429279445870708	-0.0319365850643605	-0.0240754957019618	0.0752626248927221	-0.0487493498387781	2
0.0967726652368207	0.0182660085778372	-0.0166183088336211	-0.0289876847385587	0.0157684458678317	-0.0121116474628356	-0.0329299964595073	-0.0343323838302778	0.0654703999257144	-0.0627459469614751	-0.0557369848361411	-0.0208511413346664	0.0645049933187536	0.0482605966058765	-0.0799212754714052	1
0.00671886555340211	0.045357518619829	0.00572593980840583	-0.0486826125106721	-0.109874287965346	-0.00167620251453449	0.0260270927442247	0.0695720996212239	-0.0508891766310763	-0.0628172797848098	0.0638728952967306	0.0529658411075253	0.0228175600640959	-0.0586990111782138	-0.034525118393323	1
-0.0165407207998542	0.0796556688331808	-0.0421598964365449	-0.0260512627588743	-0.021714358072535	-0.00951778770483926	-0.10217010335104	0.0979914586078372	0.000741867975060152	-0.00536339205629683	0.0338945812111773	-0.0827733623952803	-0.0294202089806423	-0.020240556648044	-0.00813900489082211	1
-0.0205340922325576	0.182383418398745	0.0104731130478919	0.00886000017673499	0.00863872360240716	-0.0259125879521333	-0.147272885405256	0.0131425964352441	-0.0158538375903861	0.0447230014027657	0.0576438239047975	-0.0279288942589472	-0.0674045380764943	0.0990591624500621	0.0264247023397071	1
-0.0266447235379136	-0.070510509904877	0.100345451981953	-0.0304642282680539	0.00349429453122393	0.102741544561224	-0.0629484531551252	0.120257215311401	-0.0208498151217755	-0.00450839170304697	-0.0346915139760522	0.00211117033596619	0.0566879943881108	-0.0249044926969521	0.0843035922037234	2
-0.0217088102201354	0.0247875322015841	-0.018453824252343	0.016055627816647	-0.00819804663421354	0.067956815514515	0.0479139247723311	0.0461377913167873	0.0507542525464105	-0.00714721098575439	-0.0450547655982845	0.0235827316910765	0.0268982280102116	-0.0600720158774809	-0.108204321127186	2
-0.0329727510736813	-0.0592334504815628	-0.0450630374060808	-0.00283637386982236	-0.0657485792462392	0.00236244217525712	0.0152320288184226	-0.0398997741805311	0.0725194250115265	-0.0134251436827316	0.0554044643595385	-0.0129785758964016	0.015994467661137	0.0176498495330223	-0.00778896417847648	1
-0.0232246469591435	0.0527074785826431	0.0220116040220643	0.0276731696045241	-0.00121353850813635	0.0624070993102368	0.0774633307389272	0.0235941367012013	-0.0100115638197076	0.0527236436943047	-0.00881841609297264	-0.0711382361619935	0.0510517804221608	0.0167400369329878	0.0162381846916175	1
0.0249376116513184	0.0360869061454271	0.0430135632701761	-0.0678312522921091	-0.105229506698821	0.00284083185681158	0.0833612075320228	0.0161973725572861	-0.106302009948677	-0.0164709899019099	-0.095270893829093	-0.032241854398553	-0.0225434958658388	-0.0165185707185658	-0.047305557031102	1
-0.0656058671895849	-0.139510078576307	0.104597871951852	-0.02972872495663	0.0732411466492371	-0.0137802731314014	-0.061367083003852	-0.0652347458485704	0.0290042836720123	-0.0669148641826703	0.0847816291837591	-0.0609729104106731	-0.0696496231881833	-0.0775011743178231	0.0471689340245801	1
-0.0113457174684585	-0.0875618837217731	0.0191548176378342	0.0353283137003869	-5.76927841241823e-05	0.00845514973376264	0.0323128890853533	0.108691318466319	0.041554070569398	-0.0650590779233765	-0.0473346117204188	-0.0371148245964925	-0.0717995336033082	-0.0223483588336839	-0.131425585843406	2
-0.046267965103959	-0.0198654304188817	-0.0469091863010121	0.0507764086579711	-0.0249149261044041	0.0123267568605333	0.0170982695021559	-0.0227683990137407	0.0120647391633141	-0.00130720557051153	-0.00807817721647107	-0.050800421757214	0.0050853523211202	0.0231377437012559	0.0163852842642071	2
0.033144903640489	0.00751373682300907	-0.0298730497015765	0.040116208705771	-0.117790563740847	0.0567493948394815	0.0555663656575391	0.0824450212489693	0.0748885096530548	-0.0404184188890343	0.00598805837208259	-0.0129148739044741	-0.0598323357937087	0.0166061442926075	-0.0583692917234104	1
-0.0434652423269301	-0.00203465725599472	-0.0186968608834568	-0.0178091966030754	0.00992115382981767	0.0159162590254233	0.0133466366409135	-0.00682248784612106	-0.0378743375335884	-0.0237722522308327	-0.0509622321154324	0.0264906182614064	0.12905346311089	-0.00254353938822166	0.0108419901310683	1
-0.0209925567086351	0.0151627962274877	-0.0265154183752927	0.0642499734686357	-0.047102488717357	0.0668852260674989	0.0643016276704146	0.034378822664161	0.0361449654821826	0.0259431268676728	-0.0923578024249396	-0.0168140379834473	-0.000327900250254009	0.0564186414342685	-0.00933726180633425	1
-0.0460041292201452	0.0569128707727184	-0.0353386825391587	-0.0351508092805377	0.0604864379803195	0.0410444048158417	-0.0239512902356268	-0.0684393179298944	0.0293144709922258	-0.0694154596805012	0.0235774328170605	-0.0448209462534923	0.0199580622094762	0.0158623797621527	-5.85181631366722e-05	1
0.0933269752381602	-0.0239696855065032	-0.0470492383889482	-0.0500218418807726	0.0359261780587441	0.0949064328656542	-0.0897083009563202	0.018226692219931	0.0632488091119814	0.0374609168024112	0.00773245194007931	0.00923751563380029	0.0581193286950019	0.114204073959795	-0.0682983389587925	1
-0.039473427836006	-0.0574326601818937	-0.0574852479272005	-0.00717263028339464	-0.0296961856057133	-0.0584416378912824	0.00854066348306542	0.0413746233500989	-0.0657411649089164	0.0614719913812751	0.0499138562905996	0.024517970837632	0.0480925506247709	-0.0382463044014035	0.0249183939254869	1
-0.0452841884495846	0.0410207863648176	-0.0285455076425847	0.0432712894937408	0.0566593028610021	0.0568852734269855	-0.0358159394924622	-0.00815480175633246	0.0424746850848376	0.0758601303139498	-0.024140648726189	-0.0961883456751653	-0.00773638182906035	-0.0283773045892377	-0.00791188922886635	2
-0.0499892572732363	-0.0307817374584047	0.0471939074508724	0.0788061541682155	-0.0454061737085139	0.0113825473622905	0.0282433371311126	-0.00296783579143947	0.0469898523058361	0.00994195948478945	0.0254855803815237	0.0611151928315547	0.0475177574077796	0.0283871818039716	-0.0268092682315995	2
0.106188295110008	0.0230543874985082	-0.054701714906033	0.0134951193378482	0.00327528065209368	0.0804382686204576	-0.0041855147785361	-0.0440114898596248	0.0660419907900862	-0.0489057041021891	0.0476351519408987	0.021132285514309	-0.017619095738579	-0.0291573251657939	0.0622607111309593	1
-0.0321811086051356	0.126027926851405	-0.0423834809310174	0.0430974352582509	0.0372549313028513	0.0217583273245532	-0.066737908951682	0.0492855899848466	-0.069852351737028	0.115511792640292	0.0321443269470859	-0.0764362658829234	0.0243695591442909	-0.0223445922008382	0.0817182916422324	1
0.093669645080394	-0.02887539032266	-0.0291556159548308	0.0353392266520015	0.0460521875702227	0.00361517709782209	-0.0895018423766908	0.0605825624211502	0.0204862165074081	-0.0477073392198914	-0.0117133809507993	0.0804174111225715	0.118542484016646	-0.0638516248145585	0.0422175106060852	1
0.0985047359242285	0.00496683820693864	-0.0658446156375327	-0.0825739396273297	0.00673245092728485	0.0586600027731163	0.0300558017025703	-0.141666475747819	-0.0324556025537269	0.066225124053706	0.0376809811645088	0.0758518948048843	-0.0527766808042911	-0.115172310917711	-0.140996522078219	2
-0.0109144163765374	-0.219381355836864	0.0791622452949421	-0.0906073484358968	0.0226388659760911	-0.0539193902769718	-0.044516403922769	0.041443973819246	-0.0489272040120277	0.0870041781828182	0.0750126565120864	0.032326113085338	-0.0950279347633378	0.0302337090068724	-0.0327571889285914	1
0.089899818377478	-0.0276145873651253	-0.0362274890759228	-0.0423953568921333	0.022974071816923	0.0363967341976362	-0.0568924393782818	0.0345794317139075	-0.0807292128322849	0.0337225602616722	0.0215940930961812	-0.0179272441319085	0.0647070644522795	0.0570261329475278	-0.00443220470312095	1
0.0959623102958402	-0.00878413990557591	-0.0651320265175992	-0.0659093667141725	0.00445808188745706	0.0844056172122035	-0.00125900068634099	-0.111788315377596	-0.0413405862613676	0.102384264091016	0.0285959648688366	0.0462890323446332	-0.0837940317323107	-0.0235910638268944	-0.101694198353914	1
-0.00199307811510931	-0.00726897415151859	0.0237378692738468	-0.0110448502599144	0.017171079704765	-0.0791366394098993	0.13296745835042	0.0581659617558467	0.232256295494284	0.125274910855878	-0.0208597755996489	-0.0719332131233966	-0.0160830643582621	-0.0920557847225416	0.0791057601197927	1
-0.047761253778991	0.0106815446429336	0.0233812201266389	0.0280663769895182	0.0689377983627426	-0.0572984127329131	-0.00627479370728403	-0.0188663540763447	-0.0119844481155061	-0.000677103352719819	-0.023396282311042	0.050675031463384	-0.0178383459704994	-0.0483149066116552	-0.0828744686486141	2
-0.0279626263500596	0.106105679525514	-0.013563764651182	0.00790415871616526	0.0319030223797272	-0.0204240329354874	-0.0703610429527043	0.00642864987409675	-0.0425620376998758	0.0917039502173101	0.0261708735184053	-0.114032721590266	-0.0454481196452061	-0.0937588903940854	-0.000684760290742797	1
-0.0195945043572083	-0.027032113836464	-0.02474842752238	-0.0812872856577743	-0.0493185836871495	-0.139904615436692	0.00621506768316691	0.00903076769509885	-0.0925407928884795	-0.0471908871444577	0.0208149328075234	0.080310181121323	-0.0300633934843448	0.0696979981233449	0.091352994901498	2
-0.0594628333704144	-0.00933104692614375	-0.0101742296089316	0.0567759510048304	0.0490557760314938	0.0500653932949786	-0.00172498221718602	-0.0666492655396648	0.0381376393456286	-0.00981207890636705	-0.0163976615175223	-0.0205273029091687	-0.00197178094132124	0.0163837644391615	-0.00923405396491909	1
-0.0283470715843534	-0.011538579905832	0.143425215546431	-0.0411463972129815	0.0416468146888858	0.161366965431584	-0.0319690313978699	0.0134868745100904	0.0807236323573682	0.0607050311311081	-0.0476383461078435	-0.0381728499309866	-0.0317336472379671	-0.0248305831663853	0.0914042456496703	1
-0.0107927792491492	0.0240094215313585	0.00190734429159596	-0.0731464867197906	0.00754051319056117	-0.0510665797615001	0.0472593350877092	0.0283092192166218	0.0473299709869103	0.0121045431695587	0.0798589350498067	-0.00633609609838374	-0.116261359228858	0.0205518815339753	-0.0395471011967254	2
0.0990162120943194	-0.0190160485530822	-0.0125337438248138	0.0551461441962494	0.0168737160802021	0.0546416706416138	-0.0154964380260876	-0.00661458259915344	0.0289795194751996	-0.0871836500111419	0.0822537995036497	0.0311152633020123	-0.00352875297493051	-0.0238490276277166	-0.00231047536406828	1
-0.0426701172293043	-0.0375614131362689	-0.0664158395321757	-0.0130204604133991	-0.00241253308437644	0.0298643692426434	0.0641138349286112	-0.0899542619539443	-0.020684631306503	0.00556206942867208	0.0040642070490128	-0.0454476826889926	-0.0945454225117599	0.0134696235892611	-0.0451930918381823	2
0.0246919030951921	0.101855749564229	0.0034453142862519	-0.0343437815267432	-0.0373033732047038	-0.0146758718191096	0.0774787825171598	0.11849458793413	0.0672509906265682	0.0175739679415747	-0.0270399473223887	0.0153434775572911	-0.0177791708446595	0.0442208107505493	-0.100861285619679	2
-0.0353374864644814	0.0791750681084227	-0.00674168385122974	-0.0145623828747817	0.0215471926575151	-0.0303208721214208	-0.0567354444935846	0.0185790792566473	-0.0340395534865898	-0.00229989438645966	0.0362407011059358	0.00502518929812912	-0.00858618899577191	0.0103952694942657	-0.0161106353283777	1
-0.0497641933688067	-0.0577501117248632	-0.0735930198385237	0.0119071700950789	-0.0374280258694626	-0.0118733591515638	-0.00360453240334922	-0.0366968733820074	-0.0105529018243028	-0.0133523232683584	0.0579035029511092	-0.0068514703715475	-0.000390472526049186	-0.0576494665471936	0.0209813395156796	2
-0.0111017554629961	0.0346140930134254	-0.0271384843065144	-0.0508919958884418	-0.0904525679224478	-0.0567061623441924	-0.0423490003939213	-0.0379872719588642	0.029816794972095	-0.0169985110162319	-0.0342162949629065	0.0688560739784259	-0.0268826620648758	0.0802223622148379	-0.0701312286053029	1
0.0944244698318952	-0.00566546081404854	-0.0650908242934329	0.00809165279264745	0.0247735427164483	0.0342543196613026	0.00946329135661677	-0.0898519420338828	0.0201930130199468	-0.0357447414588938	0.0197784966516221	0.0704721637257784	-0.086930018452264	-0.0405835544322971	-0.0158090780572739	1
-0.0173110118886421	0.106949334180641	0.0401269901637468	-0.00772477834138952	0.0196625714752952	-0.0818962352237296	-0.00609498286164851	0.0866207772365016	0.00274860008245351	0.00897037624999897	0.000107746270798439	0.0540458939191444	-0.0262452522054422	0.090866156723616	0.0128026150750378	1
-0.0225366530389825	-0.0253401979248529	0.175448383468487	-0.0110900916480239	-0.115713738045006	0.105684773512901	-0.00470710862071208	0.0123823280379822	0.0432069650737847	-0.00924328161073827	0.0163551622928464	0.103755431274509	-0.0252170216375088	0.0023159114613235	0.0592494326200551	1
0.0574960021644113	-0.00948500789098815	0.182691480484046	0.0369140446179449	-0.0894521203813858	-0.0343562393652762	0.133995434081111	0.0150063223068409	-0.120633439084413	-0.0705503860923885	0.13579448248935	-0.0770100995569398	0.0784482353559516	-0.036488025092283	-0.162637820858936	1
-0.00755871768302689	0.0278538503046917	0.15338684623618	-0.0566681036379211	0.00709503999620866	0.138973752777345	0.0415223425980768	0.00488416780266776	0.0190225197633369	0.0362783535912	-0.0471702555788529	0.0467051976870944	0.0303093194859853	-0.0309074721278017	0.0695493626062572	1
0.0241866921741643	-0.0414773360375923	0.00609161954167736	-0.172877607893217	-0.0819841047430559	-0.028174763178054	0.0060574435995959	0.0378240160436977	0.0226651988486472	0.00974602238962817	0.0790132319794629	0.0817978101593183	0.113744116725429	-0.0326040962976198	0.0232656387980042	1
0.0235787900613287	0.0572520968332252	0.152382832189655	-0.137685274627612	-0.166508879892216	-0.0339363401255205	0.0375847525834852	-0.156186445968747	0.0285343479839495	-0.0963458887284463	0.0125788332222578	-0.0243950685041521	-0.0577265768480644	-0.163071356352995	0.0323010291240473	2
0.106900680051783	0.0116002464234548	-0.0731688037774363	0.033167615216058	0.0260449786923155	0.0426767959673837	-0.0156108927413538	-0.0115394322480443	0.106257177073149	-0.0706807206605641	-0.00192888696046378	0.0375200909736927	-0.0480239492020539	0.0337073783834072	0.060707728564412	2
0.09393247217878	0.00418188058994777	-0.0753378406538941	0.0336990995187715	0.0504991469482468	0.0627312245734144	-0.00734531157211516	0.0224987750262033	-0.0309009447494022	-0.0403703614303878	-0.011291561376682	0.0333676139133936	-0.0312549435013618	0.00305705386164525	0.0556410568313957	1
-0.0560311172831243	0.0294655229588485	-0.0070917329383711	0.0721833407937918	0.0800897269130499	-0.0233215694830594	-0.119544211172726	-0.0176243676248246	0.0465234395853601	0.0618625869163144	0.0300553447647883	-0.0943614131406227	-0.0767705854625417	-0.0243500411408769	-0.0524577960870026	1
0.0869247396638785	0.0182874536464991	-0.059499218219368	-0.118883855700839	0.0228297920663587	0.152957262194476	-0.0050301359605021	-0.0289616914710021	-0.0750408282935895	0.077668268152707	-0.019834955753293	0.021837657731588	0.00440262688775084	-0.0531594362837308	-0.108409220290254	1
-0.0370070322554073	0.0618231035335494	-0.0388091874616499	-0.00442166938737364	0.0133243434237366	-0.00548299010007906	0.0375042867994731	0.0101069344031043	-0.0185850550934364	0.00943253247691831	0.0490445337361253	0.00533414565169322	-0.00682466355939253	-0.00849012090334627	0.00838054904933696	1
0.0723171211526731	0.0272394698689729	0.140559813523824	0.0293473463424327	-0.0505768559238711	-0.250471071364989	0.111165103516724	-0.110076644055366	0.0240414086578528	0.0853577494162596	-0.0345713565438871	-0.160980126429137	0.101889295048173	-0.00285288348704303	0.0058140644724758	1
-0.0444059383236249	0.0010064360034638	0.0150398744994659	-0.0453068306443096	0.0876803342314502	-0.00401044135030873	0.0291695395879332	-0.0741520719832525	-0.00707182890630013	-0.113399422417367	-0.0497003640221826	-0.0742035424192422	0.0359950168122588	0.107737732611055	0.00799373450264334	1
-0.0549165066913771	-0.0271153048712278	-0.0317265197734675	0.0386058739032327	0.0444041401133051	0.0258342993038213	0.0147692946144447	-0.0150291701206172	-0.0536809489625489	0.0532543284476013	-0.0216958585738145	-0.065039273179032	0.0390231226330803	-0.0174347469163184	0.0217050365956558	1
-0.0524794746051597	-0.0290637100458234	-0.0211408256727095	0.0667356095863291	-0.0233517503201134	0.0485688534752244	0.0182440447917467	-0.0416751851878127	0.0547444583067318	0.0316865612027417	0.0565155187809599	0.00184043287103343	0.0144057663341191	-0.00991561559819704	-0.0245385890000976	2
-0.0409353226247913	0.0216923910262645	0.0324011712150157	-0.0163792148671062	0.093775470362316	-0.099346790223997	0.0545025154289591	-0.0201813888699508	-0.0938301562650947	-0.0496649426583253	-0.0262014211500814	0.0689818477279588	-0.0753260211259802	-0.0137179382091405	-0.0177115554159633	2
-0.0189257969698841	-0.108534817767837	-0.0200057426629602	-0.00632708428683687	0.00929087222255619	-0.0573702641144366	0.0525582416940112	0.120926188760057	-0.160917454305459	-0.0306947416900209	-0.0360463793834544	0.0135189088459801	-0.0592034401237016	-0.00546970219914629	0.0330266579730869	1
0.0992154705955309	0.000727353418899639	-0.0458507696794937	0.0304114082804087	0.0142102028418404	0.0739135100763752	-0.0108649069480857	-0.0176244848536901	-0.0344828121751788	-0.0719616270189961	0.0489624867310445	0.0310602194564013	0.00183402104002081	-0.0196747194544932	0.0379553448265813	2
-0.0430660033155781	-0.130918272175897	-0.0213022118809866	-0.0291793183667882	-0.00725289016728498	-0.0833511068764139	0.0344266428909631	-0.0127708765967865	-0.106667575786365	0.0325363539943458	0.0219015747667873	-0.00997930247977867	-0.13022225421992	0.0502143449734316	0.0505389825707327	2
0.0547001136433376	-0.000232438567885403	0.0739575797073753	0.0451881995131488	0.029359035594305	-0.0333292611970817	0.0416479874928361	0.10459928012011	-0.106548223024952	0.0683436949314416	-0.0694693133076681	-0.0913108610952365	0.0145392487600507	-0.00500294011927181	-0.110056017418839	2
-0.0489605504994724	-0.0157640816162132	-0.0226645566318322	0.0117641196995435	0.0775152124762042	0.0231458933810181	0.0651865859412949	-0.0323131045719378	-0.017488910639557	0.0267137698708018	-0.0639753888265574	-0.0573482510275259	0.0234977324258199	-0.0127064458682415	0.0285091248358693	1
-0.0388288945779486	0.0651938746789707	0.00267527290790476	0.00513184449076575	0.078855806613394	-0.0187583700737155	-0.0191481617487381	0.0278949631636665	-0.023388713191712	-0.0022355065804458	0.0667650094255936	0.0639181285762659	0.0280271341992063	0.0731276777875774	-0.00600380162765561	1
-0.0313038121680913	0.0625782595111593	0.00467554742749473	0.0348409945421108	0.0111414454869319	0.000318292200026897	-0.0330434455939582	0.0318871303424055	0.0274430847662569	0.0175880982414535	0.0139059147511158	-0.0379755315412909	-0.0712298785426898	0.0229571769335237	-0.0527704629305511	1
0.0896467340890111	0.0218482439422441	-0.0339951615803292	0.0249179597008671	0.0406552418818317	-0.00917537989702341	0.0153786049353018	0.0358644156684515	-0.0242488060557563	-0.0202315525045402	-0.0126369239308333	0.0391678583235551	-0.0124939386110861	-0.0281568950120678	0.0414966583413586	1
0.0830842811712117	-0.0148848839942675	-0.00784812620555259	-0.0091791619036569	0.0575313584450706	-0.0249232032917323	-0.114759524225284	0.109773053371603	0.125151710443972	-0.00916327059566313	-0.0394772815179848	0.0231585892556301	0.137649196656867	0.0363790318139882	0.00843421568506504	1
0.0918872061136484	-0.0304120839283159	0.0761499562254138	0.0460019084532506	0.00609948786109467	0.0315130851973764	-0.00611686483333807	-0.0103224292671424	-0.00170237481707574	-0.0857648025395771	0.138863262622146	-0.0470150335639932	0.101957063011661	-0.0059439205049016	-0.0160672128917975	1
0.0671755948179616	0.0176463185599563	-0.0125028611657119	0.0329160978785555	0.0472239035201177	0.0753221704918925	0.0301154934583052	0.0925565679234254	-0.101647652693025	0.0403804816808605	0.0120631212943119	0.0105326209947486	-0.0581060503816476	-0.00837104521302215	-0.0332725858385026	1
-0.0246233471528769	0.0370740006576475	0.0145103840519178	-0.0133707192165841	0.00657922336800968	0.00272799703075517	0.0544397776832709	-0.0325006643574789	0.0318134469370917	0.0215454013027359	0.0337285245352215	-0.0802341123305861	-0.0305634559818013	0.0685327572373734	-0.0399091591282447	1
-0.0249460240428004	-0.0309162337702896	-0.0296410767383966	0.0169755723735914	-0.0490675159257346	0.0164161047617845	0.0547354250943276	0.0457664082647062	0.0151010833039531	-0.062231932859107	0.0293706201527661	-0.0387542248984211	0.0132257961764654	-0.0532905973535145	-0.0475627467639173	2
-0.0386676037552097	-0.0544307334075053	0.104226410684417	-0.0510158926067812	-0.0543967851093876	0.0565013847705822	-0.0288250758075029	-0.0290599561469326	0.0684263644517551	-0.028777756345218	0.0458159368423986	-0.033833649440978	0.0428011821185041	-0.0895798887290126	0.0953352398399933	1
0.0905714812230195	-0.00416284155911894	-0.0855469942182238	0.013295782131394	0.04314258127061	0.0176488722091816	0.0379168223691162	-0.0445534906075564	-0.0941558941233265	0.0177495194786056	-0.0169424141292547	0.00855706892042598	-0.0376152900193044	0.0601700337133655	0.103229018481945	2
0.0217447652896877	0.00278077281306816	0.0188562509235005	-0.0829866395399597	-0.078295539304793	-0.1157671965094	0.0867578710004302	0.0652498840575499	0.0482161200333416	0.0600855248459995	0.0217893727629619	0.0306582882222579	-0.0419640445567155	0.015868730926274	0.0184312005318352	1
-0.0488343052090722	-0.0497624552227347	-0.0318428942910048	0.0253530538707176	-0.012787706518495	0.00297688621332734	0.0618367253830186	-0.0090905750873585	-0.0676430575485468	0.0407142592347664	-0.00940495130964604	0.000754774987014965	0.04146322656974	-0.0320977630033889	0.0183129104309274	1
0.091733018812315	-0.00268671054989692	-0.0475258927795506	-0.0191949883222058	0.0398240338484248	0.0489714758861198	0.0470082418035143	-0.0406791409720947	0.0906905088404707	-0.00113270876220545	-0.00286131640489121	0.0765991256094572	-0.0509471091410507	-0.0301554611826104	-0.0279598906984715	2
-0.0250112702725926	0.0860778692136432	-0.00382402133227442	0.0307032608535514	-0.064016824557143	0.0366306671924892	0.0427589133670873	0.0294782884583702	0.0127605162985807	0.0748716324503038	0.0077021309533498	-0.048743820839644	0.0598145672711384	0.0236277572111214	0.0238518587187374	2
0.0898317714305163	0.0174576869619717	-0.0611920419916059	-0.0193148836838278	0.0615436733683321	0.0983816304437762	-0.0277456045898789	0.0409750097563044	-0.00796818005067931	-0.0470590116486629	-0.0632924414153136	0.0418164375407342	0.0194866518726872	-0.00916314891247478	-0.00700772590781336	1
-0.0405141541220854	0.0105924621071229	0.0332893773733538	0.00803203525299	-0.000418226070856161	-0.0170038694221094	0.0842674019566991	-0.0299927303563935	-0.0123270053182111	-0.0238232253461541	-0.0290429004827151	-0.017750611010799	-0.00382122089264448	0.0358581217746582	0.00114981163317064	1
-0.0285150749526666	0.0532135399740807	-0.0359812841841778	-0.0404149931540283	-0.0144298845278096	0.0147504331688213	-0.0305747399661161	-0.0514524841577306	0.0747636009037337	-0.0829449371929976	-0.00294531621633375	-0.043918819230681	0.04204412945282	0.0488318931816438	-0.0657210886852147	1
-0.0161947953341731	0.0401148096791804	-0.0287000990433121	-0.0325933031491409	-0.0356841865734109	-0.035838608776482	-0.187984769281757	0.095669320386378	-0.00972486771069133	0.0688787721183298	0.107279135745981	-0.123612568270318	-0.0746600102514332	0.00677644404698646	-0.0282279382231208	1
-0.0538834012655827	0.00166655274425443	-0.0539345494517348	0.036545930177649	-0.00181807613023966	0.0569130186754633	-0.035789353361712	-0.0802065691728766	0.0704436128626254	-0.0109991838070526	0.00574203606628115	0.00149536562404139	0.0698492760592175	0.0281596764614313	-0.0620855149387364	1
-0.0445658323748146	-0.0190570404603256	-0.0469945542313149	-0.0221492338954887	0.0416564989313051	-0.0184392658862653	0.0334692783998011	-0.0411745671556548	0.032983474803256	-0.0520732196347641	-0.0242022725706585	-0.0755762516824213	-0.0353138088973929	-0.0420232997191263	-0.0456182154970957	1
-0.0255470714810642	-0.126609730590197	0.0932563359155467	-0.0357398845399805	-0.0620264521984054	-0.0192706281934694	-0.0514062148364848	0.0917763118648854	-0.0447651809677984	-0.05220641751248	0.0457665834602144	0.00286657345019472	0.0353265971807182	-0.0117388896508038	0.0620333925574405	1
0.0983290451873433	0.00612053100135956	-0.0630831349074002	-0.0457618070620184	0.0237262967160479	0.0341907452006761	0.0293759790017247	-0.0654823766826775	0.0534413521925619	0.0582505013172751	0.0541217258109167	0.0394482868874425	-0.0370911945993182	-0.00794456391361324	-0.0133641486516933	1
0.0820606239017955	-0.0630594860228797	-0.0290203079270054	0.068981436384545	0.0494747657575993	0.0080680420257569	-0.0288267064202184	0.0285516021936792	-0.0174389131358993	0.038262696932047	-0.0414097840341928	-0.0124367829845361	-0.0792121494899431	0.0501140913770022	0.0308494552783034	2
0.0953843741125871	0.0164507767591148	0.0201082853599873	0.0436187187272302	0.00230621962491319	-0.0493009491703855	0.0308699912634114	-0.00321185351908568	0.0346560143400353	0.0404122121984325	0.00781495049381112	-0.0395146556667425	-0.0043651573676782	0.0202137273911676	-0.0534283679527282	1
0.00541236347553519	-0.0342896616517255	-0.0466538741449954	0.0119312096454259	-0.0710145929634742	0.0601460245916162	0.0518069729275797	0.101696467901687	0.00618636628420551	-0.0460246983453492	-0.00320790718883267	-0.0368372049622756	-0.0253709824755828	-0.0181040984548708	-0.000454327307985154	1
0.0318884222718506	0.00418252881352576	-0.0579033967402675	-0.0841167311218705	-0.095191205942745	0.0159297042771795	0.0257606783392476	0.0234387230095854	-0.066667852211047	-0.00777803867903754	-0.127396049863863	0.0283989396384	-0.0954872081769449	-0.107308041634877	-0.0565103482667722	2
-0.00441061650918041	-0.00761431155936616	-0.0337621427202776	-0.0204947800083611	-0.028895096626593	0.0227063924560942	-0.0256384594602333	0.131404711473733	0.0179807008261027	-0.0106942946187474	0.0509717035555474	-0.0246170130481087	-0.0910233849139352	-0.0218164430072584	-0.0109681542163573	1
-0.0368138271008857	-0.0371120133863822	-0.018637532191775	0.0175640167224043	-0.0372093146650469	-0.027763123524503	-0.00869339916047507	-0.00137314805158444	0.1386511910008	-0.00802677363342312	-0.0873321863006559	-0.00749252486185423	-0.0468918946347168	-0.0196405923826385	-0.0550881129410442	1
-0.0350493076652483	-0.0600492478969074	-0.0400146185217367	0.0104802058656058	-0.0246159150031693	0.0109572879136538	-0.111393365181738	0.0570393142589938	0.100322441077056	-0.0595085398109561	0.0387843266511649	-0.106467852504956	-0.0222745471080831	0.00492082709046095	-0.0325114988755402	1
0.0931697040556887	-0.0193929363207644	-0.0354344395886663	0.0608813274583043	0.0211119052824247	0.00544163169128249	-0.0533521888431588	-0.0110695190947809	-0.0214535901427508	-0.0399609830520737	-0.040770076882853	-0.0233286393752774	-0.0660685907867484	-0.00652607066112411	0.0721960265276055	1
-0.0365241641931348	0.0588397526315666	-0.0115282379405164	-0.0371768136121448	0.0782412721918067	0.058650551810551	-0.0238905810854401	-0.0130391107838854	0.0666492735093415	-0.0220767273288888	-0.0337882285484455	-0.0749448551738281	0.0985457782804968	-0.069690438989335	0.0347424149659473	1
-0.0222516339983206	-0.0338688587693808	-0.0525794660489296	-0.0578554464289378	-0.0824097799293897	-0.0620192468955256	0.015775776844067	-0.0168204793054049	0.0738410152702647	-0.0745922318566503	0.0129120388759846	0.000973359144592697	-0.0637832606000696	-0.0397892898102827	0.048035818852247	2
-0.0502657511799964	-0.108981770711705	-0.0300160835631319	0.0174109958558551	0.0113344940502948	-0.0603060766447226	0.0328493282339532	0.0342916716249944	-0.0137320701799162	0.010420337893936	0.0161082433248765	-0.00584823539565412	0.00874065431804302	-0.0389672997024181	0.0062827489993514	1
-0.0467248061586838	0.0398665796584523	-0.019120543802904	0.0326992883069058	0.0712910110499659	0.00512885541122599	-0.0491277590763751	0.0564966064518226	-0.0646601717050414	0.116792039281046	0.0470103955613228	-0.0684556303637731	0.00234612767296819	-0.0138680799142349	0.0467044039515368	2
0.0944801452179932	0.00747240544509682	-0.0163896365402327	0.0681926612948951	0.0124350627616823	-0.0189772283422703	0.0117904868109557	-0.0017364056079605	0.0278626065981472	-0.0588192022953642	0.0318710508308841	0.048856484956789	0.0137914480794574	-0.0837113911903528	0.0373930265260217	1
0.0817929872144388	-0.0321945921685185	0.0850078935137906	0.0903106280507621	-0.0233159434291728	-0.0763383724970984	-0.0290840429110274	0.00767030121241189	-0.103845836461163	0.0212314255895504	-0.0693906464055449	-0.101291048799218	0.0691329706793682	0.0575312466520474	-0.0299570037251892	2
-0.0270333209420159	0.0519919561781511	-0.0170213419675804	-0.115379245816756	0.0703595372085978	-0.0100078402701259	0.0277195251432923	-0.0423032126599569	-0.0160487136430402	-0.157041307431758	-0.0278497575534119	-0.00638295547598367	0.0180395583004611	0.0250605216718687	0.00285584100358182	2
0.0160632743247491	-0.0186275038765633	-0.0387997892628595	-0.0450363902693148	-0.0142645251532551	-0.053092815809799	0.0415577239095287	0.108422698930686	0.0408231829683516	-0.0735851818834177	-0.0681479715558939	0.027967302142698	-0.0973988963368361	-0.0500805213586061	-0.0312836849288517	1
0.0911169234283385	-0.0104618703192344	-0.0131893782176288	0.0520207348695635	0.00984439418751429	0.0126366823578376	0.0484134347039196	-0.00840769542381906	-0.0477526178076089	-0.052887206702871	0.0614582565361562	-0.024997006144225	-0.0380192382527083	-0.0496939901991381	0.0451771477570603	1
-0.026405845666062	0.112228823798365	0.0580149605966487	-0.0690615839219334	0.122938605203465	-0.0796063696001673	-0.0242057056318194	0.0199662193335084	-0.0167534881245341	-0.115163838777569	0.0264768327934321	0.037770076280263	0.0650439587572666	0.0199355402231211	-0.036564815507814	2
-0.0337540315310768	-0.0388446023860274	-0.0269740041486779	-0.0892231285220511	0.00579704127879645	-0.0512826907803421	-0.00489870479099227	-0.00251830789285934	-0.0399737724872094	-0.084122816732223	0.0116732066473683	-0.0354549237587665	0.0181589760785133	0.0459447216995622	0.0423291309482818	1
-0.0394116828709263	0.00824537148309169	-0.00961626975106698	0.0543976328238945	-0.0663572334116455	0.0489014998086029	0.0469370583976333	-0.0247694340230233	0.0152281327672511	0.0190697742411482	0.0225461852379212	-0.0120775159709028	0.05759774233845	0.00563101270220811	-0.00234269239088874	2
-0.0354860341988815	0.102488942472017	-0.0190726574129324	0.0421191011449543	-0.0233858556080321	-0.025473192511196	-0.0843408066447703	0.0423211398101136	-0.00933902104549514	0.0934552939341825	0.0709683666005208	0.0492097926750809	-0.0126775572855133	0.0431488196488542	-0.0124857663656895	2
-0.0583667875977004	-0.0841828420990262	-0.0387488505009798	0.000825462156344416	-0.00632511322816405	-0.0106110977556046	-0.0731750435040872	-0.00974060195070207	0.0285295962779799	-0.0487313114811694	0.0133908600260264	-0.0339786769331689	0.0939521611610963	0.090802903867966	0.00699348936740756	2
-0.0381858584954694	0.0961854424865302	0.0283977389924184	0.0276791933967399	0.0113945663162169	-0.02373638244183	-0.0348428451470349	-0.0239503771569115	0.0064424201733917	-0.0494653788459812	0.0118526100331326	0.0888310908572891	-0.0210449163781352	-0.0562912764372864	-0.00227271751183798	1
-0.0414938442102412	0.0462213735492722	-0.0497183492335158	0.0374517071561644	-0.0562043846005398	-0.0330267566477283	-0.0458245886071904	0.0049931895151703	-0.072121305920757	0.0114105479539068	-0.0459263711990901	0.0394872017282561	0.0585963012396872	-0.0584318578637706	0.0403257177182975	1
-0.0349934912124094	-0.0317128450716526	-0.0219720488003882	-0.086088477905917	0.00968646188609939	-0.0114174456524735	-0.026001585352855	0.00890391098809284	0.00414771676734783	-0.0731424649660786	-0.0892129207171348	-0.110540807398281	0.0414183710246298	-0.0634657296734394	0.0568090776908448	2
-0.0422806467310572	0.101856558153867	0.0195413046876811	0.0104943984050337	0.114471896705101	-0.00177442011036182	-0.020281374233002	0.0122011833066462	0.0197279982719768	-0.0197197844608826	0.0628810468119812	0.00282815825215393	0.0159518064711225	-0.0540110109129498	0.0206891161785692	2
0.0785198382070322	0.029305078323302	0.00523796829960736	-0.104884760995206	-0.0588946456221946	-0.0159844388067666	0.0268737769441766	0.00978839975305909	0.000348441837261578	0.0509275867847133	0.000412712115065621	0.0375873684461478	0.0920188246084761	-0.0190710227925109	-0.0939000031470995	2
-0.0375782258375273	0.0765669748750253	0.0136277926917811	0.00444452044516421	0.0490244622905677	-0.0816534066485971	-0.0188684504473633	0.0333740565758349	0.000715875270266161	-0.0222373974019321	0.0309882453291455	0.0706921932389309	-0.0395196863468384	-0.0207744040832679	-0.0459422360975695	1
-0.0305442427238073	0.107565723275686	0.0288871336054195	-0.00258080646190901	0.055500349363337	-0.0611208923141062	0.0717016905233988	0.00137410300221495	-0.042910366936841	-0.0269812107072514	-0.0274807303067135	0.10041337910617	0.0129260056926158	-0.0641118100490925	0.00186906011496264	1
-0.0440353347773638	0.0277110626409692	-0.0141227509140867	0.029648495099878	-0.0250552183958785	0.015651312223258	0.0187662577052517	-0.016402707337047	-0.0196722986936174	-0.0343352159129642	0.000435914997764848	0.106484790136844	0.093521130338529	0.00175338038581639	-0.00892160628099966	1
-0.0111120747362459	0.0385620322395948	0.00667002507199585	-0.0246422411270449	-0.0211190986953133	-0.0485850729588201	-0.00655370799328	0.0803553623703974	-0.0308872167501807	-0.080658408187194	-0.0457254609328597	0.0183757433238602	0.0223168328527887	0.0753171507873979	-0.0743135480598237	1
-0.0482381139097323	-0.00058090526279064	-0.0224944947021544	0.0450141724260925	-0.0229584490125239	0.0303758132205817	0.020442199729736	-0.0298091862795313	0.00679328397856055	-0.00459843672534454	0.0531504537328699	0.0264455198296787	0.0881970526478578	-0.0548435567651319	-0.00717238292518202	1
-0.0416498249918156	-0.0369995997843154	-0.0466801871516026	-0.022465004104586	-0.0314451106789042	0.0245799394394599	-0.023934882362422	-0.00408047824696286	0.0542569872730384	-0.0429578055824328	-0.0296027090524379	-0.0833042794497354	0.0660720967646234	-0.0186932717505373	0.0395197753417365	1
-0.0137578494755469	-0.0353941754180593	0.09187286506428	0.0511589778961861	-0.0375426076182827	0.119120687099129	0.0376773551049939	0.105842429825479	-0.0267792468024971	-0.0147674445616166	-0.0344018225458731	-0.0128574625557863	0.0190908035382421	0.0493449630841659	-0.0352842455484507	1
-0.0157247592206066	-0.00533452110940188	-0.0531451996434007	-0.0240218039155981	-0.0718423741922975	0.0526984664173085	-0.0999988642279137	0.0319455883233043	0.0498273610445037	-0.0959965047416857	-0.0713224156232089	-0.128159917426907	0.0241993781557593	0.008927821237297	0.0279417192317386	2
0.086678252636544	-0.00237067191257161	0.0613155858384471	0.0895629523919821	-0.0154165804970728	-0.0753215887567825	-4.88883030728596e-05	-0.0423332119463206	-0.00177043123209672	-0.0709089849813227	0.0419591477238108	-0.0577430466592374	-0.00998433949777733	-0.0508437370085809	-0.0437808623027521	1
0.0835624274798038	-0.0183948613498659	0.0255351427330104	0.0362526238529111	0.0158638685485053	-0.0259190425658257	0.0160917656208686	-0.0590808551770311	-0.0790697670882125	-0.0563194480532264	0.0950040518487853	-0.101880004170972	-0.00650118306425867	-0.011790227868582	0.0929311058900031	1
0.093379396236584	0.00112869582320949	0.0545568552114861	0.0670407543355647	-0.00335898681502322	-0.0642652152298954	-0.0200225070103633	-0.00802532233413007	0.0405072159633158	-0.047054144968692	0.0673584715105261	-0.102729530731325	0.00993391736665396	-0.0703276104393184	0.00385765529153866	2
-0.0389059472704234	0.0294715220390811	-0.0333133795236957	0.0402996035830367	-0.0614111898429283	0.0187424151162104	0.0180527989971577	-0.0202374138887445	0.0745584855075801	-0.0228995242168181	-0.0424304295957735	0.033379285921138	0.00310701639226268	0.00851684079827105	-0.00315693170358296	1
-0.0117384128254438	-0.0453173099101006	0.121051821509785	-0.0350636807288413	0.00688605071140535	0.117596012438969	0.0275918649522123	0.0822449110855678	0.0601866072587436	0.0576147251688692	-0.0731419327487953	0.0289054685422066	0.0118517656292712	-0.0941587201007681	0.0204081470118474	2
0.0977576407624968	-0.00684514795421411	-0.0212506044660295	0.0522062362325441	0.0165241335358278	0.0427193797994106	-0.017488872722703	-0.0593978076554174	-0.0599441407789208	-0.0631804609231393	0.0547108313369045	-0.0740583607370382	-0.0292368935017237	0.0647334045752714	0.126839363073593	2
0.0931750886374217	0.0278844100096419	-0.00292343266795707	0.0609906884112423	-0.0320538522901129	-0.0483906399549699	-0.0546399921624236	-0.122904703724043	0.0173044703084471	-0.0556199163214659	-0.159907175383757	-0.0740661758615531	-0.0801120129690844	-0.0459605534558947	-0.0721499025525702	1
-0.070569410340265	-0.078781389027537	-0.0197816164392699	0.0554319969277597	0.0709430074781518	0.00457385380178369	-0.0112054888394816	-0.0310378977342563	-0.0336759848466408	0.0457930507879143	-0.039697838284069	0.0137893820240767	0.054889262397242	-0.0944125359833845	-0.0159522902844551	2
-0.0467737613530044	0.0336210055434148	-0.0146134208005523	0.039077423101767	0.0188112971587258	0.0503955722737097	0.0491119041195687	-0.0638218535160935	-0.0378235094367799	0.0221092466603513	-0.0254682687254333	-0.0356622468056586	0.0969318981897039	-0.0194135138080071	0.0442662057768223	2
-0.046854682419889	0.0274659618516388	-0.0227457911567543	0.0092350766699569	0.0273445178921183	-0.0183689982727355	0.0493996975945517	-0.0538507018465961	0.0124366703705292	-0.103068924211441	-0.0111716334966367	0.0890160484424928	0.00345454838249322	0.0504286903968147	-0.013509660057065	1
0.0934548405050734	-0.00819150792997474	0.0467277097016653	0.0480174829877147	0.0225644353746935	-0.0318341104384789	-0.0168876406264017	0.0165635885547927	0.0184967252384617	-0.0549739242730245	0.0854032598152388	-0.0643868867759674	0.0614617787031031	-0.00799247617890097	0.0556694380195817	2
-0.0257122505684764	0.036207428760371	0.00519373734234515	0.0124840796961088	-0.0679550027771966	0.00304326329780748	0.0887512615214384	0.00599284297853226	0.0107590859403394	0.0314950436125042	-0.0135347746643269	0.0426915104695738	0.0386178337244073	0.00104339758788358	-0.021159996856486	1
-0.0345059863329907	0.00552062658349039	-0.0349105399277807	-0.00683958115459401	-0.00574697941202583	0.0314850787281777	0.0917042689148665	-0.0257499181845441	0.0104820773638736	-0.0230507417630509	0.0285407352638241	-0.0533619908998112	0.0427773086472064	-0.0137417473325986	0.0120760253020327	2
0.0628503649905163	-0.0727374548396501	-0.0251307154139221	0.000347538259176108	0.0608360095470249	-0.0648038690036526	0.0452151214335548	-0.0754557472590028	-0.00612384285753417	0.153317828821825	-0.000996083733118914	-0.0307843142478997	-0.15841110482173	0.0762219075792379	0.155201552765546	1
0.0544750860819839	0.0798650416543616	-0.0228868387719358	-0.0243589689041528	0.0771599404982583	0.0513150381870876	-0.0230162425913283	0.0684086878666672	-0.0192887446434457	-0.124036644942591	-0.0334992730180357	0.037964657082346	-0.114598483414202	0.0314047664596677	-0.0406291987578161	2
-0.0529255709148913	-0.019080334564563	-0.024321349865806	0.0219980157536489	0.0558607747948143	0.0321030364591874	0.0399271692420666	-0.0411903876663397	-0.0116544742807902	-0.0125846290601175	-0.0746469447603464	0.031396780691894	0.0578367540688732	-0.0662945778295599	0.0106052296619344	1
-0.035559083505214	0.0789131656918652	0.00255204113372178	0.0150308075428838	0.010840688845382	-0.0229159626003985	-0.039661296323409	0.0255649284484945	0.0383603950905017	-0.0305205969025301	0.0481402456754653	-0.0266281191866261	0.0516247328277696	0.0419963065826972	-0.0172067981384569	1
-0.00309504415744356	0.0380926680135942	0.0748587291629683	0.0258608306893546	-0.0631259326774739	0.0155915198238568	0.103294112276495	0.0738032885396516	-0.0538203703494932	-0.0581299277310891	-0.0395240132474635	-0.0386651280408014	0.0571055439882607	-0.0225828509961994	-0.0561901992863819	1
-0.0248291398144923	-0.0484416178817166	-0.0379640151265044	0.0230245599161387	-0.0352256094844803	-0.0251315963288857	-0.00455143054610925	0.0929191069605624	-0.084035872999533	0.0170501971554827	-0.0236822053325069	0.0278911836685871	0.0449404380135504	-0.152132183537393	-0.0643126332874523	1
0.0721015302343948	-0.0260675907730268	-0.044127182101666	-0.0854599061800352	-0.00377037441979611	0.0848720345956074	-0.0351100146635702	0.0197685824828185	-0.0804188780105916	0.0475839168335317	-0.0368373062826398	-0.0145250570715245	-0.018242926097049	0.0343254064630117	-0.0314757655431779	1
-0.0525341711062651	-0.036125052989168	-0.035049701235737	0.0388544801199053	0.00539221166582123	-0.0162374008827111	-0.0202590332435969	0.0269522571178011	-0.031624140752302	0.0800037628957596	0.0202915778448984	0.00199444760978909	0.0611384470197946	-0.0366628724967685	-0.0242121890006416	2
-0.0489086186277243	0.0114930541890164	-0.0129240705996705	0.0459184561839679	-0.037052607677502	0.0540787637129491	0.0349138925639618	-0.0300258745227746	-0.0479218026909598	0.0186977348394836	-0.0180077431743681	0.0119562337355588	0.093201876208037	-0.0375290214043331	0.0284184876755688	2
0.000687269433360243	0.135400088651928	0.0340958165588991	0.00040947225471586	0.0382723134738206	0.00548899650751555	0.0282330583902295	0.129228429069944	0.00458644370514773	-0.0133030802516757	0.0430410185985034	0.00130669745934978	0.0175091182216054	-0.0327511232705203	-0.0840655897199292	1
0.0924147424409632	-0.0232142492441198	-0.000263958367512823	0.106659556862647	-0.00347240850227829	0.0270298489350287	0.00267548651140362	-0.0104989632325327	-0.0781520034963825	-0.0656590278171363	0.0522088088928142	0.00138922285670771	-0.0563733376264523	-0.0120010461598078	0.0787155937399182	1
0.0997453453833591	0.0183380715788784	-0.0486145645035271	-0.044501214415906	0.0606951575921002	0.0634085259674805	-0.0471759025170045	-0.00207483957829729	0.0111403322526041	-0.12162698726523	0.0260587077832307	0.0128673663724263	0.109542240100481	0.09395341490828	0.0426644088508814	1
-0.0180262059305126	0.119517032706521	-0.0655426459905469	-0.0172019625762772	-0.0411973108345527	0.0497582172055686	-7.20729446242806e-05	0.0289283745889122	-0.0110908295572878	0.0339766412334707	0.076761092494241	-0.0385575130181965	-0.03706028231619	-0.00331522436516253	0.0746554477330017	2
-0.0407522839946621	0.00428547953006428	-0.0375166645628642	-0.0491173044885696	0.0237962102381611	0.0350690515688266	-0.00154670329044016	-0.026272328258558	0.0086883018898226	-0.0558952045329531	-0.0256939656983707	-0.0845852941395218	0.085850973760978	0.0335463408574923	0.0500805665007973	2
-0.0108910185437694	0.180320545254192	0.0226665715976877	0.0359860027892968	-0.154359429409535	-0.0320887936257367	-0.105004373913989	-0.0611233555325459	-0.0174493861248495	0.00123482743910432	-0.0048035834659216	0.125249471095994	-0.0480452020892311	0.00572401775468639	0.0523296656043341	1
0.0970844064806198	-2.1945064258548e-05	0.0122282754899781	-0.000126543446626844	0.00865613733118437	-0.0073566012911749	0.0193806824635213	0.0187498468520466	0.104988083650055	0.0492098492683578	0.0421793985500098	-0.0656748216346465	0.049306343307248	0.0652173896853048	0.142535921909151	2
-0.0444405931559277	-0.00140121582927479	-0.0795535947490329	0.0288570202748384	-0.0325531985311609	0.0337341201832494	0.0519987928483234	-0.033679875670612	-0.0463698351064644	0.00328800054688224	-0.00591694492065917	-0.000599706305974619	0.0844082855791864	0.00282446427287974	0.0645600982749336	1
0.0823687705274811	0.0148741505777936	-0.0189107344625744	-0.164392742333115	0.0468521060491746	-0.0903879615357102	0.0235091163233881	-0.0414257012928076	0.0786020575818637	0.149097592660986	-0.0076143381905856	0.0171831794629006	0.119115556391417	-0.00877826743439305	0.00562621259058531	1
-0.0388164400456435	-0.0379358999414089	-0.00294358189968625	-0.0541286907953654	0.0390983089417858	-0.0358715567791001	-0.0110345108562585	-0.0045150576790405	-0.00976752838427568	-0.039706452468473	-0.0309413273417553	0.0126548149224676	-0.0102839092844835	0.0574123570845722	-0.0305512314888645	1
-0.024107026034901	0.0288235663559235	-0.0855841838647402	-0.0266226016920487	-0.0804763527727212	-0.0213630117271347	0.0274320488999664	0.0114301195691194	0.0152371504334808	0.0090244881531436	0.0132096481189207	-0.0236187560093439	-0.0197808625606901	-0.0604629706814601	0.0880872150078074	1
-0.0565991696273737	-0.0308169176624871	0.0137795489139007	0.0118243835443236	0.0808408488282173	-0.00121842335156893	-0.033468302541391	-0.0470485323932624	0.0165759238659488	-0.0623971966780304	-0.0376226426381764	-0.000244947299708502	0.0643678608334992	0.0458389508423042	-0.0287150069565466	1
-0.0411424972331519	-0.102954122757326	-0.0590418022220382	0.0220510824461325	-0.0854594551419154	-0.0582110155784167	-0.0203441336866187	-0.0093253651143817	0.0321081221948329	0.00600241450872243	0.0753556576416568	0.0420186351543519	-0.0331432161335891	0.030214487158834	0.0386390704006951	2
-0.00913825732450792	-0.019619446362789	0.0459271701000731	0.0681502436166643	-0.0943135181400103	0.0462738267683855	0.0363245740474802	0.122637413510477	-0.00319114123595722	-0.0190346857899456	0.033275945121813	-0.0600820375460044	0.0557423300519553	0.0184544845411944	-0.0718842930162622	2
-0.0317136441543819	0.0574676388329604	-0.0127789787572472	-0.00672384556384393	0.0104440670492863	-0.0877311526405805	-0.0631023331899229	0.0601232048978022	0.014320287096551	0.0172093725806597	0.07957828817531	0.00776148869604959	-0.0971055640231082	0.0272452918961944	-0.00591977103759469	1
-0.0481376062419421	0.0702186786083013	0.00416049517792481	-0.00487473641587413	0.127179011793061	-0.0467595678959378	0.0100764542843001	-0.00886398122698328	-0.104105518837675	-0.0477525036850668	0.0100802731293247	0.0840567246149568	0.0255063615355089	0.0336021028389197	0.0486996146209181	1
0.0939122199399311	-0.0147110671182574	0.0522554793739828	0.0695389849098696	-0.00156477774336793	-0.0140979428470552	0.0308514131736676	0.00267731558987421	0.0805934755818386	-0.0556704460734619	0.077991678987853	0.00937848418025976	-0.0046280025230881	-0.0832185672679166	0.0480437151768962	1
-0.0643987924471377	-0.0799607810382467	-0.0323135698346186	0.0458030160616782	0.0622278261099749	0.0154566932093351	0.0289165502112379	-0.0350222351392611	0.0413459697555051	0.0473305064592015	-0.0363275011957482	-0.0297025774335346	0.0156031547126935	-0.0261467593112657	-0.0420823354544794	1
0.0895828117300556	-0.00841467792313931	-0.00879008567147771	0.0747539813898084	0.00945115890791177	-0.0374060209949036	-0.0238877787344059	0.0425495340453466	0.0414673835846209	0.0569683155008653	-0.130229549083857	-0.045744031222938	-0.053560814811767	0.124045609181244	0.117417304032667	1
-0.0186944061182634	0.160655461800273	0.113836183447637	-0.0374412490638162	0.124655893663333	-0.0684755347569371	-0.0651342919277348	0.0195506769258878	0.00265133876705219	-0.0908827088198359	0.0594310387268367	0.0947958898254291	0.0275140957246383	0.0464368578799713	-0.0501496044438193	1
-0.0362694483530738	0.0683148005826178	0.00531952818473692	0.0192247044270186	0.0378388184395141	-0.0221578864774512	0.0113206482444427	0.0278992513625663	0.0258187056444309	0.0393716762367873	0.0314605333720874	-0.00212072577290095	-0.0506031753410277	-0.024493784383421	-0.0401698725080636	1
-0.0104017294462872	-0.0170284436589132	-0.0523135421059247	-0.0914063641515377	-0.0314145548400973	0.000963992369212089	0.0424395369903282	0.00728928364368289	0.0317742411884753	-0.0911980683404921	-0.0382442128418942	-0.0168799257275648	-0.0301441468026562	-3.84810983472643e-05	-0.0112512992550898	1
-0.0310333527883112	-0.00143088515498911	-0.0375264119737543	-0.00559120974984919	-0.0055615540945149	0.00556041808055122	0.0741140014474565	0.0338589295759356	0.0337300756833576	0.0130542526142201	0.00365682720534538	0.0224356006762057	0.0280052316652446	0.0635296932511247	-0.00598118975857386	2
-0.0525697899097569	0.00397875038483729	-0.027022028147198	0.033575504350502	0.0275346476036977	-0.0066902342816585	0.0102245918644301	-0.0511461431799682	-0.0256022727956934	0.000523679155901121	0.0117766210651535	-0.0199512923693983	0.00127567535570058	0.0303510159712529	0.00063504518537057	2
-0.0328818206726632	0.101967924296058	-0.00357778231396719	0.0196040504460944	0.0296871597911958	0.00104399992874658	0.0184223357905732	0.0133597440488253	0.0650573901628754	-0.0126158967949261	0.0378144257034462	0.0358111560220742	-0.0412415939043054	-0.0402959394417129	0.000739181782924836	1
-0.0375888114782974	0.006173710675031	-0.0193435146921702	-0.0156562152580202	0.020571309558851	0.0207132358154587	0.0898748382005013	-0.050448823393999	-0.0646929728982767	0.0163526717813097	-0.0497317886265129	-0.0289633439103057	-0.0275957497399138	0.00389091218318839	0.0157594221812452	1
0.00685960032909163	-0.0699703224293458	-0.0406257851550517	-0.0732782304044027	-0.0525255323688458	0.0327429431216566	-0.0179140596665392	0.06005561196753	0.00921992606633389	-0.0728335101291554	0.0485440485684663	0.00992163844346686	-0.0337848609692532	0.00404077425595877	-0.00467455019486727	2
0.0469827166121388	-0.0565239881886542	-0.0410289571916163	-0.110413631657489	-0.0174641536711759	0.0326555054097417	-0.0597854315763346	0.0726962633851602	-0.116405016043738	0.051780849308236	-0.0165897830168196	-0.0682399252249693	0.0199803316604739	0.12126778700213	0.0787435860238879	1
-0.048721013323883	-0.0786201183470321	-0.0484680728643673	-0.0328159130821378	-0.00732727888171076	-0.0329294476708725	-0.0177680372596143	-0.0367088481951487	-0.0436559616404725	-0.0409723624186167	0.0179227434405915	-0.0413796136259368	0.039889375306488	-0.0431384012446537	0.0249187828595071	2
0.0980028854133807	0.0268319179653352	-0.0461099943831062	0.0159598555416762	0.0167296166649401	-0.0152277279705723	0.0148715511492616	-0.024249400283728	0.00557954178953505	-0.0110723017824749	-0.0591883417716733	-0.0191236197155781	-0.054470247938212	0.0162432468228008	0.042513334283941	1
-0.0368234283547242	0.0193498774628975	-0.0536561675856183	0.00980054941009369	-0.0339418364833015	-0.00957535683968615	0.0294224388818513	-0.00851469271128804	-0.0517627892338522	0.00976243280865187	-0.0490067419087336	0.0723843584086114	0.0415538515422285	-0.0391368025464586	0.0175703847762811	1
0.00820848206390586	0.0129030161843316	-0.00718014662887103	1.97177851285058e-05	-0.0185319711814987	0.0630146894688415	0.041729575866434	0.0866377281969833	-0.000450327615611799	0.0493424616470865	0.0388290479545259	-0.120357518458943	-0.0497423560563545	-0.0365504888264385	-0.105095074508268	1
-0.0228923624592485	0.0444982545317122	-0.0312980305111496	-0.0127466432981882	-0.0467661365183835	0.0235173262632403	-0.117698627063962	0.0840970793544553	0.0408805182172627	0.0175519612859463	0.0920415911123109	-0.016810859944155	0.0883928154857815	-0.00737702852468029	-0.0826148326954884	1
0.0845803410014454	-0.0316035687409372	-0.0234496919185497	0.0811493028536539	0.0376857580860682	0.0354200751987644	0.00895711540813969	-0.00160522897662135	-0.0962190879656928	-0.0387364593649744	0.0287068927435211	0.0134630543193367	-0.0398971324737047	0.00516441986108129	0.0278264674587636	1
-0.0225008523482775	0.0453826722789471	-0.0899863195028718	-0.0758695237833665	-0.0234183562239001	0.0553979893960722	0.0844834502775358	-0.043070504219394	-0.038449385403444	0.011246814293925	-0.0619116070207321	-0.102689792445711	0.0479323779505011	-0.14609500583774	0.0736226106625209	1
-0.0479112536809273	-0.0359732774588921	-0.0320372374235552	0.028190578174406	-0.0270954859625838	-0.00577741323289797	0.0356602798312775	-0.000797722336185353	-0.0745792908324476	0.0261655879040089	0.031109851203729	-0.0406265693105443	0.0523867656335299	-0.0305592039154938	0.0816323816615681	2
-0.00956823589645487	0.126718337309866	0.0401504295761974	-0.105673488322116	0.0336956044529746	-0.0416831625486659	-0.000662046672045981	-0.0216215765618715	-0.0320282413023678	-0.100820626898899	-0.0446019720601061	-0.0178406249204864	-0.0534374557793807	-0.105450516416088	0.00890509383231635	2
-0.0404959344611118	-0.0398940396524701	-0.0512046365897321	6.75800464647444e-06	-0.113705422368042	0.00385706840927396	-0.055569482848377	-0.0734816185971457	-0.0231424061327565	-0.0326084032272862	-0.0664228724936994	0.0302862620816088	-0.0149812033322423	0.0107961791025142	0.0425995665200073	1
0.0873098870113317	-0.00485993069032493	0.0577987434325414	0.0867712393904318	0.00566657112641489	0.0691832471214608	0.0130443604058396	-0.0121516715313876	-0.0272265489471848	-0.0471887459709072	0.0687755632102	0.0176749624422079	0.00292085588033156	0.120904882513205	-0.0750797722761551	2
0.00560797614370254	-0.0117871952603015	0.00751265076811828	-0.0830897746961632	-0.019272401728859	-0.149130430929663	0.107468866020307	0.0701454664302591	0.0643969267295511	0.0203027535862651	0.000114574552780283	0.0361012628242233	-0.0870240891124264	0.04688797631624	0.0490118783156786	1
-0.0425663677626888	0.0922979998507056	0.0136784875540064	-0.0316365255988871	0.112452052979767	0.0330029335586355	-0.08855965453718	-0.0225875691725731	0.037885539639838	0.0226982122622232	0.0791442526471049	-0.00192737795279164	-0.0134574855064426	-0.0499950001295045	-0.0468604765996057	2
-0.0164037876196199	0.105483649277608	0.0537264012128438	0.0387637216654396	-0.143039396579491	-0.0534156997961876	-0.0789265896786694	-0.0163554927351699	-0.00578245164500435	0.0650869837717596	-0.0102638529298999	0.00843960826803951	-0.0466082065690069	0.0189439480480606	0.0253087462295837	2
-0.0484022853598326	-0.152239255766472	-0.00318651499275961	0.0167837431066681	0.0081834055506896	-0.0841657916978966	0.0139550313230368	0.0230489599783952	0.0756427628646954	0.0112539644309253	-0.0159022922051526	0.00892555928836936	-0.080877706282754	-0.0229507548875733	-0.0355652311884523	1
0.0215376898262101	-0.00550122864335385	-0.0260554886833251	-0.105319937306205	0.0148120957779297	-0.0125781017281993	0.0364989437903299	0.11523669843125	0.0556735380422475	0.00301226851619734	-0.0317056693261262	-0.0531625971896443	0.0553227931759893	0.0485252974320978	-0.0192334051913627	1
-0.0536514178485025	-0.0241069572623613	-0.0403108574849075	0.00423752584503679	0.0335595392222712	0.011219720719478	0.0330530704304074	-0.0515620638490887	-0.0500648011358916	0.0177656166771394	0.00683905537903907	0.0359466403167509	-0.0187219855236203	-0.0441946674017313	-0.0106174003354802	2
-0.031139383868105	0.0747160302427967	0.0238274920283108	-0.00842203781428884	0.0311181581871727	0.0218511432596565	0.105225187235175	-0.0291348682244724	-0.123942734792589	0.0207692973763691	0.0750205448528836	-0.0100361937941828	-0.0328918812909174	0.060520084237325	0.0405549195273321	1
-0.0379519388621475	0.0166067941994243	-0.0295651496654241	0.0069162367064822	0.0142712074611128	0.0148785083987578	0.0676594805476054	0.011475186224939	-0.0559661728898137	0.0189017260890769	-0.0415771564002218	-0.0540513884621415	0.0416037491317743	0.0288959729655307	0.0548329072303143	1
0.0907084323925576	-0.0321133067327966	-0.0143598898360507	0.0723034288077455	0.0309683950198388	0.0287448104373591	-0.00507367583773446	-0.031427403683107	-0.0454052905183968	-0.0777292335931824	0.0956191883261971	-0.0334726623765117	-0.0427622136078832	-0.0011871584788414	0.0358770022235126	1
-0.054390960860937	0.0183168407097067	0.00662679089316294	0.0459409855611502	0.0633442848984391	0.00477296994814973	0.0309828414057973	-0.0248644602988578	0.0334697293956855	-0.032011903104001	0.0117227815780215	0.0593890345112491	0.050067753276481	-0.00416151449091846	-0.0248689742324595	1
0.00190141018305087	-0.0130843766083321	0.119085868794433	-4.02265470730165e-05	-0.167820302038377	0.0306480953837949	-0.0890611990073589	0.00657903625651533	-0.0462001131181075	-0.0400671850411287	-0.125247526234702	-0.0586579515045294	-0.0236696015313428	0.0942506126584089	-0.00456166559563312	1
-0.0499722603737454	-0.0186740194389213	0.024472495917309	0.0524724902387764	-0.0148170521899139	-0.0352281127723751	0.0132268303058582	-0.0200759849221939	-0.0556167436317435	-0.0125318686637379	0.138294162669647	0.0276218753467823	-0.0125822662642246	-0.019510268286436	-0.00915592098341454	1
-0.0287702116257624	-0.0265830938520129	-0.0710112271963231	-0.0617272413750091	-0.113242233331892	-0.013809617408641	-0.0463091805461295	-0.040849313470415	-0.0811712140115588	-0.0045617914296035	0.0284170751607241	0.105887027597725	0.0427264100987244	-0.0302547169415144	0.109497700783214	1
-0.0549827611162727	-0.0421756272529353	-0.0524574378157317	0.0531065416461004	-0.0216551571624849	0.0118304122949823	-0.0247310922660984	-0.0708527900820338	0.0624945208171473	0.00587398570544026	0.0488748515468477	0.0928622156217408	0.0120222364220366	0.0298850509384947	-0.0566355387724567	1
0.0684269271787052	-0.0725784069740009	-0.01217524985193	-0.163373059652903	0.0642548904299338	-0.0237315086168384	-0.046137391780693	-0.145182119242497	0.103156836609466	0.202723362486094	0.0560271335415569	0.0821557958420784	0.0999425485436172	0.0734058802234418	-0.131221773250738	2
-0.0249057756692134	-0.116650289753152	0.00326609722868092	-0.0728699267958476	0.00201270385972971	-0.106378169878861	-0.0416941944300586	0.0989824510192344	0.0203719531269118	-0.0472978694859081	0.00190118868372652	0.0554121549719905	0.0238085783837643	0.0853321402691062	0.0388666085895969	1
-0.0427582256456601	0.000131937814546858	-0.0186301950344123	0.0662386147407453	-0.0458569101115387	0.0447176768700395	0.0302520087179117	-0.00339292508028114	0.0796719015418715	0.0463239946603711	0.020748220554625	0.0603430439693062	0.0119465815728321	0.0426404436057194	-0.0345638100507112	2
-0.0351006339116623	-0.0356101874481506	-0.00697517501536786	-0.0899769087552587	0.0649833678171332	-0.0111120258747575	0.026714428233522	-0.00272711793055487	0.0797910731536185	-0.107527586317085	-0.0309740717114353	-0.0452690439763076	0.0438386039709387	0.0821861582219623	-0.00550817873322977	2
-0.032439772837486	-0.0497237063043397	-0.0127143949655163	-0.0160080936017974	-0.00105823978601727	-0.0291900627793647	0.0321110680802529	0.0725448768489477	0.014756474161397	-0.0187230830324559	-0.00971784777981869	0.0363656439215207	-0.00554918485408569	0.0677633573096039	-0.0298237098464077	2
-0.0442302249798318	0.0185059977671023	-0.0396835671384113	0.0485768743160383	-0.0324548667520801	0.0361430730991342	0.065094131368744	-0.0460656852692538	-0.0237614970536515	0.00272020854944266	-0.0649475746408646	0.0761802669501364	0.0475174056682302	0.0205731664053405	0.0139998422802115	1
-0.0501899876921955	-0.037032179148155	-0.0180125554618073	0.00991373578567123	0.0687871342292361	0.0179568491797515	0.0465587932563352	-0.00329006208551038	-0.0486654118476099	0.0495514839569285	-0.108074988632087	-0.05880534150912	0.0150443291943721	-0.0618869956466031	0.00669679437495606	2
-0.0437503646617996	0.0338594683372588	0.00417707702306055	0.0342108308907964	0.0152992796705162	-0.00624967904343517	0.00600096249682287	0.0127334952941425	0.0175533572802553	0.0132492862106818	-0.0591905545419567	0.0260773428334665	0.0384833374308957	0.0153462161303205	-0.0229036168296541	2
-0.034512768802339	0.00828592657893463	-0.0511317730410251	0.0191974207818823	-0.020889112599844	-0.00154484664116442	0.00807274944132946	0.0403108530590189	0.00847435791810399	0.050855314476923	0.0278547535251928	-0.0671182681430647	0.028546858289392	0.00934556503582417	0.0329420937313637	2
0.0883019208949315	0.0231660528573702	0.00783208171086386	0.00724710648684528	-0.00305975270780518	-0.11739120602006	0.126657384205243	-0.0352062846492232	0.204545645286854	0.113839261839114	0.0568463370718454	-0.0405155633307123	0.0350789791182659	0.0282773577763713	0.217107082952438	2
-0.058494606916602	-0.0459004095638489	-0.00341578893001279	0.013993656013903	-0.00495240850970965	-0.0222959317216092	-0.0937792817497194	-0.0314496462936872	0.0104477777152152	-0.0578395439791213	0.0245130568439434	-0.0425882459797874	0.0512258954738882	0.108394512822773	0.0261995303756017	1
-0.0390100674933525	-0.000257619905899989	0.0341654419898761	0.0465398590564414	-0.0713345271703574	0.0125678246368583	0.038137425365795	-0.0240362931189173	0.0418546899135708	0.0184703230809148	0.0557718094606841	-0.02159734631305	0.0199865187633473	0.0122401142871596	0.00331451088756059	1
-0.0441089244070615	-0.0772344545004624	-0.0591417658119836	0.0407842885018447	-0.0985184729393084	-0.0575456241936041	-0.0127930929964706	-0.0330946438278577	0.0070769854450629	-0.0033742206023228	0.030343156195959	0.116149125048212	-0.00579848200359915	0.0185816276847499	-0.0114323704043285	1
0.0979688351386363	0.00820929635343027	-0.0240791174376094	0.0828464939152987	-0.0320888028396846	0.0269685088116821	0.0154750442190659	-0.0729115618795975	0.0422131448026262	-0.00783520657742841	-0.00204225768401359	0.00638721988456946	-0.127920368942133	0.0298706184672399	0.0232765631402994	1
0.0888348075873621	-0.0354253325453541	0.0183311814572512	0.121872122681692	0.0118553915896676	-0.0159255383254324	-0.0697589007205807	0.0212201912192789	0.00891068877476244	-0.0688189032272735	-0.00462343546721115	0.0573082381339676	0.00860015479568615	-0.0604427255785793	0.0206320293826078	2
-0.0419889014348924	-0.00677249656596541	-0.0398654923374366	0.00405418379690868	-0.0133581153972436	-0.0108442969896242	0.0659425484697383	-0.0262084412408578	-0.0487986546883776	0.00469620000649659	-0.0417275042349744	0.0495981233437281	0.0625217677448385	-0.0128545139151527	0.0141890653020261	1
-0.0528393913508227	0.034291689184126	0.0128227580725255	0.0207236683321217	0.09220528597034	0.0602020765181613	0.0659448033439938	-0.0956122364507372	-0.0415009923426165	0.00578234380116979	-0.0906418680537573	-0.000743618630382608	0.0302193537451346	0.0381621084827948	0.0446931206978364	1
-0.0486791078712364	-0.0303618521978875	-0.0249906007010823	0.0356153798719241	-0.00642042402045049	0.004488891191981	0.0318752705398452	-0.0118645740716962	-0.00933552741801953	0.0282812901623654	-0.00359494274069892	0.0762614590498605	0.0123828635424435	0.053649931994185	-0.034858246304233	2
-0.0110035542957415	0.0173641308576804	0.125705635432845	-0.119234404975591	0.0200770279719346	0.125256024271592	-0.0244419511860109	0.00264373223747538	-0.00872154154657096	0.0239811404861994	-0.0315924885004269	0.0421554827418678	-0.0131448856238164	0.0130571966644748	0.0832700567213584	2
-0.0415643878618974	-0.0056941249087518	0.000530781013429473	0.0448456392704293	-0.00550682231331498	0.012886231264829	0.0307697245396506	0.0133226325653507	0.0356232298336134	0.0318283388694746	-0.0640915467718969	0.00269198694271155	-0.00963492579550336	0.0663106923343389	-0.0110943746852324	1
-0.0372028238307805	0.00475352452023985	-0.0268964164596535	-0.0250467064892537	0.0598929949147117	0.0155010717711123	0.103285807125912	-0.0180341038653116	-0.0390472464473994	0.0121844886715241	-0.0163277527394395	-0.0294623792929367	0.00717811170320262	0.0742698626509308	0.0121078382561483	2
-0.0451366530708445	0.00926357825528299	0.0170426036142858	-0.00959670401353056	0.0385330714211047	-0.0465387147363434	-0.0165250576173843	-0.0111131165448011	-0.0562275237460137	-0.0217453830952087	-0.074050370160313	-0.00398512987890011	0.0348247290015642	0.0746705553669813	0.00194523817375694	1
-0.0529083048054026	-0.0258424039386485	-0.0349243014520633	0.035340430361295	0.0327640674020332	0.0269980602036503	0.00658816187651832	-0.0137683119253351	-0.00175493168558735	0.0464029484556918	-0.0334428879282708	-0.0374077778973563	-0.00792519839613194	-0.0131934424807695	-0.00930072052915324	2
0.0770410082860351	0.00577378791697862	0.0538983099898731	-0.0690942441675621	-0.0449245328299997	-0.0990224159538233	-0.063754913863322	-0.165478182243661	-0.0265716436335169	0.133991634589228	-0.0277221452968828	-0.00965404715828199	0.065860193726662	-0.100017297364331	-0.117430251707	2
-0.0592378986385176	-0.0314228239409577	0.186622669833772	0.00358282288257103	0.0666456164377258	0.0778283258510746	-0.0595740155014964	-0.0325503216332683	0.000106051855159523	0.0808638845731752	-0.0560294441433417	0.0223288944769422	-0.0593707345767895	-0.160882685791067	0.123499414209807	2
-0.0510353140027114	-0.0212853869887111	-0.012927257762123	0.0736935390499157	-0.0275960493963196	0.0182632869077736	0.00267854187860257	-0.0209155002499068	-0.000698162296795805	0.0375032455587282	0.0055751772401418	0.0317784348644217	0.0353318453086515	0.0193172606560153	-0.0243453273696985	1
-0.00285925312197036	-0.00215259688794098	-0.033922598369635	0.00905393070482239	-0.00652530080077045	0.00651192934752114	0.0341018702619941	0.11648134553245	0.0127129619271732	0.0124522510956211	-0.0599283664829639	-0.0345246570823259	-0.0235425735746762	0.00182897054088323	-0.0514765063490012	2
