"SV1"	"SV2"	"SV3"	"SV4"	"SV5"	"SV6"	"SV7"	"SV8"	"SV9"	"SV10"	"SV11"	"SV12"	"SV13"	"SV14"	"SV15"	"SV16"	"SV17"	"SV18"	"SV19"	"SV20"	"AGE_GROUP"
0.0388284579166084	-0.0788134507431589	0.0337163496963344	-0.0855241337376857	0.0333473036344932	0.23847573415432	-0.0940181085232741	0.00101926452801317	-0.0202279077086031	0.0226613193018473	-0.131224565217188	0.19141992241485	-0.0332240689087158	0.205832271118166	-0.0217429802314045	0.0800556895603387	-0.145001761883614	0.0841827715769811	0.101925964843641	-0.0815670439276897	5
-0.00856098632039454	-0.18381691817082	0.017315263828996	0.120309874317144	0.00147015116306611	0.0103136543233608	0.137184885029398	-0.00792442071765996	0.0176062461064395	0.146267890724333	-0.0840365837726103	-0.023047077233998	-0.00415586267524783	-0.00887896901110326	-0.233349515134955	-0.00259217348009807	-0.099032683513172	-0.0920230126819729	-0.0286870406092001	0.0392727968888815	4
-0.0638740165614042	0.105416405597175	-0.0569260384920536	0.0265976041179945	0.088756134155592	-0.0635204977735908	0.0409338936794015	-0.000283689134426568	-0.0872174513557543	0.0867114027267694	-0.0353344432314827	0.0811267537028038	0.0908211010080759	0.0546084854355316	-0.00911361648971582	0.0796115552110185	-0.0150006492518446	-0.0613304909250758	0.0671646569437813	0.00836959261563306	5
-0.115226667445034	0.000923029315292201	-0.0195429011070004	0.0348022896129749	-0.142938955372095	-0.0205005113396547	-0.00177755967268285	0.0141298389467496	0.0191345493422233	-0.0523235483506287	0.0373199981376076	-0.0868577996824367	0.0115402101808704	-0.00574698923325193	-0.0373665605190744	-0.0889377576430213	0.0534443986436749	0.0142812415725671	-0.00236633991491791	-0.0184333716379904	1
0.0174794517307303	-0.0739515002648707	-0.0657940336914065	0.0121941251547754	0.048873796996681	-0.126619018006723	0.0274726198621799	-0.03225081999999	-0.0935927563299729	0.0445386345570347	-0.143457540453096	0.12388800777969	0.0502265259597333	-0.0467615780548644	-0.0563880759404637	-0.049838807482682	-0.0450606876493364	0.0318111657437232	-0.0343189049398801	0.0268310387209288	5
-0.00797805460515885	-0.142866824003606	0.112813450786503	0.119955690517154	0.0136270453355095	-0.0358097652702681	0.0616604403184037	-0.0181655664902012	0.106252887385609	0.0656092851885395	-0.072086352757385	0.0528897878134038	-0.113034718398034	0.044350736038298	0.160695899610504	-0.0990364690059028	-0.0332022434342684	-0.061863483664567	-0.0830320289411248	0.0725224850454845	5
0.107270495761745	0.155548870300586	-0.0821110171644531	-0.0472581543127019	-0.0117797685299984	-0.0494545497072021	0.0601137224276081	0.00462322640644638	0.068784787093375	0.0662663069990889	-0.0713599892974509	0.0925962880005701	-0.0111916408960549	-0.0578918405056052	0.0304175618340552	-0.0436776348990899	0.115033336845258	0.0256652899821533	-0.0200050619361555	0.125890012959013	4
-0.0119650220704932	-0.0559098648530605	-0.0586638380806349	-0.133313579586242	0.0528214244556293	0.10464360990968	0.112149519333016	-0.0437860923205742	-0.109052089272762	-0.0924937573784255	-0.0700450467359004	0.0562771383070087	-0.0308020542263607	-0.12132853821463	-0.123270248365324	-0.255082867684364	-0.0500771052767841	0.19260168754264	-0.120834846526114	-0.0594158740835684	2
0.0248351898324378	-0.15230155201671	-0.0177742749079056	0.125876211083757	0.106999136273262	0.0260133705431181	0.129907505921115	0.0045373737317562	-0.0821751736615953	0.0198739317089514	-0.0396502289612291	-0.0679105263974096	0.0670310583136503	-0.0168410073163155	-0.0696357469429601	-0.0402971207969645	-0.116699284245294	0.020528313257891	-0.00150288115304698	0.0407768660928913	5
-0.0778080904165691	0.0629150026291504	-0.0423963112897891	0.110531214188565	-0.0256977899743538	-0.00438584170976228	0.073242828008817	-0.0531181343739702	-0.226231274808429	-0.112973960069576	0.0624710608528904	-0.10096007103364	-0.0450017674183046	0.166871897058613	0.0104373283050472	0.0682096164859607	-0.043144011762855	0.0105682183366472	0.0321748895465295	0.0156758183839548	5
0.0334875536402639	-0.162810620761801	-0.0632941232564783	0.0895697339858915	0.0351991784398641	0.0149829986714555	0.0381078481239351	-0.096117248246908	-0.126738898860985	0.000276803957588497	-0.115815790853383	0.0742723023144424	0.0954800594060554	-0.0282191557983486	-0.0548217044158	-0.034708904452994	-0.0496600648625496	0.00917779605114079	0.0650930946514763	-0.00712652687935085	5
0.0341794739720748	-0.0895324624964876	-0.0717330793252971	-0.0401886623932383	0.00525753448848831	0.00388264546101198	0.134500182224206	-0.0432644953955768	0.0171849446174922	-0.0845649533185286	0.0123253762185627	-0.034277110579861	0.0350537339968778	0.133187149335791	-0.0994910193630287	-0.168514431855401	-0.0103918183800164	0.0372455839353202	0.0189415450697696	0.000526519040586565	4
-0.0737680035887003	-0.0119059415300151	-0.0659570649930679	-0.0647286813394003	-0.0948309252346091	-0.0900876459806536	0.0119125495298903	-0.0936330415011046	0.0564866876722949	-0.113217645581115	0.0204167015717454	-0.0860266930564806	-0.104703345355943	-0.0588776571989355	-0.152250653547338	0.173648022224879	-0.0264626771909922	-0.0193565359307667	-0.0807330312481777	-0.00623288193675951	3
0.0483599878832387	-0.127750001066796	0.0128458678355742	0.0290924463328917	0.103031509115988	-0.059200812271707	-0.0342626057026821	0.0562967045482047	0.147611971904649	0.0234685376644883	0.0778172608053981	0.00303767430341438	0.0313580800960163	-0.0359805459877325	-0.119185291015879	0.0147526032021226	0.0703240472623261	0.0630986843544336	-0.0915946568559056	0.109183024185093	3
0.0350960768615063	-0.141285169541845	-0.00475769750334623	0.111821587134273	0.0481306961976149	-0.170591827978365	0.085507813794268	0.029784263308359	-0.0515065828063279	-0.144930240906545	-0.074801284916577	-0.0774778828878096	0.0421613857677786	-0.022442944923164	0.0414035447286064	0.00217019820179126	0.0234012851728647	0.179398312116233	-0.0605000387468618	0.157561793498427	4
0.0782083882190784	0.142926867491997	-0.0449696358889879	-0.0525337519504082	-0.0782363479591508	0.110312518437296	0.0476713371473479	0.0629493569470317	-0.0168196443912636	0.0560582949570542	-0.131987881219315	0.0627981184981941	-0.0117382930953585	0.047767958216089	0.00853714935696739	-0.0192472289451784	-0.0626886481429016	0.138498184521267	-0.131657784884389	0.119049273769915	4
0.0837702295334745	-0.10490712872123	-0.0569100493100496	0.0713432150522493	0.0310715852118638	-0.162087182895691	0.0423036828168084	0.0153641209102383	0.0142858995397578	-0.109670289076273	-0.0088980043823994	0.0776799773576684	0.0138213649020183	-0.0127665582588652	0.0545449207731389	-0.0328415480241736	-0.0996661955858034	0.000150253378387588	0.107417443000042	0.0805477026713504	5
0.105444801889497	0.0555360771901128	0.208193852859262	-0.138054994738924	-0.0784796855249797	0.00716228208010113	0.00295724559386428	0.0981746160167455	-0.276541679125255	-0.0281352874296114	0.231836193283915	-0.0417608216170042	-0.145949198870338	-0.0216361887844983	-0.212044814216166	-0.0347883709108889	0.15590105944792	0.0260586108691009	0.0571472738989893	0.163270627864005	4
-0.0637476836149492	-0.00375798700574915	-0.076704509674501	-0.0975043722909747	-0.0258076246176104	0.0363826493750991	0.0271262305804123	0.146479329042067	-0.0850633126123213	0.0455878761642729	-0.122343042953335	0.108324788591386	0.0699899987014581	0.00252776244217985	0.0349381285427747	0.0542297053503391	0.0405592689524807	-0.0596455571768154	0.166353624574816	0.0247409762441275	2
-0.0497930120356316	0.0539043175957276	-0.0531924031321758	-0.0692549184908165	-0.15264017054239	-0.130984937655925	-0.0137867452030641	0.021244886226794	0.0499476524140184	-0.0847551354956131	-0.0455628966766081	-0.0612368347274634	0.0149058425849716	0.0445817802498642	0.0955754975729652	-0.0449287586562386	0.0470502411829526	-0.0820136701719499	0.0813013121666288	-0.0913716959986482	4
0.0548049707125429	-0.0549329262296833	0.00935174618371179	-0.00993701829540251	0.127279960838393	-0.0421161796165183	-0.162982083454287	-0.0252588409524629	-0.100905572842035	0.119731416088305	0.141174031342641	-0.102223486169231	-0.25625024984769	-0.0240707156790985	-0.0756696380846719	0.0787968917376102	-0.0632726810297049	0.00507136829683631	-0.00354711673822855	0.0105042584248396	2
0.0232596888129252	0.0635908929650545	-0.102391933644497	-0.117095118308005	0.0145454686971557	0.0306765882989156	0.00230724068544277	0.0935054121280878	-0.0376857656286891	-0.0575916658062765	-0.0822075933387896	0.11169864310746	-0.161351691404045	0.102327803517231	-0.0570760145186032	0.0524158065516607	-0.0344152134267344	-0.0244049838090931	0.0918888600852834	0.0171925405250807	4
-0.0431037122490968	-0.0246525192808499	-0.081853107137312	-0.00936622602974944	-0.0316003832392824	-0.0237730053248746	-0.0193084823546669	-0.00766554135360187	-0.0392917207370183	0.0116799061334304	0.177037443357702	-0.0546616695178504	0.0262761893122734	-0.0676880583291604	-0.0229747259671321	0.026279892912685	0.00352441882986022	-0.0616738663312023	-0.0592345126466363	0.0160994041878038	1
-0.0733478319757753	-0.0121197530799963	0.0688961545944597	-0.0627462173019182	0.0136418896754877	0.127227153720825	-0.0909497260205247	0.0396018779996644	-0.0782637568972173	-0.170165050157702	0.0376510043821857	-0.0250791616917982	0.208438029464242	-0.0269255191108753	0.0109628339896943	-0.026875071640386	-0.090829944873265	0.0210220790676878	-0.0635242611141423	0.00600058389296097	4
-0.109698342901364	-0.0418727099031935	-0.0403255870538449	0.0347160226562673	-0.176300650304098	0.0679252407977609	0.132503332417532	-0.0198414054085243	-0.103668778518614	-0.0395329341552194	0.100039287080782	0.0201346415246889	0.134650133303998	0.0989159845077711	-0.0554194029951734	0.158659798092567	0.217506413841089	0.107288389798726	0.089115985223495	0.054974503495032	5
-0.0300875932138033	-0.0303297747485839	0.064064870201015	-0.182682248634157	-0.0561928549136615	-0.0651279491636628	0.0395325045439939	-0.199482577498945	-0.0284741006322069	0.0240599994263669	-0.0975682423584647	-0.00432402898489106	0.0424121613934357	0.286939730606562	-0.0580294657896013	-0.0489969498906567	-0.0818255512375834	-0.0889754565434313	-0.0990182143649277	-0.0193176707696188	4
-0.0186666464677147	-0.02023466745241	-0.112056418955255	-0.0192841363769657	-0.0860851037183841	-0.0143100728066712	-0.09894747201256	-0.0484967477653647	-0.15609002813865	-0.0213745015958654	-0.0173393994254825	0.0404475574137678	-0.0976809080376798	0.0457731098881564	0.0703932526901025	0.0115474785913644	0.0346375922099783	-0.0752592936485063	0.142566725486733	-0.109950513211793	5
-0.0459521214192486	0.0590037903737793	-0.0839983195975862	-0.0233516057891363	-0.0696492471468929	-0.0504984745028606	-0.109946696359232	-0.157159580402015	-0.029164682893308	0.0407691517365539	0.0573104960700025	-0.0748783326862036	-0.140380673796352	0.122433287584763	0.0453938401256872	-0.047705048882161	-0.0790006882801206	0.1189774259738	-0.0213564886838909	-0.0697767814057911	3
0.042880176052629	-0.0838798391442934	-0.0893446036284653	0.00824952089631118	0.0832724151664559	-0.0990871850550069	-0.0488808973616624	-0.0819577231626421	0.00793596241468896	0.19932307705855	0.0357039211780098	-0.129287213945065	0.0689534067517572	-0.026378684720846	-0.130906573252084	0.0408934090202365	0.11522313096204	0.0155736710999343	0.069259242783284	-0.0766506137657671	5
0.111607463893359	-0.0338728940526858	-0.0566589895377374	0.00141374128314782	0.0772055530983078	0.0193537089170705	0.053197413336914	0.0251711982168311	0.0430199219475146	-0.118794560229208	-0.00198442607624687	0.0897263277324392	-0.0724516827974876	0.0636274519731583	-0.0369193287150248	-0.108660095675736	0.155808021235785	0.128154658113461	-0.0474122520510413	0.0161039296537701	3
0.129146903777367	-0.0429962953624797	-0.117036174425312	0.0363262529123535	-0.0358595540281262	-0.0285453598898159	-0.138424195977217	-0.0512298337440944	-0.0322707564175669	0.198143971849818	0.153596696087604	0.0695692993596397	0.0193019799873102	0.0633596013862599	0.175019179571429	-4.62140157321319e-05	-0.0781507749484111	0.0288248894866476	0.0560336471930222	-0.101025507972287	1
-0.171252135291842	0.0143775703255874	0.111554516270312	0.213119937599352	-0.188858634198692	0.0251143356352508	-0.0326210236416867	0.117624580053156	0.0331308934676441	0.109885962180142	-0.0502756803284084	0.249697660283844	-0.165483987602932	-0.0443376976299628	0.0341625283814969	-0.132567010742997	0.0753305642883163	0.050880772339859	-0.0710196216612093	-0.101025772617488	5
0.179872203598626	0.0825585955182877	0.0850481360771476	0.0551500873222378	0.0753337408095319	0.140810309938925	0.0395431380523732	0.162045097035509	-0.0785606586446437	0.0226533976892704	-0.0370126439945324	-0.0559222700155767	-0.126239605639523	0.127569297287896	-0.101686679013523	-0.074769446230097	0.109611786975538	-0.321581497479262	0.0188270567116547	0.0133128533393181	3
-0.00411158961599333	-0.110801414048533	0.00995562429821229	-0.0107207250005281	0.0113415243084263	-0.153089841228518	0.0377919951324717	0.23170769605831	-0.0301408111237205	0.08898162081465	-0.0928842828030449	0.0411998756552414	0.00123832015085454	0.0323631768701997	-0.0469322400524396	0.0692078016462776	-0.0699520587571034	0.0527791606101116	-0.0539157588612349	0.0405797283006712	5
0.0768780083302267	-0.122829582155833	-0.0704323542728809	0.0447111295184349	0.0864900284392259	-0.0435321295233924	0.0110282814412891	-0.0539166552854841	0.0335501516637184	-0.0190668734967113	-0.0186730648325427	0.0317841576929272	-0.0498940104914167	-0.120014569920862	-0.0562110459194716	0.050662931503673	0.00950656081461022	0.0278475309164834	0.0333493668913155	0.00170648235719069	4
0.00788985535988517	0.0501773790724876	-0.057010852560511	-0.0723767830759856	0.0277257041470276	-0.0320861611261351	-0.0368156988904329	0.0846932669497431	-0.0112796367490227	-0.00784210199133592	0.146159096689341	0.00146689522873453	-0.126959477321636	0.0985776868590463	-0.00433166154451038	0.0431134599381022	-0.00638985981422284	-0.0332309054205972	0.00233828295176324	0.0640297910005881	1
-0.0595611651742586	-0.0125421509908389	-0.0879378766303723	0.000459549094544995	-0.0112715762308845	0.0377203272212214	-0.0291887339009883	0.0844394886182178	0.0232862625454897	0.0990321603331689	0.0253025732338898	0.0471887718387927	-0.0127307106712825	0.0578682806208532	-0.0489360620129492	-0.0175131078141236	-0.00971447919459984	-0.0158747249576852	0.0260443691793488	-0.003026319537365	2
-0.0458248290202856	0.114185677377037	-0.0590011835474706	0.0418481553934837	0.0963360955319974	-0.0294161982097377	0.118773646107571	-0.142676824657617	-0.0707606536152832	-0.00497501882467095	-0.0632087274733305	0.0126069027785726	-0.0532345776171997	0.0507372622929134	-0.0649596071409421	0.0184902576046361	0.0377848238420955	-0.039348578958293	0.0248389825328093	-0.106988890240329	5
-0.0423714398354963	-0.0690803299912576	0.0575422204517606	0.13551212202928	-0.0797116838509906	-0.196592471645969	0.0173994766648448	-0.0880097117662275	0.173616903434368	-0.122557216016035	-0.00550571133459705	0.0203139595499636	-0.033164543641018	-0.042368453384993	-0.0140986904193553	0.0824106872136302	-0.151531448066156	-0.0973754950210199	-0.00530840306273091	-0.114918859475896	4
-0.0782288322245288	0.00304034172940856	-0.0474505310639051	0.0301619691870799	0.0158928080659973	0.0360567042851943	0.0766744528243972	-0.0724278709589499	0.0643507421137531	0.112190021959357	0.079898003296541	-0.126867090334018	0.00569042937443942	0.0163415547014196	0.0727504062032782	0.119613304008996	0.0673477273840957	0.0231519693403793	-0.0392472256574969	-0.0268981726192029	1
-0.166597651338718	0.034528288965727	0.133121637952098	0.243927601629424	-0.148848128697133	-0.0589739545883481	-0.0855072481042385	-0.0568361674841448	-0.0206425439389914	0.0200029270466705	0.0559713527556095	0.112565968858681	-0.116380897760655	-0.177003110776694	0.081878327341469	-0.171540539920216	0.0609757025743818	0.058554300895941	-0.162032163382281	-0.13904481365929	5
0.191883423145789	0.188959846630201	0.0917639723238219	0.146058455865232	-0.14621502841245	0.074968233369701	0.0210561610761355	-0.00672844954392102	-0.218508753994654	-0.0403958310905738	-0.126969549638101	-0.115400646242069	0.0936980258841675	-0.0133392995155139	0.0095427626330976	0.0732504942102417	-0.0600256431061273	-0.0142674137171266	-0.130700226519126	-0.0706808227360666	2
0.0314849056104644	-0.0765220146827678	0.0202663775961113	0.162942830509929	0.212424823417775	0.00429976130886823	-0.0470396957300284	-0.0581394360514524	-0.0735965932929407	0.023174288818007	0.000608539307149613	-0.0289595444398695	0.127158280000234	-0.017020245296274	0.0583618267404152	-0.00428714748912855	0.0533425494117663	0.00394107737435452	-0.0311081928783943	-0.0971945720115899	1
-0.0658830123293152	0.0241623504490658	-0.0164066804579739	-0.0534183657242365	0.0037419075512343	0.0474389179313392	-0.122830414660994	-0.0545602704114096	0.0388061267631238	-0.104262696615908	-0.00504170947489496	-0.0840054016007472	-0.0122063577211325	0.0068501240629806	-0.0152245766591991	-0.151968905832827	-0.0707221165956432	-0.0992211688258828	0.0488015135010653	-0.00207718135141612	3
-0.0801098583542876	-0.00255414454127565	0.0669130776807759	0.0222520546985335	0.113415032845185	0.0901765376063571	0.146000646559446	-0.139306592985461	-0.0190748333202166	-0.161365174581048	-0.0155592798450618	0.00106768910729139	-0.0224834715086353	-0.0685308147837109	0.0790284923746808	-0.0247049922925301	-0.00782735329888384	-0.0137927180480119	0.136030827876429	0.0780491084526136	2
-0.00900351570399208	0.0247308766052451	0.134778625603858	0.182222144374325	0.0100397617202755	0.020817929525921	-0.128051786450343	-0.00337824485500764	0.201455799797861	-0.0626541285719613	0.15959207449069	0.112475724224833	-0.116324235315938	0.26851610223258	-0.296893144233519	0.134482849253926	0.169699530885248	0.00539504461187209	-0.131971186145976	0.0448983131307737	2
-0.0037319116229539	0.00643647485908793	-0.126635711631042	-0.054391347650836	0.042970277925284	0.0495378050954165	0.000988336234521664	0.120470120650367	0.06749164551111	0.166956812388999	0.148843177274591	0.0454378928896658	0.0875123345154484	-0.0261820932316069	0.048594318273595	0.000298955085170544	0.0284531707576044	0.106543184812988	-0.0970672767033689	0.0320986849046518	3
-0.0172509159309668	-0.0854521450633156	0.0192388494408157	-0.115216195036488	-0.0898986151000699	0.0233647534486765	0.230743368610106	-0.0938315435666059	0.166443908937123	0.184253307481137	-0.0911550290973742	0.0323158102651901	-0.0198925243798511	0.0777091842226445	0.00473533343368062	-0.193201721165208	-0.0271743678819549	0.123050424671267	-0.0277687514753059	-0.239662939928944	4
0.250181528867377	-0.0190867947185385	-0.0239997076835902	0.0638043956518578	-0.192209431125217	0.0043282355182425	0.00908440970879831	-0.0456799821914399	0.0657283997700635	-0.065036753799291	-0.00228293155286392	0.0602530192661029	0.122171779164129	-0.217202816257777	-0.0620244517387007	-0.0617300365459103	-0.180370813181721	0.00769012185540417	0.220149392166215	0.0775256176231255	4
-0.077334674262821	0.0438564260169094	-0.0402195336943468	-0.0261758592698149	-0.00111160147948268	-0.00919889648054544	-0.0586976078154377	0.0840210323147318	0.0444002084401846	-0.0349347825329523	-0.00249869256763305	-0.20445074774562	-0.0913503380222184	-0.00558592757249828	0.00417714507532423	-0.155842712962322	0.0411340681393485	-0.00982584041642155	-0.0717431178801061	-0.0125124994930525	2
0.0704868563752756	0.126542119865965	0.152691198332886	0.00984035760171123	0.0975027876513329	-0.0819078168500992	-0.0287708385800784	-0.00664385906304998	-0.129610110300787	-0.149516626743315	-0.0766805707833866	-0.0756897903905018	-0.0255822769271567	-0.0157836712284541	0.125756691013802	-0.0988977895654235	0.11418726043016	0.132616079328001	0.00599507996596392	-0.06896726121129	3
-0.138988584884959	0.035387966840984	0.0325069450753229	0.00356979414583508	0.0669850842275985	0.206967748808209	0.148206263592445	-0.041142463690662	-0.0278914339994105	0.11595575909092	0.0726144118076437	-0.174132785120618	-0.129612160367166	-0.120130965531411	0.172955182570202	0.000671164690547659	-0.0540670202759481	-0.0733369584966296	-0.0432880109805801	0.178751185964453	4
-0.102842697268404	0.0116586424358906	-0.0781713769930418	-0.0156335196289368	-0.00415332233315972	0.132803405890494	0.07780617627825	0.176826345644104	0.0611196687919765	0.0366068324162323	-0.103081064293268	-0.146134556605594	0.0588250544338002	0.00416545044106353	0.0475163761673873	0.0166475072448246	0.14394380962421	0.112684630761485	-0.0485702590216288	0.101221014611747	3
-0.11955401622011	0.0406122881585027	-0.0178310897724892	-0.0352750918850496	0.0246099561396073	0.0980858440574477	-0.0879234508857469	0.00463284728939035	-0.0153739166180717	0.0457866088254821	0.00673444582929209	-0.101269723466311	0.00482147669482724	-0.0898222462548074	-0.0522272374148134	-0.16732210417954	-0.141271854582471	0.0441984216348836	-0.116631010363718	0.0569998964215027	3
-0.0123460455398742	-0.12370989298196	0.0435606180890472	-0.0346595139493338	-0.112251382428086	-0.10476157292664	-0.0496796329654565	0.220446847475163	-0.12474622443413	0.0664612981952101	-0.0531905295701985	-0.0950156819675413	0.120664733400623	0.136088431441304	0.0863967291570212	0.0809958851858784	0.0506061181963027	0.0653807300080928	-0.045537036483242	-0.022037864294948	5
-0.0929407256273895	-0.0329709876763387	0.0916521291662012	-0.0122729317936026	-0.00890061479880408	0.0114940587414095	0.0182953681721077	-0.132440642525684	0.0389481613243407	-0.0246176536533989	0.0652726950443186	-0.0966927484004064	0.159109678648548	-0.0931521775344762	-0.136433069523811	-0.0787022239122714	0.0897455098797704	-0.0682017232962345	0.0119540229166288	-0.053977762147022	3
0.0938125091779012	-0.128098102977349	-0.00246994656563331	-0.120507512497282	-0.0278717934267167	-0.0218598314838451	-0.0335258705693407	0.0637526250509878	-0.0381737146966913	0.0980074169352827	0.0861453443410785	0.0275325483646807	0.00891474438682821	-0.0253402924040872	-0.0450839112012127	0.0449363368529016	-0.10865066670907	-0.064446939771429	0.117015815776244	-0.114467707357518	4
0.132332595330754	-0.070486421739039	0.00446772175853862	-0.00923863960049797	-0.0719052262574945	0.118041157413808	-0.0642622613019641	-0.0169987823491558	0.131158512342192	0.0482350279069316	-0.142199842733772	-0.0343423766888951	-0.00470209466321817	0.0485170405357125	0.094511944264707	-0.118731396110618	0.0181733271564669	-0.11364065821937	-0.0237637773545317	0.0315666016467304	4
-0.0155593077067756	0.0689844041996128	-0.068502655932868	-0.0162620474178377	-0.0369922184560948	-0.0867541407023877	-0.00530639646437119	0.0448774303305908	-0.0617222935810903	0.0256044238397745	0.00176287830708417	-0.0712572657309719	0.10057273807523	0.0199097881175144	-0.00715010097659674	-0.0996705889405843	-0.0628442612769135	-0.182282092768951	0.0341391640551038	-0.064843608501503	4
0.150627275207543	-0.0265421863140224	-0.0997170090517682	-0.0734942900036794	-0.0794879287618997	0.143562465858468	-0.103695275210197	-0.0587442726424631	-0.0326939429005561	0.0605540450807411	0.102569592431585	0.0482351643278326	0.00332107784948789	-0.099858162018874	0.0970919415039763	-0.0680510725793839	0.104298548390028	0.122576560484862	-0.0895653288214275	-0.134314068609697	4
0.150525726976157	-0.0819121343652764	-0.092709824024464	0.0222347867976082	0.0920665187200873	0.116285291949625	-0.0450178144256844	-0.097883700643625	0.0707273166307559	-0.194766222402506	-0.00373410165945514	0.0141572891961109	-0.140028938013013	-0.140073172144248	-0.0442866200029523	0.170505345446847	0.0502613599740557	0.0854908825653764	-0.0877794822568596	-0.241043688858927	4
0.118400029484767	0.264079632996475	0.00573789794558146	0.0288189858317462	0.0806190341964216	-0.0430555437618911	0.134847682876917	0.0121077856475587	0.0638062355059887	0.0746161884139638	-0.0362960098202194	-0.00128780042382987	0.0602010439627657	-0.0126516412951447	-0.0314434819840656	-0.076246206422394	0.0173493338777417	-0.0147381887703812	-0.182158355498277	-0.0216833534355557	4
-0.0903178563119273	0.024514138199158	0.0206817149964673	0.18158335440319	-0.0616576778800187	-0.0314729622028652	-0.0103096117997968	-0.0441301826353333	-0.105372009670382	0.0419796381923476	0.134483410433171	0.0865110221433299	0.0451517137315798	0.010162017295301	0.0449239184505467	-0.0819987343340286	-0.0945078500498577	-0.115665951594691	-0.0366310381248692	-0.053271824516615	6
-0.0513873746540041	0.0682374914083146	-0.0722997277181567	-0.0667247489215499	0.0894369745522182	0.00961540551894171	0.012197546829898	0.089651112797031	0.017583758232826	-0.0342883044374523	-0.052449226446088	-0.0695806812981073	-0.1071556774932	0.0721308195645171	-0.0236987396013573	-0.0919111473935003	-0.0145930813108959	-0.00173451149292546	0.00911267151117333	-0.00793965634215281	1
0.0965338248070619	0.0315322866466355	0.0481490988964437	0.00579885345926144	0.156835437022368	-0.0514240797453065	0.0984692654709917	0.110167384331404	0.14967716452921	0.050774223140401	0.122195405182656	0.0836310268813844	0.0700151896320742	0.0539592553912743	0.0523134278103581	-0.133295153360862	0.0237321730252527	0.140099389681514	0.051059925987934	0.0228034304722225	4
-0.0878694880857707	-0.00606521318482185	-0.0443368645875339	0.149827741661011	-0.0100856647666601	0.00232780597308034	0.00886372746684705	0.140407086164105	0.00363922182820127	0.072768743017029	0.0742891884703683	0.00859088993478606	-0.0410453695097903	0.00629419254072776	-0.11646487007564	-0.0368571616941141	-0.0206622475445423	0.0129808870686933	0.0553778881573125	-0.0126836232968192	4
-0.00106329803689131	-0.036091473338369	-0.154925293361864	-0.0577037618013006	-0.127217057973542	0.0416792855008679	0.109236851623125	0.0392524392725525	-0.0104464824945804	-0.0697232688115723	0.146073586203241	-0.00404441135161797	-0.131580054031161	0.0105483223974778	-0.0462070540786006	-0.059789885609234	-0.0337595904552246	0.0752305668787835	-0.128373883555421	-0.100884564385446	1
-0.0736882503281158	-0.0066690698378283	-0.0613408964751947	-0.163870526786219	-0.0440196673863201	-0.0225205474847116	0.0898593560856277	0.0858883914792751	0.0326423355961651	-0.0642090360483521	0.036509534960571	-0.000862917730965482	-0.0149680852672576	-0.082163246172459	-0.0400428712032982	0.124997300421475	0.0340075943605113	-0.134762575338826	-0.00537031986063427	0.031765268040136	4
-0.10893658786958	0.0141543120413406	0.142873699135132	-0.0788989775872837	0.000339540520121398	0.0495767385674367	0.00316525934447716	0.00931460041208261	0.13917216481723	-0.107050391377871	0.120145905704934	-0.048065934239945	0.169135637258913	0.0490144938106315	-0.171867110812077	0.169796802634443	-0.148164953236313	0.168617760668445	-0.0220062382884885	-0.0461505585522179	4
0.024013302351542	0.0519745909996958	-0.0398426316037749	0.0359123905534344	-0.0647052163678361	0.0570206411326385	-0.00899528005649977	0.0761252779778392	0.0593715937538177	-0.0425088320447602	0.0252987261245717	0.0154627620945081	0.0784382386375891	0.0289962404208794	0.0840340900813149	0.10201354613544	-0.0731387016864726	0.00568617588666653	-0.073408827533213	0.0675310475521773	1
0.0279865992841315	0.159328868196862	0.0204043698396082	0.0568666530552758	-0.0199535591940636	-0.0697507884465041	0.0529342439363805	0.125862846164727	0.112127376222572	0.0692915589622762	0.0636501423202677	-0.0993736288669686	-0.0770694948222112	0.100045396984084	0.0333758031204946	0.0795285342380988	-0.215683091084071	0.044971068638431	0.123350778746594	0.121613533592495	1
0.0319542958106015	-0.0215336955142816	0.0708978891914599	-0.173338226850052	0.0439358295772599	-0.0328806689599817	-0.122241709635168	0.0135736555910806	0.00474019249089228	0.0390285566350021	0.0641495404489019	-0.0822213927492469	0.0175210225338752	0.0137661759581121	0.0693483466718749	0.0675074687210224	0.0821620958378616	0.0329735815536466	0.0941085498422477	-0.170658095944519	5
0.123355994062659	-0.011558950470504	0.183466226522547	0.0981849178644713	-0.116946398763847	0.114632806983851	-0.0238491041354565	-0.0629738294838707	0.173995422437456	0.0616822671323552	-0.20212989194688	-0.290403263698682	-0.115886221831082	0.0443056470542289	0.096618435142647	0.0481754196351592	0.0746313428646285	-0.0627975409945958	0.106531539635626	0.0547150999349965	1
-0.157381802479126	-0.0077523779886495	0.123308712350979	0.2407722596327	-0.0928958458693939	0.0174871930988446	-0.00467418730122204	0.148490744901384	0.0461785051849313	-0.1138587340669	0.0584301220328846	0.162382419968052	-0.0362092682301683	0.0302233672117615	-0.0183638702033306	-0.0956837007968212	0.0120553368302249	-0.139941262233763	0.0431003080261758	0.0460886997834751	1
0.00568678686454607	0.113404487745536	-0.0402087313902349	-0.0160893265972479	0.0991656804488636	-0.169770760801988	0.0879130822454755	0.10720405541955	0.178942019110085	-0.0135192148989392	0.104993811829784	0.0168803995238644	0.031832494300812	0.0575478228338822	-0.0197107780455031	0.0666589417485964	-0.0955134557606169	0.010851764906033	-0.0142443197801995	0.00594405613909898	4
0.0179713122151846	-0.104961926865206	-0.0374283720913974	-0.0419992791531725	-0.0161789733408264	0.0461286765263666	0.100501835491259	0.135266792928319	0.0242606297018512	-0.107552915017673	0.103462056171235	0.00937786328958578	-0.0799140750429938	-0.0112579448191298	0.105949238174086	0.0975129969060457	0.0046183464419922	0.019669348233041	-0.081882020784729	0.00611148439126129	2
-0.0490696737983926	0.00624745533510774	0.00848149552404288	0.132572301463215	0.0930366626463103	-0.0192692692286131	-0.0610104246249084	-0.0369655067973632	0.0565623201106615	0.15542168407874	-0.0101699392398143	-0.0137852078626444	0.17742797285237	-0.0611731633094869	-0.0401977550899055	0.043083207913382	0.261619698214874	0.02923167127657	0.0283188546918608	0.0949157441916058	3
-0.106819076010711	0.0489731766082813	0.0435170801059143	-0.0037258971040603	0.0653033974288005	0.0787674712313245	0.26433197569461	-0.0782538012634744	0.118334952652163	-0.0258448799169615	-0.000952804030851288	-0.125844905146988	-0.142737276703188	-0.122324690567828	0.0997568551643511	0.0822180201598825	-0.08935013477907	-0.0238900019562609	0.0283130446803198	-0.0167044035424662	2
0.0102477249757501	-0.147565374341605	0.0887228957068431	0.00584166309801836	-0.105263026263896	-0.122819454708183	0.0112910073549121	0.12175150717825	-0.119439982739868	0.0223302788479278	0.0268898402460419	-0.147446411510485	0.0507922908433595	0.164358228360896	0.210166426434082	0.00896042140576857	-0.0312444510903473	0.0585473988284912	-0.0783041745285015	0.0229040433861132	5
-0.0798149414649539	0.153731004810364	0.0627226678360563	-0.062796908825244	0.0608440326311652	-0.0784353322023194	0.106782418488115	-0.115186890185277	-7.98129302365322e-05	-0.0107471146110608	0.111176075848044	-0.0372955368990054	0.130668495258888	0.0298209845875539	-0.0111576192157073	-0.0294104663060273	0.0512891030926589	-0.01367610324388	0.0801995706283943	-0.124488094690494	5
0.109919443495423	0.00545057106366761	0.123517507058766	0.0104972567606259	-0.0145434859920151	0.128685612686936	-0.0451042406947378	-0.0459927057774461	0.0864505585138114	-0.0836761662113416	0.200865991936946	-0.00250258858795117	0.205343154438028	0.135878418544262	0.0940105319697177	-0.0224417271676961	-0.0198324612962835	0.0599020139030025	0.0479819109467444	-0.00419692566467393	5
0.162552694868549	0.0622548475307479	-0.114303689854118	0.0126797006840208	-0.193101422149344	-0.0666056127325679	0.083632151916971	-0.206595377952109	-0.030376384817588	-0.0369828892883306	0.140319010271055	0.189683789920508	0.0982723322088922	-0.0318666914670481	0.0942720579774608	-0.0289244830138605	0.00318537587219242	0.0523592266690304	0.0445468940584193	0.209532574360073	2
-0.0471683396262247	-0.0981751308053282	-0.0537273118575248	-0.0865273820898913	-0.0653296271342054	0.112018309853078	0.0926169362089856	0.0405960266068747	-0.0167557276653327	0.0423751025922427	0.0131859015486418	-0.040908502531887	0.0550784288473051	-0.0808609563521175	0.0590791811798225	0.0569914749399058	0.0516501139178025	-0.063551024063252	-0.0738911429748467	-0.0607029772499342	4
0.057788080215473	-0.0880795997597657	-0.0501201248910629	-0.0250368005524459	0.0946113907062742	0.0338692171234741	-0.118628190528568	-0.00339051025557722	0.0266354199501283	-0.0454393635834571	0.0451192544872893	0.0250619522353642	-0.0417759395571753	-0.0334605698183753	-0.0570134274364624	-0.0696265094287645	-0.050050574010626	-0.127266479329273	-0.00975420737091453	-0.0718960361174609	3
-0.0698079866851841	-0.000170304572978452	0.109645540082325	0.0591554587049933	0.0692241789681487	0.0799862976825683	-0.0799740962407414	0.000782510857248676	0.0392478133137959	-0.135640998504415	-0.0387770581784885	0.05063072785483	0.140961278964914	0.0302524540486917	-0.0048611816068953	-0.209070546815977	-0.000608958318551489	-0.0145904781228859	0.133749830079549	0.0938264566284077	1
0.201001762231203	0.0430845971733245	0.011669772364007	0.0801003803915218	-0.283553668650883	0.116948770300582	-0.0646618693819085	0.0430160782984913	0.0203186555449439	0.0821214436669349	-0.0791869772970906	-0.142805540157317	-0.0239951286398117	-0.076560678162711	-0.171411850319441	0.0679584650396572	0.109995803458904	-0.0182377676144553	0.153318345234607	-0.095242281358361	1
-0.0703761413189747	0.103321221605677	-0.0693163414805077	-0.0361246074579102	0.063300804051172	0.057085212246857	-0.139582323732082	-0.00344198619936852	0.146565736457438	0.0442559328518159	-0.0887514072538431	-0.0563083283209596	-0.0144655354733067	0.000922536451500929	0.0402151822120785	-0.0216348163361559	-0.0095010764254882	0.179764393748438	0.150299340824003	0.0952319505124388	3
0.0615853458113863	-0.0588051343799249	-0.0201881232748287	-0.00527210211896229	0.0914117859486428	0.0931502222275469	-0.0193395307910466	0.0769062240169562	0.11415072766582	-0.197148428268588	-0.0484767885676749	0.176988402181351	0.0533442039930331	0.0416792674460709	0.155851890260584	0.139952155903603	0.122549127809997	-0.0139198418942884	-0.0294760772842162	-0.0609019565638603	1
0.0528073133834271	-0.0673834014348246	0.0234893630595432	-0.113936367687307	0.0855948215836143	-0.0554696775437154	-0.0893269058282282	0.0384926547426789	-0.083128683864215	-0.128982178718062	0.060381495548508	0.0645061792744703	-0.113632052983929	-0.0912803556132252	0.0547778114101846	-0.0667531700697231	0.102532111601701	-0.149629446310543	0.00676036150529094	0.0737868969836057	3
0.124911191621336	0.21108344501401	-0.000754474136433557	0.010288589314284	-0.00139761404890102	-0.0722962565453776	0.0012940863605104	-0.133052667905909	-0.0930844516410658	-0.0481895965632291	0.0155076001986195	0.0440016099451358	-0.00437053619482373	-0.0111890584726883	0.0726807552865358	0.0458131092770844	-0.0913075476154417	-0.0463680146888438	-0.0955228719828466	-0.0831123819829656	4
-0.0676689368106855	0.146988822998648	-0.0201988203759398	-0.0346753606786592	0.152743245655964	0.0108745475751193	-0.135755031367552	-0.0187623899969827	0.00383344605236604	-0.0432399397403183	-0.0492759462185454	-0.0155918454637126	-0.0676066628145838	-0.0372492995623392	-0.025415174089301	-0.0214639126269414	-0.190535819095925	0.0635590653976174	-0.0700394200343782	0.028600362500195	3
0.0234956852910511	-0.133451926978977	-0.0883619581093429	0.0631037744802937	-0.0761308166031486	-0.113896392190034	0.0335708389514237	-0.0839362446872867	-0.064832630925416	0.0718730456591933	0.0560927230339808	-0.0155853455512148	0.0969691361934686	0.0307182474641989	-0.107706919963329	0.0241219584306079	-0.0528705930428273	0.00949964824738269	-0.0403889811149738	0.0248095259627564	5
-0.0435488014906013	-0.0238978969608989	-0.0755052644104364	0.00567276669213408	0.0326843536411602	0.0732454079053287	0.040140179217609	0.0115682571490631	-0.0248227167238883	0.125068927062675	0.159726885891944	0.0294565427206751	-0.0873753595573771	-0.0624439213652799	0.00770540788096631	-0.0670033286140211	-0.0925790215397934	-0.049145862103578	-0.0480223233221176	0.0467995303724307	1
0.17130954512821	-0.0541089787066459	0.0584539929605341	-0.020242628483827	-0.0708912475311455	0.0638178693837132	0.0914988802067856	0.0551227262043011	0.0741530554645652	-0.0457003374030663	0.133023776456306	-0.0486460369077341	0.0479960382200545	-0.114112259188199	-0.0260442441885408	-0.0742241881513435	-0.0811343463938546	-0.0305789868023804	0.216073552585963	0.0708833938849052	4
0.164508570223298	0.170630938437487	-0.0221441488941296	0.0567385533633688	-0.0784243512990032	-0.0296645528763477	0.059351973847393	0.0247732470508742	0.0650399828165184	-0.00381541359576762	-0.0282177598111181	-0.0298711157603209	-0.0369680757786823	-0.083951691257266	-0.0618401588517426	-0.00308781858573408	-0.0511144039357029	0.0767433181827716	0.039079994066646	0.112206672474112	5
0.0647717080638518	0.128353737034491	0.0383380431215643	-0.0741457439291213	0.0848818762526203	-0.023697497205389	-0.0121213024410049	0.0458883998110941	-0.0031277590643844	0.0279826410720094	0.0245686825982269	0.0401446681755613	-0.0226734439199446	0.0397608824247489	-0.0515054201410163	-0.0977101136729778	0.0447141422384641	0.0667163906250665	0.0156084394880884	-0.0594844977269461	4
-0.131920581649172	0.0444101219879954	-0.0505124202169	0.0406088943841721	0.0193014278409645	0.0636044371398608	-0.186467385279696	0.0123061858513877	-0.0183981378542129	-0.0210622630712056	-0.0352621624202956	-0.0704249795316581	0.0779870619291616	-0.104517114048256	-0.0100508371200277	-0.0459235704861348	-0.00710782150560206	0.0938426075926759	0.0675714716686728	0.138808358685513	3
-0.0473961294822715	-0.00660429763211619	-0.0942036395009072	-0.0564472925489955	-0.0316685772790661	0.00966540514068693	-0.102002453041502	-0.0555043576584344	0.0111462908965157	-0.0542633662864322	0.0314460241424851	0.0633953770061755	0.0712733392300313	-0.0820926308313067	-0.104130489881607	-0.0012536208554552	-0.0492194290432469	-0.0866794306394159	-0.035554716771176	0.0375376671475383	3
-0.00355647384284167	-0.0737832122795196	0.0532413420409357	-0.0600485688891027	-0.059103587792449	0.0995875895373934	-0.0470057148541922	0.184649664415183	-0.0300682010938125	-0.0786192309549988	-0.101701382606343	-0.0205169430898098	0.165086731391639	-0.0416785022901141	0.0559225335075831	0.0307057881182974	0.0150388788043346	-0.0510569016806918	-0.0833031827828389	-0.122422078434513	1
0.0711908617213312	0.0267833873204759	0.0205988545303474	0.108065194923221	0.261543870715686	-0.0245560335274411	-0.0556844759446132	0.0640113189560031	0.0901328321707662	-0.0148406461197411	-0.137810429802414	-0.015169692995813	0.0489839929391171	-0.00371317141585004	-0.0500789016227933	-0.00409822742592122	0.029706889585099	-0.0743090597908924	0.0848028772283279	-0.13677914420376	1
-0.0484423338895112	0.0390379239356447	-0.0444917856234825	0.0430562832211312	-0.0122788098515163	-0.00252403811151025	-0.123837352841742	-0.0203839798835903	0.0335414846522212	0.101967843704527	-0.0384209558641816	-0.067065256232525	-0.0319918117316147	0.0479995176531112	0.0936928126756956	0.00210784183773907	-0.0751335651438109	0.0698190928421326	0.126026234841691	-0.0882465868149034	1
-0.0895791880778488	-0.0117452186601922	-0.0422718464639582	0.0273385940402782	-0.0910710428968388	0.0381066925804977	-0.0912318504858158	0.133021909125213	-0.0207688378636881	0.0273398789235362	0.00454874178207763	0.0963168413247182	-0.0609284096887169	-0.023895017802741	0.0268564649007891	-0.00515815441831386	-0.0882926807263674	-0.0357477603152458	0.00851915655940534	-0.00268998097308965	3
-0.056559179531749	0.0262133957840006	-0.0499480296240271	-0.122373864516922	-0.0173717140441491	0.0233539801304948	-0.129568264670439	-0.00774845793718258	0.13135745858032	0.0634421893701329	0.0182670311142987	0.00453955184953227	0.0394945860186694	-0.14183748661422	-0.0588817617452864	-0.0693185460638644	0.00629451291111302	-0.147285953210601	0.0126808638439535	-0.077013222160121	3
0.100722442482644	0.00583363371579612	0.0501345098988779	-0.104373935646194	-0.0945015996669259	-0.054772428143515	-0.0774295724652109	-0.127283128508148	0.169701508577949	0.0650466573539709	0.00613560914176971	0.0137270953770123	0.0228356384927285	0.0622438750464858	0.140205398455959	-0.0214103968063462	0.0430699695762407	-0.161554351976204	-0.0215972649584721	0.0602259988414972	5
0.076489800418423	-0.0238035943197414	-0.0526702571130818	-0.0718267499606405	0.0260236393804672	0.138839682346709	0.0138650198895403	0.0987475918282128	0.0766258109881491	-0.140930756127724	-0.0341109385652584	0.0800739082352095	-0.0562685615104168	-0.0596021193418131	0.0457287056048088	0.0587650483978889	-0.0970474488236419	-0.0600062416433541	-0.0578354071884349	0.0211555920155611	2
0.0031474345152113	0.0465994293718602	-0.0913241728230865	0.017735674559284	-0.00255695378227052	-0.177405557246329	-0.105259100264578	0.00387835748453066	-0.0215894027905895	-0.00526888215675134	-0.0521622471816757	-0.000710392992154431	-0.00535390825861487	-0.0217656188496974	0.0996625827404031	-0.0195745342928855	0.0913769555120286	0.0438168915043511	-0.0535813608676956	-0.0236176793734604	4
-0.0984582265435217	0.0523248793420713	-0.0860569249205778	0.0383476614254648	0.0160397622255394	0.028604093800641	-0.0817403359381362	-0.0347791419328247	-0.0111988251166878	0.0770990232972673	-0.162851981038003	0.144602557241821	0.0209183738509567	-0.0795158146036471	0.00817684679916126	0.095284283766811	0.0802799382717341	-0.0189406101857768	0.0655251845608277	0.139887381595972	3
-0.0781522623820355	-0.0546524069283735	0.242261684200101	-0.18815785043853	-0.0502750320326708	0.125136618098723	-0.187172094855073	-0.232557684350377	0.00253527232847191	0.0579630785175076	-0.0506628285343331	0.0671156962891095	0.0909545676717791	0.153115574995661	-0.0897769955555357	0.0144673035949762	-0.136288496583947	-0.0913714227203904	-0.164680812234719	0.221656585519788	3
0.0218288376859288	-0.12031575284799	0.189536745303978	-0.216572578276685	0.0369574822524298	-0.140284602597385	0.00231002448974354	-0.0818946676816469	-0.0789226101731766	0.160524194226033	-0.0576288795113121	0.0596887468111637	-0.159245712653083	-0.227485479048262	-0.0128139917344709	0.0477842293234588	0.182097715104195	0.0129770732772485	0.0300699381186607	0.125493182907664	4
-0.115038057083589	0.0450871278996828	-0.0876241166156047	0.00160728973713649	0.025294076230672	-0.0131286688195015	-0.135353263408995	0.0227419065906676	-0.045977334258172	-0.0666580596193589	-0.044570045107566	-0.093812653373541	0.031690381497208	-0.0930256129599554	0.0251713290652569	0.0149334390526958	-0.019374325923892	0.0581981272025306	0.0191023413889185	0.132996179924099	4
-0.0137182734493776	-0.105059316424204	-0.00455412615574883	0.0168095845990766	0.0424618370441641	0.0249083848450546	-0.053633629691329	-0.0301293801163304	-0.0759291627019559	-0.0681665371767761	-0.0160527470233013	0.0363692941197117	0.0125052670149294	-0.065340533817352	-0.0316044990682121	0.0258278782896803	0.114724563649012	-0.157974076259591	-0.0805960136876485	0.0935510981878514	3
0.00935272898712155	0.0944307132139374	-0.0766520868299639	-0.0637462986184647	0.0340062049717326	-0.142982952138579	-0.000549843551588428	-0.0530337628442136	0.0239679551254666	0.0195385167441223	0.0311206058192564	-0.0257756213191412	0.0257830313259233	0.0660492013984396	0.0652672014143974	-0.0553041753468627	0.108558804202054	-0.0816767666946421	-0.0176309046823165	0.00469479584190119	4
-0.0644412944905244	0.00745778957904579	0.0889603272193728	0.0290527515204912	0.0199752247747764	0.152919360872253	0.0161664399292224	-0.129421974155133	0.0458612105149934	0.0577336534708722	0.114677946608459	0.0965069130660725	0.0402081374780804	-0.150465097451124	0.248397481358907	0.281845966024347	0.0363258333853038	-0.0346635356516136	-0.0905157911191831	0.0266965069855268	2
0.183878789151325	0.197970512287507	0.207454129788181	0.0367856664836054	0.00880115225973906	-0.0268241106943869	-0.0102737181159573	0.0720580718060772	-0.16325350252056	0.0896865438954733	-0.0887119664968213	0.0036863016277174	0.0981484091359241	-0.165133072630098	-0.113388540067099	0.107432452217337	-0.085481165858772	0.0278342390682518	-0.261399736335063	-0.0421477585221093	3
0.0473837468230899	0.137536734550974	0.0472819999774389	-0.00222507090845177	0.130875514214209	0.012684657650726	0.0153064909118556	-0.0459165534641772	0.0160473303135952	0.0597452062533877	0.0420343734622249	0.229323066997585	-0.00494738700318794	0.104486782998242	0.022271497490113	0.105938511833315	0.0185406941372944	-0.0416878448406498	-0.061291371698387	-0.037989075280385	5
-0.0805939339342295	0.0535235190505953	-0.0223241633158482	0.102062875101558	-0.0575767368872361	0.168391176381835	0.0212643702751916	-0.189505373758109	-0.0198085282544082	-0.0315714612095834	-0.0738420767334055	0.011414156567634	-0.0943437455075414	0.0900190578210167	-0.159686306603874	0.0638818554082196	0.145642854379882	0.231945510765408	0.202991457502037	-0.0809312245838437	4
-0.0110822654448209	0.0166827675493682	0.0194762337455425	0.011242428687655	0.0684680786309748	-0.0601029083667979	0.0260653218637978	-0.0578742985520872	-0.136361619260183	-0.205584378540648	-0.00484658835953325	0.0156971605223012	-0.0326542216391808	0.122196783193038	0.107098242094369	-0.0471548839002866	0.0746341038659947	-0.0703288730699951	0.0457129393866747	0.0516539772699478	4
0.0645281532636972	-0.141894207666397	0.0737682270070156	0.0975079730929856	0.172414125231916	0.0681536190186007	-0.0685497719821455	0.0201934581577251	-0.0869067186229222	0.0159403830774527	-0.00193130598960601	-0.0994462071567652	-0.0761267004079432	0.00874368275372687	0.0918549861645708	0.0337300118604338	-0.0722162598343426	0.0334148540032869	0.0621784515909058	-0.0999534804743035	3
0.0330534121219957	-0.128158693397005	-0.0556313386705503	0.12048879692073	0.0956165629687041	0.0252837143082549	-0.064367336767369	0.0097709802033068	-0.10164210481321	-0.0117584293800748	0.00547550657986655	-0.130554425250564	0.0245324130642678	0.0760498314434346	0.0328957548931731	0.0880536833775797	-0.0882399700917297	0.0562693054514714	-0.0874603325859169	-0.0750078866220916	3
-0.0823416621845955	-0.028344525635929	0.417283350126503	-0.137759760736696	0.0176662956428074	-0.161671393073363	0.0111038852096674	0.0298205740620835	-0.060521662997685	0.0473323902845964	0.043405333895048	0.123008100569569	-0.101140813344385	-0.0997385712903272	0.0820621316835331	0.0337847380697977	-0.112215527396632	0.227831744080767	0.260334347679212	-0.041410808327303	4
0.0997518753130843	-0.102265163126601	-0.025207236981725	0.0501288860838356	-0.00266484331111368	-0.115760190444272	0.0401681220842253	-0.115152862744588	0.0991733491613739	-0.0944594760097823	0.0557931411530576	-0.145386907476902	-0.080158329190056	0.0704242678959236	0.086680845163106	-0.0549836827599835	0.10741974325379	-0.0694156040533478	-0.056851046377269	0.102904041858921	4
-0.0514525200974919	0.034977992406123	-0.0707272945579169	0.0557405918694391	0.0333501953180134	0.00223017450118501	0.0919064650310666	0.0131978547688204	-0.0687925984055738	0.129564568164522	-0.0677519384156266	0.124101502465075	0.0157383073706857	0.0345666678328436	0.00694212306955512	0.0800446127810041	-0.0218861677019273	-0.14845662841115	0.101582055110154	-0.0206627992385387	4
-0.0905339910553057	0.0514976816097602	-0.074662787283874	0.0316765521462197	0.0608985792049535	0.00389550072483219	0.00448308788662341	-0.0167450487240919	-0.0836402694292384	0.0366883362636069	-0.0372174247896295	-0.00287469424289111	-0.0352574102581923	-0.00275232121836289	-0.0200498785782888	0.0873872182958075	-0.0744889977734299	-0.0410030362282665	0.092704053723277	0.0621489055392535	1
-0.0837070064801228	0.0899200675976494	-0.00664760543006794	-0.0598117368320357	0.116241058249242	-0.0904416550065665	-0.0574772952792167	-0.0142335477225758	0.0189661269279279	0.0694421535302244	-0.011292950943521	-0.052275357765337	0.196519171105963	-0.0252921970710726	-0.0378661902777586	-0.0383581484930195	0.0915813872244964	-0.036147246682442	0.022802569105643	-0.0210323084981673	3
-0.0833045387007627	-0.0439407694237819	0.145623442658742	-0.168019384090195	-0.00717732240929243	0.0535499350793591	0.222262798843734	0.0954794742390341	-0.00946880150288849	0.0288429695348291	0.00334943296219529	0.0353612514831724	0.0786126198127961	0.0196197815876913	0.00353577167577575	-0.0889412212912249	0.116956700670597	-0.0834512446159706	-0.00849254900060762	-0.180802258865411	1
-0.114365975272214	0.0709714972006122	0.0532354717762559	-0.070912649524918	-0.121766967136999	-0.244868193866038	-0.0320221425337746	0.0979960468230416	0.150142052221782	-0.184690480251389	-0.163368176371701	-0.0294217214471288	0.0057970683654778	-0.154461280713529	-0.0758619725295959	0.162675874691916	-0.0398552359437467	-0.0412843641912381	-0.0148802331070819	-0.168552621805109	3
-0.0784443187570225	0.0612423534370381	-0.0263577349416328	-0.026001402823294	0.0200436463594287	0.0697804411704347	0.248399553068831	-0.0849238329155464	-0.100619999502331	0.0214776158583292	-0.067445913770422	0.0254980986863595	-0.0222188049686362	-0.0223301475662485	0.0177587409195654	0.113700782387525	-0.000535542716026356	-0.0829988524430628	0.0403645252728283	-0.0360455824606586	4
-0.0573468358524561	-0.00155465307062406	-0.13697111824617	-0.0786972974317931	-0.140346405869823	-0.0448810332799817	-0.0998379782810218	-0.0237893643064949	-0.0398546154167993	-0.103178052948584	-0.129556615722958	0.0427135556559886	-0.0352960027143158	0.0578663993360539	0.0373974998513762	0.0254509582533785	0.109255536456438	0.0932145059271472	-0.0326675749009015	0.0700036904386772	2
0.0156608048681321	-0.134330286965085	0.0415364144332434	-0.0827364708974616	-0.0349134529537763	-0.116731939474655	0.00777031611903534	-0.115961306205315	0.0698534475790964	0.0553694817911885	-0.24542598111886	0.0153795971044663	-0.0827912631642224	0.0832840398097891	-0.017160085941153	0.0592385346447193	-0.0267527922895581	0.0719797987438247	-0.151573617069974	0.1545402544137	4
