"SV1"	"SV2"	"SV3"	"SV4"	"SV5"	"SV6"	"SV7"	"SV8"	"SV9"	"SV10"	"SV11"	"SV12"	"SV13"	"SV14"	"SV15"	"SV16"	"SV17"	"SV18"	"SV19"	"SV20"	"SEX"
0.0265629251407097	0.0261210907237683	-0.138191022912563	0.0388573955410768	-0.0299132857370851	0.0434657432884998	0.0507014346428928	-0.0582122546909408	0.0514510240128216	-0.00364076335365184	0.0125925364954879	-0.0525745944938162	0.00190108194141701	-0.0518511287584083	0.030104482817843	-0.00826168839984912	0.0342347106523479	0.0349674543763589	-0.0464768406558958	0.0245991680955451	1
-0.0272344240067889	-0.0844549475441927	0.00151540299047392	0.0251474021423983	0.00694977263253338	-0.0268392910130616	-0.00778102712507622	-0.0320978184235967	0.00288584814828922	0.0215117024180966	-0.057959587300051	0.00721942910370126	0.0140150317411676	0.030194468441769	0.0253301575634278	0.0249656751351211	-0.022812838706613	-0.052425823943835	0.0466960888602305	0.0128604070425032	1
0.0520169757040487	0.0460722664152996	-0.173763263029613	0.0232897122645849	0.00675994373578208	-0.0655523826436937	-0.00762305219649165	-0.042240542398521	0.0202654993560362	0.0307796373280364	-0.046080287498748	0.100055554280567	-0.00123641105067012	0.00116659724264758	-0.00747074874484156	0.075993864498412	-0.0550215308559607	0.0812377838009229	0.00923833692391983	0.00739435347694564	2
0.0235870040926325	-0.0207103271432978	0.0382063524934989	0.000893521107930839	-0.0502851494500536	-0.0297426573811414	-0.0213548938917844	-0.00700324954395454	0.0206166378724221	-0.0388594229475604	-0.0305374207393295	-0.0417250141079934	-0.0740660365898418	0.0122443775767229	-0.044594919141701	0.129502566609013	0.0754513168212138	0.0192821715801039	-0.0227994204391363	0.0637679996766813	1
0.0617459697018291	0.0882709810525711	-0.19001776552824	0.0298105597221304	-0.012885398206479	-0.0394506050933698	0.039173669018386	0.0273619722067178	0.0255019648266248	-0.0267769255131576	-0.0285018992551859	0.0717571115989663	0.00189244048110678	0.062771335846025	-0.0656190836145481	0.06093684136439	-0.0127859903729886	0.0791597453830649	-0.0320661423061285	0.0220153249729868	2
0.0100832354286181	-0.00534227209824634	-0.0516945678874633	0.0192695427394048	-0.0242901488939025	-0.0852908620774561	-0.104251622266255	-0.00465179106578531	-0.0427882250294949	0.0366579480426926	-0.0339242009996412	0.00639530055758868	-0.0738127853244742	-0.0442445611366021	0.0818316027151871	-0.0324552940420703	-0.0289666705750281	-0.0132311094645903	0.109453743445331	-0.0327263747890456	1
0.0211291593808052	-0.0470155449116261	0.0300391218052228	0.0431341276405005	-0.0624583074272285	-0.0558430416377296	0.107951710387128	-0.0518365787357774	0.0473809278988287	-0.0177187214375686	0.0414221404637775	0.024646443041946	-0.0260798032640179	-0.0265511181194721	0.0519809949919869	0.0316636491618784	0.0628630814903147	0.0179593729648906	-0.0401277094413594	-0.145371939710326	2
-0.0869727774487493	0.089511097904006	0.00338052593137954	-0.0605681923519282	0.0671545137681721	0.000615333724930001	-0.034895154521837	0.114517619622144	-0.0941202327572295	0.0745742186972305	0.138161278907794	0.0654724514412275	-0.0214162412528164	-0.0793318625892899	0.0548213562601553	0.0230190286347309	-0.0613597685168153	0.100698555776136	0.0582327850720937	-0.0449620561314043	2
-0.0196987586776514	-0.0991868298760709	-0.0353210379928711	0.0426052127746254	0.0159228211492815	-0.0170018760296674	0.0128523163046549	-0.0302866713077399	-0.0439658858727288	0.00423996908390582	0.019474190081955	-0.000108418822574563	-0.0494641493333034	-0.0374523340737589	-0.041668102637688	0.00148384309461488	-0.00952257764786218	0.0344506094230614	-0.0464615613523994	0.0238693413819709	1
-0.0857984888219816	0.0296658360864813	0.0578517078400975	-0.0239373418982436	-0.112351334843102	0.00283174329581604	-0.0409750720252797	0.07338046263073	0.0536981254017799	0.0515046009397009	-0.0851770679405708	-0.0440672794536701	0.00863456611890486	0.104739254576948	0.0378968573047932	0.0316998190194699	0.119428073862162	0.0710744336918495	0.0163105175923561	-0.00522023108349517	2
0.0343404588862211	0.0139891537341263	-0.0844495611967871	-0.0250892940375919	-0.0184646196730488	0.029587258838536	-0.00677353912221657	-0.0251016983467534	-0.0223351784802239	-0.0129806568735239	-0.0213896704435184	0.0360747701720271	0.0327854682620782	0.0236498710685829	-0.0515436794491753	-0.0141521072263374	-0.02813683868499	0.0779628495062344	0.0693294356852879	0.076665959530662	2
0.0339201148733047	0.0306804181131581	0.050135348974473	0.00156077236302787	0.00567916375521299	-0.0314634783131724	0.0329411445027171	0.0202711147106023	0.0113657291645396	-0.125838984783772	0.139537993358061	-0.155392595262743	-0.0659604165132811	-0.0024842889536007	0.047836444624419	0.00216673826813187	0.119342191853789	0.0354649305207463	-0.0531549322178359	-0.0397400602962035	1
0.0229124721763402	-0.0662336658487629	0.00123058980227366	-0.0266964351343792	-0.0767581483206143	0.0234839276325308	0.0513849493256427	-0.0413597738956554	-0.00428334829968587	-0.0656862937119905	-0.0292096602358246	-0.0143646970958958	-0.130460560436846	-0.0583131580378829	-0.0235975929209327	0.00222153015987484	-0.0921604875756915	0.052563659764332	-0.0652321716007833	0.0297808953394459	1
0.0618259076500462	0.00574155135056265	0.0503950011074818	0.0873049030774763	0.0313008365956593	0.0420916421096862	0.160761491314421	0.0187737581897947	0.135774508605325	0.0635718570843497	-0.0225999859537149	0.0333160990455593	0.0339664289346508	-0.130325163324582	0.0989036706783179	0.000658634078836914	-0.0464200612836744	0.0542633639743753	-0.00560347453907785	-0.111154122476056	1
0.00301095210802999	-0.0706790935553406	0.0138147012011099	0.0664296256542073	0.0406874281326269	0.00424807364861049	0.0603552170523119	0.0584097495059281	0.0674534663301317	0.0250326129817173	-0.027180075624288	0.0372322034836819	-0.100726269938232	-0.0871172286524058	0.157153617983632	-0.0360049872212628	-0.08568326488543	-0.0284635223333956	0.000836188658749931	-0.0173522378389695	2
0.00787848394998808	-0.00541725561622049	-0.0487305471841635	0.0849734591953635	0.0477245787153166	-0.0369588371178469	0.0551188678768979	0.0591141638956505	-0.00853903180301954	-0.0697740872998823	-0.0158126446906384	0.0460765217607452	0.0586710010518264	-0.0240214166750762	0.205031420906688	-0.0575712543816245	0.00640185126504521	0.0494238574808722	0.0534024925692555	-0.0252913883828205	2
0.0361493133414891	0.249954139839649	-0.116447740844605	-0.00562152814647102	0.0835026637649337	-0.0174777143766371	0.0802646989513424	-0.0635408777898039	-0.11467236253594	-0.0633651016011621	-0.0635575616866794	0.0444804179167738	0.00377106207490443	0.020498184719334	0.03959105806426	-0.0107388450923587	-0.0200999284168624	0.0366486923963993	-0.111581899740071	-0.0587751721528282	1
-0.0255856446445016	0.064499465475637	0.0349373735494116	-0.0349582328101384	-0.170374612911742	-0.0288424465346203	-0.0491710436327416	0.168177442654907	-0.0869745267562013	0.103147938091759	-0.168432596872862	-0.132561066730993	0.00470405740575125	0.0108612994602639	0.0290178681410418	-0.0673787563297478	-0.0101339477453189	0.0302644714943758	0.012187344701424	-0.000198823514872742	2
0.0611619366734082	0.1052627675447	0.0826409499660723	-0.116696632289578	0.115913886167797	0.102566666904689	-0.0721562521261496	-0.106794387550927	-0.054828502975509	0.162089916619012	0.0240174789274351	0.0346298610723267	-0.104002581510818	0.0797419128217961	0.115868649379905	-0.103455111883066	0.127668643611717	0.0273312231130075	0.0598568401493573	0.0555324854169811	2
0.0368182116624801	-0.0528082669316977	0.00957345294443702	0.0417042630088067	0.0116958297962749	0.0877739887358215	-0.0579186345886823	0.00200665385926722	-0.0108172187516875	-0.0609581255950173	-0.0295695108064769	-0.00646755613884839	0.0504805314908991	-0.0647070318175434	-0.00495048905150802	0.0856195370577656	-0.0583519875247915	0.014939596838737	-0.0686991046947528	-0.0348907702887184	2
-0.0150158732503475	-0.0925602650480729	-0.0189788605401163	0.0202380995549855	-0.031278028060873	0.0342103374606809	-0.0705179476811563	-0.0890023817557206	0.0434205654502568	0.0538018294864069	0.013741495144823	-0.00216721592376828	0.0804521281657542	-0.0274503159428667	0.00692973318565929	-0.0840070845640045	0.0977912572761829	0.0206026561886965	-0.0434661444996062	0.0520355290922805	2
0.0237920220403301	-0.0483602350585422	0.00289704232620016	0.0223567957194305	-0.0277880815195513	0.0522061872274571	-0.0213705809911664	0.0234213355167015	0.0669969019083444	-0.0140966061549651	0.0503114570001891	0.00417077304917292	-0.0101510868826044	0.0194971218017524	-0.0143444247319096	-0.0551915833884794	0.0190919322850805	-0.0589845684366017	-0.0428158576067652	-0.100543871949831	1
-0.185356038857951	-0.183984441364839	-0.103926892401004	0.0296879323548948	0.0856634934326069	0.0570288351030468	-0.0453935135420717	0.00689910787672642	0.136689065143355	-0.0861346875130352	-0.0155872431238576	0.022677176424333	0.0328410243989544	-0.0301084955423158	0.0595001353115902	-0.0200535582837199	0.0205327069479	-0.0946014441300528	-0.109733800547269	-0.0251328249612241	1
-0.0829614232887598	-0.0365693231547023	-0.010184678250056	-0.160839572266311	-0.000451915085218834	0.0820875923086595	-0.0217895428433919	0.0380590173901778	-0.0356152325857127	-0.0316748180383562	-0.0872376812017296	0.0341163206521906	-0.0212882619361348	-0.0800352310214047	-0.0576797275027675	-0.00712180605989837	-0.0221421403878718	0.0585844481658992	0.0023706850448294	-0.00270983772990263	1
-0.0312628406042243	-0.0863850766299365	-0.0280908796344831	0.00863239756136806	0.0154121780665887	0.0471892004112559	0.00814447322935264	-0.00626043416414953	-0.0724331805458573	0.0147985441482034	-0.0269519300120851	-0.0611695335635965	-0.00138667811541182	0.0412853696917205	0.0972489241070203	-0.0455255849109938	0.0826011161015959	0.0409110564138754	-0.0770879345615463	-0.0210485984526461	1
-0.00321272918752856	-0.0988330563690683	-0.00530335404986802	-0.00630585493165764	-0.0289273776848099	-0.0544523319439783	0.0162863765541979	-0.0702904154602341	0.0023006417237673	0.00341945685476333	0.00278342572486963	-0.00471204977078202	-0.0580331763308488	0.0391957385552993	-0.0563163705169985	-0.0391144143529328	0.0356708630208283	0.0643348983819959	-0.0597194868648257	0.114625453857891	1
0.0768059061154966	0.0236425205915956	0.066346151840324	0.0312278059920412	-0.021674297515438	0.0503917703223448	0.05605205513445	0.012112305788666	-0.0206528465471254	0.0591331847896244	-0.0330115196573093	-0.0162808016637448	-0.122863932006266	-0.0440213666951444	0.0635074109318164	0.00541580715552706	0.0620387439220403	0.0533292697488362	-0.0512058042303806	0.163257954542082	2
-0.0358041402811539	0.0271527704180155	-0.00985442592907315	-0.156368340645679	0.0161823222808384	0.0309290354866564	0.00831975978857801	-0.0167760005766277	-0.11430239707144	-0.0444291464272057	-0.0055694771841513	-0.0327139664451701	-0.0153108091380864	-0.0890598256636312	-0.0537739959126022	-0.0236469079335743	-0.0585466465417157	0.0695225487785056	0.0947280744967374	-0.0623190133244789	2
0.0806298121933541	0.138171991570353	0.115043558505477	0.0412122810752025	0.153906735770791	0.182296919644765	-0.0685437645379322	0.0558707603742454	0.265881249135908	-0.0435821215246864	-0.114119999724114	-0.0104691118858804	-0.290084092078292	-0.00610726462553913	0.00245590086229686	-0.0834072007539045	-0.0331002250658015	0.0893798507015581	0.0229858287322504	0.0701532436534133	2
-0.0247328018115998	0.0423505744979923	0.0688831002214869	-0.0831644732172967	-0.0103935611852166	0.0123973382045953	-0.052527972658338	0.052462004652219	-0.0372559787027866	0.173675396910174	-0.0951599287306634	-0.110301568454986	0.0947464510754585	-0.0934072012875653	0.0849301504071197	0.0364403146580844	0.0752808950062016	0.0722919112083565	-0.106141163513428	-0.024147195184436	1
0.00550450755109701	-0.0726353407932591	-0.00706552788896885	0.0962225901452735	0.0455297246849932	0.0312507219272399	0.00695874419269789	0.133965521764356	-0.124522520329613	-0.0121953940740964	-0.0219407048018229	0.0832164822259154	0.0801873726938129	0.188215785976199	0.0223458149646266	0.0220470790448771	-0.0704141781698897	-0.0447046824189684	0.00921211219519663	-0.141556413923297	1
-0.0070850966152398	-0.0504699596580753	0.000670131018993677	0.0100326986147853	0.0727489847483877	0.0597461305601558	0.0471184688381853	-0.0571914591316095	0.0383709019187002	0.0453453422812553	-0.106637018512065	-0.154347057181403	0.0796389700421781	-0.0415978661184174	-0.0534092748301695	0.0520121339382555	-0.0924642416362826	-0.110611645496697	0.0044159026332157	0.010065367984461	1
0.0347287827642713	-0.0141572535428529	0.0582456412490471	-0.0730380438427121	0.023784110542805	-0.0991670186751999	-0.0360848714389202	-0.0220086394409993	0.0849378540640776	-0.12508288927331	-0.0178987899875607	-0.0130596515758865	-0.0179899827962335	-0.0122960711262392	-0.0517673197867216	-0.0778453500239638	0.011722077614202	0.0729644590965182	0.0147345914550363	-0.036322398643799	1
0.024482717364114	-0.0789702569909644	-0.0139177768349053	0.00909635329458664	-0.0172883193973449	0.0772099321959938	-0.0233216687505785	-0.00573845383040179	-0.0490935751346195	-0.0345698671528305	-0.0385944710441326	-0.00346568417664022	-0.0496610557342558	-0.0169806666347655	-0.0366092739326964	-0.0268492344384042	-0.0219719791626511	-0.0920104501846128	-0.0239512777631978	-0.0129864791831641	2
0.0490867543483409	-0.0315833790039982	-0.0562775610352558	0.00225783531629992	-0.041603360330138	-0.034327571938258	0.0404347792363724	-0.0277762698628558	-0.0292410360635197	0.0722573473931468	-0.0590188991030642	0.0585707676743085	0.022903107329358	0.0294967103378733	-0.0264983147961331	-0.0918665493212176	-0.0808750918691724	-0.0164063849764682	-0.00165252273392474	0.0174590103391089	2
0.0779270323118164	0.0626402277087825	0.0753440824718429	-0.00702405383390475	-0.0239000414118643	0.0631744978866045	-0.0999210962613471	0.0654046713541114	0.0726680451505604	-0.0865408287582802	-0.00721168808832087	-0.0998006079334379	0.0392284294471893	-0.0330671676569909	-0.0909504359406955	0.0976202671159304	0.0413209659596174	-0.0980774232681385	-0.0258789282931914	-0.0342904321945472	1
0.0140782645572109	0.0261533200500465	-0.0705616748878029	0.0552263283059677	-0.0281233313515416	0.0569458210159666	0.060369836853602	-0.0568158657125358	0.104610454549431	0.0120572952520399	-0.0113798267327239	0.0229254198896887	0.119687055254904	-0.0840835225524599	0.0830054966274331	-0.0369036263608376	-0.00174382644264529	-0.0602963526449486	-0.0155854571628203	0.0273208895760899	2
0.0308148544288065	0.0146071470152551	-0.120257081807651	0.0193635374757727	0.0232331241919922	-0.00929845032312652	0.0232125083737171	-0.0147157623841323	0.00886258756712066	0.0187897993757784	0.084847123108039	-0.0607299228997898	0.0247456664863905	-0.025714354811092	0.0369074703802787	-0.0400598518955469	0.0523631107074203	0.0834484108169363	0.0144025595430611	0.031886497480758	2
0.023381542912293	0.0292465197815162	0.0774909342908391	0.115124923153265	0.0671286948952879	0.0135417821168141	0.122509168124841	0.0530824986276313	0.0151807918384731	-0.104072463645179	-0.0992801295783349	0.0528384657996715	-0.0512388873164439	-0.113995010041118	0.209141550636995	-0.00381418841261655	0.00811088552152821	-0.00246093173059285	-0.0564930690432674	0.0923444339923607	2
0.0424993736701393	-0.0493651123077808	0.0141382959052359	0.0231406350096578	-0.0567836959191458	0.0721660749687204	0.0549745707244926	-0.00231061668985808	-0.029171112370014	0.0386564003545026	-0.0336092820532217	-0.0585461266224686	-0.107667130071508	-0.0074753840638584	-0.0133951312610303	0.0885009711285458	0.00528717727031308	-0.00736754029773776	-0.126334067491798	0.0216428287827709	1
0.0642847692190856	-0.0130131945890218	0.00191286917534875	-0.0462014491003202	-0.00121392188365237	0.0811787343119795	-0.137472765343704	-0.0920406982341647	-0.032216856904187	0.00636483160261384	-0.0117865418910797	-0.111957907862703	-0.0067074053343389	-0.0815521041599596	0.0032591156945663	-0.171964971010578	0.0247596129792331	0.0281060074141689	0.0328577620388529	-0.103031348768318	2
0.0166024734023493	-0.0878139636591459	-0.00981787951260359	-0.00014626293214469	0.00368937569991164	0.0548510317956245	-0.0446366075645814	-0.0515529890268217	-0.00905034577769295	0.0197484514927814	-0.0314496449763489	-0.0242689033723433	-0.0672069454280277	0.0372955571278422	0.0371210095163536	-0.0178496032320189	0.04311583099129	0.0103442715110062	-0.00334328941512399	0.105708504930766	1
-0.109098492540932	0.0681610660122768	0.0899281852439671	0.0372604730761621	0.00175833299957245	-0.0430767300844668	0.0919720227889535	-0.172884523963321	0.0066601093331331	-0.0656033054642358	0.052327110317632	-0.035426614390661	0.00155816502365122	0.0216273881384085	-0.036648404275676	-0.0144412662506876	-0.00328712867725857	-0.041462892879669	0.0787360818085256	-0.0690601634041696	2
-0.028870519245592	-0.0377422853006658	0.0301340986499962	0.0467394429961537	0.0146836058186233	-0.0735858049406592	-0.000900342012023138	-0.0716944489434017	0.0176295040281767	0.0266746563550792	0.0133790156217352	-0.0798483932973402	0.0152061271556146	-0.0350949256757474	0.0189071693067495	0.137710678647947	-0.0140661487061821	-0.0364006728759427	0.01091999480778	0.0426989480164095	1
0.0142777738666945	-0.0565646061821246	-0.0117393085868615	-0.0557985221212157	-0.0510832950602045	0.0677619699222277	0.00608627587082231	-0.111742485484204	-0.0705983904662905	-0.0463060198991462	-0.0601842999786127	0.0211173556820541	-0.0475264832808069	0.0491358583969787	0.0227291178038857	-0.0360165641929969	-0.0983130172227774	-0.0389196070175721	-0.00472045630882163	0.00984057258291672	2
-0.00247663833531474	0.0751502761299282	0.0894826245166105	-0.135866655596906	-0.0344827510527038	-0.0871502948521147	0.0297238005043315	-0.0310166808477987	-0.0476795884458413	0.08613457773786	-0.0202783268087969	0.00804925732024567	0.00733109255771459	-0.0340229852820272	0.0136999094495094	0.130547974232388	-0.0379789313243135	-0.126309194262063	0.0427491784830031	0.0198717074796932	1
-0.0817352588830165	-0.00392585505220503	0.0403534287393113	-0.102760218648026	-0.0688352608739887	-0.0521107940271341	-0.0405707764445591	0.0450433324739447	0.0737522312667118	0.0198057253255182	-0.120731919829278	0.0530072143149983	0.0502078366977007	-0.00919227577449423	0.0359964223348588	-0.00395568029679127	0.103620344033578	0.0798699060323227	-0.141630756567711	-0.021559644705545	1
0.00737087910586508	-0.0548454974240008	-0.00916526421529609	-0.0105714105199909	0.0402486861060967	-0.0298315175364356	-0.132767991828849	0.00676532316194605	-0.0962342893990914	0.019174082043414	-0.0435728408425297	-0.00142373828217209	-0.0680574602777962	-0.0271225938713433	-0.0586501400869457	0.0434238138476514	-0.0133827858025994	0.129086904936307	-0.00458524889587022	0.0314259977758269	2
-0.00203391790389259	-0.0641111624938688	0.0217977215789988	0.0290153017975792	0.00878144683942482	-0.0431891286653013	0.0476377591800067	-0.000136451076106064	-0.00748235528148175	-0.043305932567924	-0.0705772045618504	-0.0151442715958647	0.0312897960717538	0.0233193945879287	0.106577795518185	0.101811537936461	0.0293916208460333	0.0106788549528789	-0.0687568491826883	-0.0363284777414957	2
0.00108814418843627	-0.0672882008833522	0.00337462606097824	0.0349826347074098	-0.0200218559952659	-0.00771265923876361	0.0105697986488754	-0.0553988906737424	-0.0449050000739669	0.0488543523157154	-0.00324172922598617	-0.0165988025826847	0.0410974426988914	-0.0297011039651629	0.0472445961395155	0.00583512419026914	0.0972278276011837	0.0465046640471174	0.00289284736973182	-0.0234742036183676	2
0.0281312585377578	-0.0535051378557468	0.0126917557304146	0.0236976221736351	0.0267609840224968	-0.0683307975671742	0.063550315977433	0.0307563139451038	0.00886822526053083	0.0225357818563717	0.0248263956033367	0.033285357378615	0.0542162953595452	0.0994721477539066	0.0667279738128993	-0.0575402976358658	-0.0845329461918201	0.0504333810195064	-0.0195677907083838	-0.102481358312535	2
-0.0578636589421651	-0.0298450831459809	0.047955083833973	-0.114538348039857	0.107482313606023	-0.0945055459066619	-0.0155450905860168	-0.110785278175234	0.0339186527913516	0.00377004506756566	-0.112332142842619	0.0505363515598145	0.0642117692951308	-0.03560382343364	-0.0608195269474478	0.0209952554119341	0.0337886970335074	0.100157012864772	0.0389623802104286	-0.037578179709427	1
0.096826501553433	-0.0179625424355173	0.0101538399408305	-0.0483323508290415	-0.010592727179964	0.107223265521822	-0.0887920054630373	-0.0666943201264348	-0.096517046340703	0.103664910134426	0.0554440895435024	-0.00413697143703689	-0.0403895361343309	0.0448623307784615	0.0315379976611485	-0.178272474452456	-0.0465327993914531	0.0274723353172463	-0.0146710856414846	-0.0875533842962062	1
0.0216143580116626	0.0108605933338042	-0.0822824089677958	-0.0154515150637531	-0.0207705506525001	-0.0248884048939112	0.0785045894141861	-0.00427932603443846	0.0248234633631817	-0.0797483211707533	0.0274159969790744	-0.0460106782127606	0.0694516039450101	0.00116388669267852	0.0265999932973077	0.0536966928969257	-0.0136038469622227	0.0521496184036906	0.110792360367913	0.121550199599941	2
-0.290834781054024	-0.104382599957216	-0.0607287989908076	0.124501610464404	-0.0754159190328481	-0.00238081441400543	0.0442482667981243	0.06936397090746	0.126813222477232	0.10208653143679	0.0790010940725224	-0.0857654562963539	-0.0101260922556756	0.0667507088958272	-0.0167115001912576	-0.0351711605159411	0.0307154129185521	0.0714898838271816	-0.0642124032972822	0.127206687961502	1
-0.0880750024665734	0.0793397185202274	0.100352693987928	0.0413380410579837	-0.117199459937496	-0.0473832608808144	-0.0114897017670708	-0.0653577121078869	0.101354637999765	0.0180214816500844	-0.00617964447188851	-0.011282268811244	0.135471196284269	0.0183338697566785	0.024188096913369	-0.168336066875272	-0.0662118801030919	0.0400138436516165	0.000881319375935354	0.058092162946983	1
-0.169731481569035	0.037624474950249	-0.0750439486973913	0.107549924697315	0.0702629645450217	0.137574425895184	0.115210104126983	-0.0429221284313175	0.124688542906723	-0.0454601163007029	-0.233368927964576	0.0183339717564131	-0.17993322128082	0.188366099293826	-0.0859706049311185	0.120287317863146	0.325930142781647	-0.102486212881597	0.255881124648408	-0.242763120013191	1
0.0683386122149853	-0.0122319814120364	0.0554703153248164	0.0233756527309291	-0.00615089411199837	-0.0240189033161887	0.0200522670861703	-0.0284729981894651	0.0269941430823926	-0.0516799204024186	0.0846959281593217	-0.155456226087546	-0.0182398579558487	-0.0873996669993337	-0.0137142970014224	0.0971592131677969	0.0339875177822809	0.0520880796061227	-0.0670848495190723	-0.0274564647193673	2
-0.0422806719354878	0.0494523022745182	0.0613579435345566	0.0352916595562846	0.097295628248559	0.201572052207541	0.0795769263204835	-0.0545093874688074	0.081452245252157	0.0218961047016682	-0.0162320922071331	-0.0231205661853038	0.141902465697983	-0.124918472142144	-0.0416264261250727	-0.00220937713396466	0.0347013627411372	0.000653481520660613	0.01195219199902	-0.023525227813445	1
-0.0221068386054286	0.178822983035423	-0.203306104014905	-0.123899522639989	-0.0533827890047315	0.0140885057240634	-0.0983565763873721	0.0453201132830114	0.00782745577469106	0.0500893786135743	-0.0171765563834172	-0.0120530153855948	-0.0477182717996265	-0.00775604792119414	0.077496134412132	0.158882834979685	0.0163702062617917	0.0867461561060216	-0.165173006060585	-0.0814187131919469	2
-0.0477523133248227	-0.0787772097213335	-0.131747988643225	0.064592070695104	0.042677506261183	-0.0432198547190261	-0.069513290467384	-0.0346369927851909	0.0321284781211605	0.0438473273386655	-0.0619960304956386	0.0515209164054091	0.018414298127351	-0.0792067209945637	-0.0109309321057867	-0.0608807842461703	0.00621820227153718	0.0067468600014337	0.0527460380535102	0.0530213273842155	1
0.024496857073239	0.0302725533928238	0.0115701558128626	0.0215906824808174	0.0117452452351343	-0.0876288214990027	-0.066948482838303	0.135796255457704	-0.0674192669245368	-0.021997160191872	0.0282809008914287	-0.00677508049715814	-0.0325039224183599	-0.000148745035402454	-0.0289736345616962	0.0274789761779367	-0.092833810339085	0.0490666307918027	0.0592591499508677	-0.0432803458553897	1
0.0295515235333269	0.00196845004603878	-0.0711752282309819	0.0837659480242022	-0.0185533330373553	-0.0758569369376541	-0.0246813692362642	0.0533874405479795	0.0676185220136793	0.0221391954781565	0.0892713533772146	-0.00833176057596646	9.4215096563072e-05	-0.213058609799647	0.0235219515115551	0.110403535780894	-0.0425077761437627	0.120562485795955	0.0702259194603406	-0.00545096607708851	1
0.0211947573608644	-0.046028586265033	-0.00178276559462831	0.0363697927123813	-0.0260585336401371	-0.0140126469355494	0.0674801237403907	-0.0221536945513648	0.00413890489202449	-0.0848466134328599	-0.0214220507383145	-0.014300120818112	0.0562146881038648	-0.0406374192461835	0.0761405232871121	-0.0111291387896587	0.0265270537766453	0.155153249975069	-0.0212391593178685	0.00866252236382251	2
0.0145075823022284	-0.0424366215005482	0.0358996883984096	0.0812520213325166	-0.00314654065867651	-0.0739648290420554	0.0249954959923063	-0.0411885680303264	-0.00291155539605906	0.0361382613913841	0.021784320823518	-0.0668162169192018	-0.0250708778308916	-0.128449423089098	0.0150259204989135	0.0554973690666361	0.0166327299622416	-0.0324656481605184	-0.0511797742717619	-0.0053109181185005	2
0.0511497208906362	-0.0300072449704078	0.0169818701939035	0.0269788425042781	-0.0134092369500833	0.00160616224443311	-0.0325372178439655	-0.0115498565434876	-0.0310598777204926	-0.0550319628208328	-0.0512011635934957	0.0633519389359637	0.044647794350712	-0.0531781612108977	-0.00347312330298415	0.0873844994018292	0.0790911976643332	-0.0232690201403866	0.0355760676764757	0.0322180246100794	1
0.00427449360111722	-0.0383919936850129	-0.079305523780092	0.0340760137499914	-0.00749711634067342	-0.0196316042085228	-0.00769259909419863	0.0105828435379977	-0.0169462873947393	-0.0152532410608172	0.0231249728825966	0.0822036268180582	0.0717451136982981	0.0535371941467432	-0.0695050287977421	0.0572055408830121	0.00959623256167193	-0.0361589354765889	0.0338805750787689	0.0653509845872266	2
-0.138316223110621	0.102777425453703	0.0235837424229287	0.0855425930461085	-0.107108024009028	-0.0726616538303062	-0.054078486680843	-0.0712052765587458	-0.039951992408139	-0.0231765775238531	-0.0114572006990141	-0.0947310338786942	-0.028262881931891	0.0469432122159355	-0.00263716208281166	0.00312676203652432	-0.0992617659652432	0.00618581113815773	0.0595282945875826	0.00829036292063821	2
0.012125103726931	-0.0269989032187322	0.0322012022334608	0.0419737019237639	-0.0251333224937277	0.052320182040155	-0.00109731043909142	0.0402289072165479	0.0628216907890554	-0.0593758642585784	0.050940845640454	-0.0706568951429408	0.130048077332384	0.0230431777400138	0.0503887333586003	-0.0346336206270291	0.0949983204372782	0.0546151703065002	-0.0406710531720903	0.0431522424172403	2
0.0326028245931122	-0.039715912771194	-0.0113689516148806	0.0242395590950813	-0.0588034509184321	-0.00421250569766374	0.0331180299653573	0.0121323206435495	-0.0828125715803628	0.0445886414437944	0.055358132216008	0.0119229064080043	-0.0291686083055803	-0.0660012398115329	0.0896137410213327	0.051806451614995	-0.0482269643543675	0.0573674383356779	0.027218035783259	-0.091400966818709	2
0.040190248765076	0.0597866179338512	-0.181480106973056	-0.0208773205035103	-0.0616521921116606	-0.0247670230209152	0.0410688643473721	-0.0434656045643397	0.0603851512578724	-0.0442815315346475	-0.0403584781745291	0.00395261392586457	0.0289646404861811	0.0551598957044076	-0.022125936973034	0.043657090500481	-0.0701565727915641	-0.0341080244464555	-0.01706641351792	0.0205623966035016	2
0.0310073587226709	-0.0371547205868342	0.0216705239771509	0.0863168635650783	0.0689483819324652	0.0855225545439561	0.0161577396253555	0.0530838259445026	0.0154550403550126	0.0212967992979804	-0.0472640914585245	0.0414022076682566	0.057582714313312	0.0535059492851284	0.11169839766637	-0.0135805380017643	-0.0697808282435806	0.0383743831596377	-0.0600457287895017	0.00923776239584517	2
0.0839349796557247	0.0652203739612186	0.00519423700852979	-0.0113893584034189	0.050967671730204	-0.0640900913981639	-0.135010617078049	-0.0120143105034437	0.0947600655167241	-0.0667910789294801	0.0680740831057696	0.0480524145319441	-0.0101235719764912	0.0412129578234216	-0.0560514122542126	0.042500081722046	-0.00069255857048613	0.120394301906608	0.0857596393306372	-0.019275807860947	1
0.00134625091281269	0.0377308529300094	0.0756490521624456	-0.150839323222431	-0.0667406478595639	-0.0713695708663148	0.0345192101073722	-0.00173864420122829	0.0466713206934336	0.00656632272732606	-0.0607254518572498	0.0120353416406517	0.00184090181230615	0.0209205424665899	0.0589499241024425	0.0455519490805641	-0.0509690580366326	-0.0475078847291793	-0.0014978795108389	-0.0589467766292628	2
-0.118538093721406	-0.0234815039613974	-0.0216932087251147	-0.096118363384092	0.0469726612996191	-0.0491293620861386	0.033532311668209	-0.00534964612721525	0.0134869537495397	-0.039171507065652	-0.000587904861350163	-0.00061105093553875	-0.00044545638747669	-0.00883745391140442	0.0361909277841703	0.0943630356317659	0.0565917225823071	-0.0717640138567513	-0.00772270076101616	0.0125730520385895	2
0.0258202629978163	-0.0362959631062255	-0.00982508818841039	0.00382297169484026	-0.0222748264520452	-0.0314012784070666	-0.0111272994738102	-0.0840578717056542	0.010395405230078	0.0708824860589409	0.0502891517955664	0.0796605259272187	0.0581164637576987	-0.0148999793417544	-0.0126831813037559	-0.0615186492907614	0.0289795915040229	-0.0301220314792524	0.00420676618761405	0.0427743071303159	1
0.01253759781788	0.0283730049354793	0.0426377195453336	-0.192991844922504	-0.00194685159068397	-0.00993558155992157	0.169441245356373	-0.0587123551742632	-0.0398928214734091	-0.0669743286115681	0.0189288512108536	-0.0521867620303176	-0.0704867659944335	-0.0331114290093647	-0.0613652485380069	-0.115016456552687	0.0169553797031302	0.0975961669456702	-0.0994641664221052	-0.0528566269948326	2
0.0970648561578756	-0.0180804624960996	0.0513305795126136	-0.015980099491982	-0.0378124731637314	-7.90385037030467e-06	-0.0254737528488926	-0.00274156104206642	0.0534860082044868	-0.0279600696253564	0.168562485946611	0.0338808480478576	-0.0260576546515335	0.0437467216665517	-0.0890461172079465	0.0464216579947385	0.0288858856313722	0.102817637258566	-0.00134362267773056	-0.037377451731333	1
-0.0678647542976299	0.0989841794099184	0.0847150605071093	-0.00619809205408208	-0.0841630213309595	0.0431651735604775	-0.0438778504283346	-0.0201391526162378	-0.039064947292385	0.018277937525754	0.157943631446287	0.0147449250589371	0.0322187512118838	0.0342781336172762	0.0114339521019782	-0.103700095793705	-0.0655815925896275	-0.141589444271224	-0.039315633160667	0.0366376259486365	2
0.0480727593096089	-0.0366941223691985	0.00888696157708903	-0.0614404665759863	-0.045117241240616	0.0258241538882339	-0.000131143852246524	-0.0347358912309287	-0.0530870087201646	-0.0641169833561659	0.0600387251662698	-0.0535682410914651	-0.065641077826195	0.0909045465741268	0.0978859005740603	-0.0823126432423699	-0.0129019670638342	0.0592351800927934	-0.0306651219377237	-0.00538055163701133	2
0.00561087052746399	-0.0443360500827484	0.0157505577346501	-0.0130160676828654	0.100762467941837	-0.00884060128387635	-0.0109503150901679	-0.000857076758583196	0.100121112864233	-0.00818333543782886	0.00851293573504959	0.0908586119370862	0.02672433679107	0.0204308928306057	0.140730085394646	-0.0344161034815069	-0.154072337150225	0.0198064060979346	0.00359808648592172	-0.0386679952039441	1
0.0230458359752413	-0.0386856808563461	0.0331667876394455	0.00464479233154874	0.0432133347051346	-0.117232146171371	-0.0386357841638317	0.0288821791221634	0.0212022975793412	0.00504770574536203	0.0822762461773435	0.131402634224509	-0.119750126408787	-0.0392184337537294	-0.0312918234737136	0.0629251579207952	0.0413495486334963	-0.0106715008389862	0.00901547907810755	-0.0594147891531636	1
-0.0558908851378123	-0.00175534669763768	0.0379034373274344	-0.129309947610474	0.0599302245507314	-0.0459172807748046	-0.0326243863739938	-0.0621060773981186	-0.0124521056714884	-0.0136125795416264	-0.0222617822527828	0.129387376956578	0.0503923015513942	-0.0931707349525801	-0.116595661886204	-0.0825691576898703	0.00386105109233465	-0.00413488758788547	0.0557014625741028	-0.00327037532835972	1
0.0284288500288184	0.17078019446011	-0.195653449225053	0.0172298214568347	-0.0144167792574031	-0.0386878288025264	-0.140522875395589	0.0570925756949943	0.0406739390776541	0.0110203727074283	0.0206095071902706	0.0181956181186868	-0.0751806707500754	-0.065132706315289	0.00872291282350747	-0.0858556426256187	-0.0562821725338385	-0.172737104528757	-0.164187471349274	-0.0549563810647257	1
-0.0758779271190879	-0.0450708771509028	0.00985610048444724	-0.139086889519273	0.0443872200641446	-0.00765082350153866	-0.0815698203026944	-0.0324254315257837	0.042600611675331	0.0164672330206626	-0.0943486219905806	0.0964001326887654	0.0400270888804938	-0.00251904858696575	0.0702420938202992	0.0108301617650531	0.00243956544206979	0.083582621162403	0.0574935341742313	-0.0339885794982096	1
-0.0254789742417291	0.0430329867998947	0.0402985367551449	-0.107503779920228	-0.0812434315389513	-0.0476001935596322	0.0133444825716215	0.071466443905889	-0.0566133615034011	0.0822908663312377	-0.057742659823204	-0.0192674972961619	-0.0173073804914296	0.0283695359766408	0.0802771143366945	-0.0138611171254602	0.0516830299567956	-0.11465695359001	0.0536405048401474	-0.00613613380562425	2
-0.17058219593993	0.0974979394179881	0.0953251757694109	0.146061767912774	-0.000775478524135316	-0.0305533800360206	0.0300880129522131	-0.235327139965472	-0.0605301920209238	0.0393242223661175	0.0644763468262083	0.0314081319813037	-0.0829238424059357	0.033516646472521	-0.138809778862216	-0.00479781156299876	-0.0565221171024334	0.0157070810997951	0.0126435335778922	0.0092598947657116	2
0.0445044274484684	-0.0215362731020398	0.0163635696872692	-0.0274164731599835	-0.0730020821787992	0.00587217937594583	0.00584811811865604	-0.0876849498546826	0.0451513352596657	0.0178161624147082	0.127092037643371	0.0591439156067977	-0.0303369927339809	0.0507867162999392	0.0521869972673195	-0.0116804818178933	0.139551893213336	0.0244844924794379	-0.0793590947292745	0.0183345996980286	1
-0.0783719980520191	0.0205238299807567	0.0232531588253924	-0.0341044745580857	0.269424805827079	0.104445345892208	-0.0294989543205019	0.0635785606878419	-0.0583877897812137	0.133284793499349	0.101312815251123	0.0885633543063932	0.0818095193814974	0.0986798608826338	-0.113642229692744	0.000625174790647299	0.00609339989335108	0.0852560075698582	-0.0542328591518917	-0.101945827490067	2
-0.0538332396254974	5.97749724650137e-05	0.075523737479795	-0.0257566816753147	-0.0273825520730924	-0.122704167265478	0.0030325574411208	0.00464065181125667	0.0772142877399075	0.143726816052732	-0.0657311140918935	0.0485499512223173	-0.00391046985791713	-0.0345131595447893	0.0118697095077663	-0.0959211749346125	-0.0627244753942298	-0.00968986515724617	0.0786747298606388	0.00648354380312196	2
0.0406811874267173	-0.0164190668412453	0.0440583759576318	0.00641272166562672	-0.107761931879137	0.00647631072264391	0.00890670469374966	0.0083942955312822	0.0518516870666055	-0.0606967740394054	0.0795746349185995	0.0474280952413235	0.0362227853007541	0.0406512728363028	0.000404510318004502	0.12831209102199	-0.008623351662947	0.0493687661554023	-0.0362009485668787	0.059179503975192	2
0.0230375752861685	0.0423139855075957	-0.0191891591982261	-0.0555448612295742	0.0246697564013165	0.0578212919583389	-0.113328183702892	-0.0562089580087673	0.0425713919494452	0.0189598628603929	0.11198546501958	-0.0362029765717848	0.172270027523331	-0.00156152252967398	0.0152370645309312	-0.0278671739678764	-0.0570484842131634	-0.0646074568246412	0.00532562466367084	-0.00826197597079947	1
0.0119283886655093	0.00843760092178276	0.0448500672127518	0.093314583050561	-0.0240080975127448	-0.118451481869083	-0.0671553897645652	-0.040366032760449	0.0218014110514111	-0.0662408305213091	0.0244153874463058	0.083397226994364	0.022768576315259	-0.0750303499835559	-0.00383531349990142	-0.0290763228786257	-0.0155559123689241	-0.0736111630580917	0.0799932546599842	0.0674183906626635	1
0.0134490860441541	-0.0114071808093783	-0.0271853122424225	-0.0449460853983124	0.0124154590484809	0.0776376555529526	0.00693262085376318	0.087405979876088	-0.111198610982338	-0.231546692445163	0.0936741184787248	-0.0576336028658115	0.0646253276630293	0.121969746998102	0.0181070225764338	0.0315427016908876	-0.0425957066319395	0.00395685626364117	-0.0758654310621754	0.0683982797437806	1
0.0856211536467016	-0.0340453561645674	0.0395668222572943	0.0199288617514673	-0.04549799728539	-0.0489351758794415	-0.0241409096189633	-0.0619931428948742	-0.0463032169468242	0.0856895883492042	0.0439564638990383	0.108091682777187	-0.0582157808468891	-0.0846197401265863	-0.0424718069105864	0.111130281556636	0.0393708432724232	0.0235665779366773	-0.00861716666751368	0.0531845975762138	1
-0.0618607899100266	-0.0470601833528293	0.010507976485289	-0.0181912538990295	0.0365283029540134	-0.0900830671760091	-0.129835721894344	-0.00905903913755814	-0.0146951384629585	-0.0361003160670417	0.0441064847607039	-0.0406325098550604	-0.0910495766170975	-0.0552644559707992	0.0873319407030268	0.030920565853335	-0.0576622994862082	-0.0270760851457277	-0.0631402398320161	-0.155649869818291	1
-0.0555594661775582	0.00964056107970282	0.0250009731041286	-0.147929234588099	0.0361394635335476	-0.0266138168857232	0.0445356540645163	-0.0319806918598244	-0.0873748075427262	-0.0255761612272696	0.0224071489654141	0.00927064703523514	-0.0690983425895495	-0.00837073505404451	-0.0446529173461272	-0.0706261752073649	0.046252191849197	-0.106972532338046	0.0143750981095618	-0.0674072480025975	1
-0.0744418031472033	0.153007458674982	0.136656762212451	0.170178475949949	-0.00881594408221437	-0.0342868974884415	0.0600674385837498	-0.186508171656361	-0.149576023091363	-0.239282160797232	-0.149394702570406	-0.00366923080428753	-0.083080519435957	-0.0223111088819173	0.0286134771900531	-0.0371088584983795	-0.0619426431671105	0.000331029710181618	-0.105775103385903	-0.0926444261380032	1
-0.00893084229656199	0.0429485301169107	0.0555172540538459	-0.127842724951188	-0.0934805714050633	-0.0468205551070672	0.1539356731236	0.081663981518302	-0.059035147300123	0.045900675478299	-0.0675392010015726	-0.0845476815569413	-0.032611833855642	-0.0622404801115597	-0.00447325427654135	0.0107705525244488	-0.0338270594639858	-0.0173909712437434	0.0325976298019853	-0.000346642613092009	1
0.0618148620484069	0.0286395464936609	-0.0916157913059368	0.060547190002362	-0.122308465352294	-0.00177164117401548	-0.00589762399526994	-0.0117829445021157	0.0209277188687029	0.0141443821621147	0.0320847448333084	0.108332709338863	0.0289626805922215	-0.0262526048889104	0.0312942397951264	-0.0076125011852598	0.0530943421431169	0.0393800598185116	-0.0136523895676889	-0.039945955732019	2
0.0927797121583649	0.00992434125214842	0.0780298257395983	0.0288666463994187	-0.0693045022612456	0.0822840803580043	0.00173765507408548	-0.122024814760379	0.0306696196154356	0.154566148704071	0.121692823595278	0.128794639233269	-0.0337482977902166	-0.0172644525391132	-0.0162627689562988	0.133842683768671	-0.00629432993219407	-0.0308281295267247	0.0366529604146544	-0.16461051770835	1
0.105060388060885	0.0145897900678981	0.0396032281309361	-0.00152617310174121	-0.0959840317420818	0.0274181813888821	-0.0470921499330688	0.0119379303618099	0.0221267966537509	-0.0691148129123704	0.0913062572915308	0.0745576055228836	0.0182409184076967	-0.0781889875962801	-0.0207353232912825	0.000857844935280973	-0.0506722741632529	0.00558863254797403	0.0563049087927732	-0.0917899621607584	2
0.0155997176594807	-0.0120789792636794	-0.0223842544430139	-0.0598292883982494	-0.00612537550338447	-0.0431153621559476	-0.0391701452689894	-0.00451888108983678	0.00673014600422051	0.00280437827701679	0.00293798816724378	-0.00803359065900764	-0.000571607420865253	-0.0129765106371431	-0.00942234688579602	0.0116410085379982	0.0987465775196137	-0.0605062158532584	-0.000637560093364263	-0.0370201596324051	1
-0.11026330508691	0.0112114780449082	0.0127230990442713	-0.0305998205568369	-0.0777598971540022	0.0556219011043561	-0.0366323705737693	-0.0396395173599402	0.0957791198578099	0.0609141374930835	0.0851131765830138	-0.0194813086502009	0.105024880650319	0.0168697805728472	0.0358474623411697	-0.0111266158979397	-0.0463360207138581	0.0350156313709477	0.0276507743194663	0.109207145787779	1
-0.119434548529055	-0.058559356000771	0.00843316420228953	-0.0936585446791198	0.00813646076788992	-0.0580999188744592	-0.016458173443658	0.00847346853335389	0.0775525369519668	0.0654884364610548	-0.118372115486158	0.0949555252355629	0.0495624306057083	0.0235501654867489	0.0349268054151122	-0.0216205002279615	0.157148932024033	-0.0538805588849368	-0.0257193883306225	0.0148203278174244	1
-0.016709276325869	-0.0679985208500755	-0.029511092727233	-0.0898635826637731	-0.0121095981152108	0.111865976015744	-0.0733593599057417	-0.032882157724244	-0.0533515657132821	-0.116911429781208	0.0212616616647831	-0.0452482299405578	-0.0614069740650318	0.0153130155994277	0.0612364295375481	0.0590165916509084	-0.0863629306809146	-0.116228200593346	0.0129751378135808	0.148458076491424	1
0.0200722151046437	0.00340883764628558	0.00331223378699923	0.11293522579834	-0.0862903461307901	0.0531823414834837	0.00776484646329437	0.0731866985585585	0.0745961409054348	0.0474698753599697	-0.0688117090177831	0.0619619556061348	-0.0250768656501415	-0.123762182109427	0.0105551210366786	0.0936499806790703	0.0145558758162244	-0.0950042389186244	0.0387821071397524	-0.0465982695870975	2
-0.154896724519098	-0.10761793007429	-0.0857068808093438	-0.0866585043689499	0.00401205707215807	0.127967999085578	0.0153396319152733	0.129938496809397	-0.0156643987415562	-0.125427729672689	0.0581218930240543	0.06862367908863	-0.146513888799735	-0.0942831244389555	0.00084686442504795	0.0215580149862115	-0.107744235519032	0.0224216314650603	0.124299395561873	-0.02521336985263	1
0.00135793371004438	-0.0272675921808477	0.00070904377266167	0.0132349731800189	-0.0183608353082667	0.0368760572030967	0.011091187830223	-0.0151562587760289	0.0521627419073942	-0.0885879458017886	0.109803804325182	-0.0465069684945116	0.00504815903072776	-0.0168851306580522	0.0833759335015061	-0.0105813293316438	0.061166225940546	0.0715479305334177	0.0989960921148227	-0.102385062168407	1
-0.127544220579469	-0.0161168276381365	0.023076982549999	-0.0352106135859138	-0.107770613305395	-0.0833541591685731	0.00399619031020524	0.086193985965399	0.211222959754159	0.0312719169419669	0.00595716876936489	0.0598590132188378	0.0570094092216821	0.00857517454235941	0.0754932568595412	-0.0220204867974004	0.0620748120955763	-0.0254096539611556	-0.026958365267652	0.0949255897435352	2
-0.205879959237782	0.0202369767673537	-0.0387889576510259	0.0542541724206771	-0.10055028756131	0.027580499950204	-0.0983002671175722	0.105295133876414	-0.00997378643290008	-0.0178023720797211	0.0611192529980272	-0.0460491568449784	-0.0728936430367494	-0.0108694610668589	0.0380829546777237	0.110233161933599	-0.117514873484674	0.024230761437952	0.0738199123422788	-0.0142412307197229	1
0.0243435279309101	0.00610383323502857	0.0261459391703001	-0.103278844358999	-0.135678005180631	0.0979705266569484	-0.0614954984319906	-0.0179710250392363	0.0258639316674743	-0.11514049210535	0.0100174011235837	0.0418113135581318	0.0317249004712784	0.1023408582129	0.139978270481306	0.0599636715587052	-0.0585922578588827	-0.0634336674171282	-0.0838350307345179	0.0911329081930395	1
-0.153694589129987	0.0687856380759058	0.052644154332931	0.100664854378582	-0.0431903563761009	-0.00312228908638503	-0.0792964978404386	0.00293385242143824	-0.00308109446756246	0.0693553059353849	0.178740061029628	0.0841702081696629	-0.000672757514203969	0.0420995990155841	0.0140442908926392	-0.0304925469049263	-0.0273934766388989	0.0512474992188893	-0.038044755363887	0.0380644019196363	1
-0.108079102199522	0.11025493560598	0.0695157662913095	0.0383889470317094	-0.198173986929911	0.2040409284145	-0.0741244876730409	0.139525308029952	0.129037572994596	-0.0724547769403481	0.0297132571695522	-0.0201629329100263	0.0792844663518686	0.0995127595787265	-0.0537656700799311	-0.0923689503907236	-0.04252074529201	0.0511999212270399	0.0194818454295848	-0.0929249275083481	1
-0.0743312274831061	0.169467026614727	-0.0421307758986519	0.113883880180184	-0.165769197177037	0.0453403748482024	-0.00847853451390561	0.0209918698418848	-0.0872603617443304	-0.0429441648903177	-0.100688676455821	-0.0350010512075091	0.0358412050966313	0.031049489918571	-0.0596422892567397	-0.0578164041317441	0.0238897297535639	0.0323021140900147	0.0272643916018832	-0.00553463236520329	1
0.0199986184675018	-0.0575376325603839	0.00513976345328354	-0.0552059172932472	0.0286504332472958	0.0539815978030246	-0.0619039006714816	-0.0314492233313572	0.00974677218710482	0.0117124816545981	-0.031651983553894	0.00436285429924948	-0.00810401776056793	0.0577095854257422	0.042136655762448	-0.0990908951054759	-0.0446053747334995	-0.043839810118149	0.0594666362459253	0.0338198977528708	2
0.0557707801118869	-0.037234884340466	0.00168655838792017	0.0436971899181468	-0.0501846579388673	-0.00311600727613803	-0.1103836125023	-0.0470532839214489	-0.038616258056773	0.118754483005316	-0.0184736232763398	0.0839871668396894	-0.0167689334124279	-0.0946547110126709	-0.114195266229408	0.0526815634055441	0.0363333438410422	-0.028845324563977	0.00713635553815628	-0.00800645305479617	1
-0.0216394292632787	0.109006130432004	0.0693444807462632	-0.0498641157719472	-0.0433918407664676	-0.0750753843290067	-0.0444422120936614	-0.0656366901502267	-0.00763399355354976	0.104460732056598	0.0404718476006662	-0.012512440303974	0.0257322639454504	-0.0567242788121733	0.0685397780234048	-0.0445040619531347	-0.0423989039213013	0.0375114165099183	0.180476665607607	0.0147758214232066	1
0.0144038129132133	-0.0514925281343339	0.0175934800142383	-0.0977132251027432	-0.0153708069483816	0.0305960394462876	0.00411405185817915	-0.0938872672633959	0.007497890012968	-0.0364653411470852	0.0457482181971946	0.0360986470470978	0.0193513209897468	0.0609958440489989	-0.00909572379642363	0.0160458458453063	-0.0237624078613901	-0.0263370388619474	-0.0311784215275318	0.135670242611859	1
-0.173432829943539	-0.0621853166253382	-0.133385168742415	-0.00695473654151936	0.190311824729466	0.0112549897602164	0.0751971305443383	0.00228234254545976	-0.0744675928773376	0.10126245471935	0.0570785727334951	-0.111121237622479	0.0391410499106468	-0.0290708208244042	-0.101881481590365	-0.00797751163987669	0.0421001321195137	0.130489204201872	0.0360277522407961	-0.00205339145696132	1
-0.0662872688161232	-0.0268479175476396	-0.00152337493349377	-0.155453942146463	-0.00121831972995127	0.027463690051012	-0.0631669804191336	-0.0610634601689009	0.0567649798491018	-0.0230798414445653	-0.00645123487618118	0.117489850670208	-0.0119728796033181	-0.0053704818396672	0.140646452472999	-0.0370611413568049	-0.0238477534837367	-0.0608143165509885	0.107552365927923	-0.0648149923463851	1
-0.266776728552332	-0.0650741695455938	-0.0367022712250933	0.000731674770915406	0.00427250214378204	-0.0625608123496118	0.0148601218718861	0.0443231629921324	0.0492728159357291	0.0481852754407535	0.0486716548170892	-0.0581395234711034	-0.0232978973887987	0.036702326985849	0.0358655891893991	0.0913950201827597	-0.0569859228144884	0.0435584091636133	-0.0815813809702986	0.0745092648469008	1
0.00128376219902737	0.0157794991056385	0.0512218512947833	-0.183512195956339	-0.064729793179661	-0.0115046381934382	0.153159242284083	0.0223414239817091	0.044231561240486	-0.0950254259228963	-0.0737073421690475	0.0934533593634911	-0.0262227376397412	-0.0563325404207336	-0.0712883749695587	0.044973022780743	-0.0662799101070179	-0.0702954310005901	-0.0216548093724643	-0.0158464470153198	1
0.0822379291270275	-0.0315545442553229	0.00962270272789266	0.0268156428302466	-0.011595655765193	0.101055899301927	-0.12222623363127	0.0481999710840634	-0.0636596326663428	0.0362021026889138	-0.0671769321281591	0.0540030540396604	-0.0981895241419053	0.0294049841103625	0.0606443134272699	-0.114559943026242	0.00918165361954093	0.00733380592164955	0.0620738110425476	0.0633779329598524	1
-0.00147484221857575	-0.065255885270085	-0.0104794226200987	-0.0453358496892941	-0.0247147952453803	0.0381327160254462	0.0134074881781104	-0.0657758440557624	-0.0228961751061434	0.0614180700226281	0.0666493552655403	0.0436411494977307	-0.0747491011392103	0.0355451275080113	-0.0458736952732639	0.0352313489176695	0.00692395767980532	-0.0623427117016986	-0.0831766828722039	0.0732317593343281	1
0.0497657088441898	-0.0461851172983034	0.00946672222965025	0.0141728047524945	-0.0208790387876701	0.0757416165504129	0.0547645001699476	0.0343745143695588	0.0242366275941851	0.034177398596403	0.096116882163036	-0.0587030039198412	-0.114893631772877	0.0342339882032755	-0.00546793528577585	-0.108511124383966	0.0795373415541127	0.109216763467825	-0.0152656549003787	-0.0334101102177229	2
-0.115660273060849	-0.00732384739869541	-0.046671174862945	-0.0802913434064983	0.106573654125092	0.0731277230625133	0.07358109034121	-0.0253187266081372	-0.00854066950272204	-0.0519100813992998	0.0628567469318362	-0.0382315001586021	0.0611994534822364	-0.0701949952716897	-0.150761217701817	-0.010508236048219	0.0255641916155449	0.0063841071603378	0.0482562838697808	-0.0126410373477188	2
0.0192425342781141	-0.0761208367695058	0.00182323700103288	-0.0141497415595377	-0.0433904207240961	0.0010423415613808	0.0220612161314324	0.0292052482300474	-0.00364553007578127	-0.0678628547703938	0.0382390966917689	0.0279691325257008	-0.0632300213379555	0.0132545395401898	-0.111618583706544	0.019321249981315	-0.0413603802640852	-0.0118149018336326	0.0359184688753868	0.152683156050749	2
-0.0468589092738617	0.0132883463982763	0.0246542889304084	-0.0325051630816873	0.146258255203822	0.00991954882418124	-0.114961664953971	0.00330709139784304	-0.0782651670930596	-0.0590801349690907	0.0152277330452369	-0.00510569302582977	0.0570288578352816	0.00374774036157802	0.0040191037939497	0.0272640169960592	0.0747475912800019	-0.0875716061926565	0.0541353033645435	0.000686817275765958	1
0.0240607972460382	0.0335385347314701	-0.0470439460687001	0.0366929649429221	0.0641429000126506	-0.119062414997624	-0.0477105490284801	-0.0173419966292407	-0.0694152741656001	-0.0440773311684563	0.0484061505104546	-0.00764976435870798	0.0270741243761579	-0.0622565117335028	0.0488882057237713	0.0035796303252911	0.113385056270743	-0.0776554247878661	0.0164779181888192	-0.00262331389788895	2
-0.0136223399507444	0.0842500902393172	0.0877847319045414	-0.142761545178986	-0.153346577424194	-0.019383558316605	0.200427536277012	0.198154799992294	0.0518914091830554	0.037210311156393	-0.0111965928464591	0.0777411428722847	0.0468980488951257	-0.02174798292816	-0.119001106108828	-0.12133648751205	0.0146676039526505	-0.0387872958546002	-0.159883406057894	-0.0102312411992957	1
0.0294043524768349	-0.0429750279341272	0.0379934813734368	-0.0577137075450844	-0.0472663674678976	-0.0299776325253324	0.0818281897639702	-0.108828396180423	-0.0165917076574136	0.0625052303531305	0.057959601833632	0.0493863485700388	-0.023765051023336	0.0622168736740984	0.0181073836958426	-0.0847127684810772	-0.0699677320100073	-0.0182820426158817	-0.053257015493653	-0.0337010186070135	1
-0.0141626301608543	0.171179099152707	0.114603575003839	0.118434229594608	0.0935174218397293	0.0786208890954255	0.117911796952663	0.117277241076861	-0.209099468804914	0.0437299874957715	0.000916229178844683	0.312240153573428	0.123012577759883	-0.0159370242842668	0.0584023670488863	-0.0672065157395908	0.0900006604929388	-0.137846995703877	-0.0458636585403175	0.0691864391109263	1
6.72779026269823e-05	0.0789757359630836	-0.00407258703884796	-0.0796708630938445	-0.122050767143135	0.0835758434038988	0.0452234533186062	0.250320209996481	-0.15206731029403	-0.00542805610751349	-0.0346468883606888	0.0243225734651622	-0.0211768870865892	-0.0958724476422409	-0.0257681995123879	-0.017063393713632	0.066239300363876	-0.0465287807568125	0.208498199430087	-0.00742645028456412	1
0.0570488957591229	-0.0272351744528973	0.0207278698310803	-0.109843259107949	-0.00940345790081347	0.0265887767754395	-0.0354609670847102	-0.0849380182274428	0.0121208728081628	-0.0711005385468994	0.03289703790324	-0.00694426224289518	0.0419179529867602	0.0874059539935453	0.0215604427165653	-0.0964501553746474	0.00701450584059977	-0.0185725972830059	-0.095448202090192	0.0334141460458222	1
0.0272927922957749	-0.0338737630742385	0.0520350450805303	0.0393231989957956	-0.00595540053814113	-0.0524821427257327	0.0109120315359512	-0.00018050240058875	0.0111935482465339	-0.108539151229266	-0.0819238505525772	0.0651330968234172	0.0605718540229327	-0.0482646840347191	0.0355819965757402	0.0378785113253188	0.050681215152363	0.067727116937038	0.0385094063958862	0.0680589913107914	1
-0.0881010377391251	-0.0967661102730192	-0.0474443763881598	0.0713590140154139	-0.0224890628985716	0.105943433545925	0.0440056708282392	0.0837803017597004	-0.0211416539018496	-0.0651062879384169	0.18741069673715	0.123797161861545	-0.0687597604174577	0.032650568377614	0.0542165496024813	0.0845859470213024	0.0556801438051878	-0.0995641169102094	-0.00615610946855804	-0.00988533324064485	2
-0.0421170082345777	-0.0867859023142615	-0.000977238773998558	-0.0270447816087378	0.0472279363449962	-0.00194067896953041	0.0751189240400018	-0.0560340880209571	-0.0138286274826175	0.0422563601713307	-0.0176596765533201	0.0498731727276474	0.0253674641384803	0.0509608271880513	0.0295331904807504	-0.0478910629106049	-0.0793332043691545	-0.153767836884037	0.0128998233051395	0.00742091451545237	1
0.00186959145878536	-0.0543301963518182	-0.0416360259137009	0.0070274873636802	-0.0215217059599114	0.0328232996459186	-0.00222148426871445	-0.0706037906568985	0.0227978890570621	0.0443205549146912	0.0663428618611841	0.0309505666948947	0.0200135740383238	-0.0122361913819079	-0.0712829971999855	-0.110292398599273	0.114182370435027	-0.0844618002237883	-0.0289672519494781	0.0409575474512689	1
0.0200221129395825	0.0892248618944042	0.0734958048517765	-0.163459586790804	-0.0940270146584155	0.107793453191491	-0.05752610142045	-0.0309816399346504	-0.00993602482778423	-0.0363635500367173	-0.0863693472412156	0.0146087015508612	0.0583373858757985	0.146495469367361	0.0820296095413914	0.226301227617481	0.0861549609518972	0.0165955557674665	0.054148459093251	0.0958594353784091	1
0.0687985906509071	-0.0295993070237373	0.0101370713033704	-5.23889753661036e-05	0.0292870323978175	-0.053509126880966	-0.00637668656674338	0.0442865594068522	0.00466640637866664	0.0173445487764517	0.0486252767686651	0.123963778374515	0.0445539817556635	0.0657331434900377	-0.0464476481215065	-0.000114089138174026	-0.0957474682983976	-0.0657561385566024	0.0767984627204687	-0.0642324977562129	2
-0.0185181976197903	-0.0588824200207132	-0.00174780948170875	-0.0347861301051762	0.0219543001083728	0.0200632164579171	0.0480256945335677	-0.0136375754546926	-0.0458890856724707	-0.00708262566873989	0.0126946499902671	-0.0573627370447436	-0.0820756921784775	0.0935979010311541	0.0963908466605688	0.00647906761226415	-0.069875665194824	0.0863908654046189	0.0827860333767346	0.000584859633816666	1
0.0754672939887196	0.00158805311501801	0.0532702116698274	0.0473258697863043	0.0138834270027524	0.0947346720882411	0.127082772275252	0.0857021101941522	0.0468433687818436	0.0775007389899441	0.151370755798648	-0.0192615120231005	0.0556254113712682	0.0467884542849154	-0.056886027900281	0.0765810866465274	-0.0640879908281698	0.00775118849750554	-0.0534597083998877	-0.153453964463008	1
0.0171925406093138	0.204635836049424	0.0495886198465765	-0.0208273580871477	0.169811854292885	0.0538951030899202	-0.0265356768875437	0.0735796908077046	-0.132796406604961	-0.113384143117777	0.106462730233938	-0.00780363087547669	0.0180614654161852	0.00601083597728723	-0.0822503781096633	-0.00204115740191416	-0.0248299098256896	0.053641968873039	-0.101410978023617	0.0876296542775136	2
0.0564397808810134	-0.0167535147220262	-0.0407695078570616	0.0173413280181866	-0.0141142635910812	0.0538275669296099	0.0349939125548092	0.00250249695459768	0.0390142298070308	-0.0428587139778383	-0.0241515679798086	0.0237282710578345	0.102479913925478	0.0139163246073936	-0.0677511399289265	0.0374503807708908	-0.0911429002613607	-0.0585089734003144	0.0755809899849741	0.0719722650529032	2
0.0277447458281956	0.00176761197836847	0.0655631775136697	0.0223616671316868	0.0554143270467441	-0.149000239743963	-0.0457381474557379	0.0561630099549489	-0.022622125471029	-0.0866984127190084	0.0159948095107038	0.0221724439621272	-0.0349330250463722	-0.00211901483373993	-0.0300669144980003	-0.000103946071958307	0.0803905853203856	-0.0830300983098931	-0.0226588339006467	-0.00406915883367718	1
0.0318672871668503	-0.0578699503281759	0.0377301877488093	0.0105759842915156	-0.00872921579859641	-0.0387388533314239	-0.0569120252965441	0.0187027386575213	0.108689361774449	-0.0636204031720416	-0.0894611576001795	0.0333316188947965	0.0370813460023317	0.0252379942680147	-0.132746670113408	-0.00741331038124723	0.0146138019920033	0.0013526801825116	0.0800120458183647	0.0243150937363533	1
0.0411696770318495	0.148866129805402	-0.145719945250328	0.042761538271864	0.0763838403560641	-0.0349611572969212	0.0414997720257291	0.00931356405481845	0.0969548526227874	0.043584780710457	-0.0703902683583114	-0.0180632061594661	0.0784890924544514	0.0477166624847436	-0.0384229332436414	0.107980891474022	-0.0430093661698617	-0.0316792835858712	-0.0983803784918804	-0.0341706549666543	1
0.0586274549166015	-0.0113928346952905	0.0769001287439803	-0.0140999892899177	0.0586224212200252	-0.110393580192418	0.0101365259006742	0.123822090009717	0.0852148249034634	-0.0316391285078662	0.0264199489287905	0.0332958499149185	-0.0444583590410125	0.157575744884937	-0.0580001152939557	0.0105298840908737	-0.0356032966333052	0.0720517988505966	0.0293847923314741	-0.0370045987100999	2
0.0535166039858008	-0.0174515412524361	0.0518737505484426	0.0494531885384171	0.0288959212653212	-0.0216329450707029	-0.0182678748459486	0.0249550147659788	0.055368000850229	-0.0406859029396223	0.00513657728314685	-0.0145090360620771	-0.0509386311398529	-0.00343294155771313	0.0516170788585538	-0.0662417489234697	0.0181103662591527	0.0230733874766874	0.0237830158330273	-0.0415771497029508	1
0.00322209611826235	-0.0798177431185187	-0.00129077237496894	0.0352006623617388	-0.00585556678725243	0.0196325972415959	-0.0947612953165032	-0.00806507335995328	-0.0385560930361046	-0.0369398943279036	-0.0343319464514688	0.00604521929545581	-0.0267312134035781	-0.0417174493519721	-0.0590722014008886	0.0279985014592306	0.0776994078714951	0.0230577061904141	0.0113172420647855	0.0305330593921521	2
0.0187072064956826	0.0463373668540358	0.0729724840657177	0.0547051885409477	0.139192862439877	-0.107267790487547	-0.103430435714942	0.0819033981618251	-0.029514369180331	0.0120538948987445	0.0445013265009944	-0.105120976568564	-0.102096147149663	0.0972684859987723	0.0349442323118297	-0.0346144362840795	0.0498826612235289	-0.107770845951905	-0.00468104788033581	0.0882021047348917	1
0.0418159892389484	0.0600182078503354	-0.0965992352045758	-0.005410484892557	0.0636653971988055	0.0242256981325491	0.0337708927646341	-0.0403650568115649	0.0120011983094145	0.0821690330145128	-0.0226077706378893	-0.0410897476759536	-0.0922421029016744	0.156762538194066	0.100161397434263	-0.0978356776250119	0.00974598843542407	-0.012319888753089	-0.0393321436050387	0.00201255089923278	1
-0.0236569778985547	0.0495534848057208	0.00216469763184926	-0.0436059257150363	0.0275364349893933	-0.111405015006181	-0.0316120962582527	0.0837258905004485	-0.0517278153795717	0.0947158563833591	0.0860515604201201	-0.0811056023607624	-0.054215697423196	-0.00225101540017855	0.0237976559156442	0.0950848216729129	0.0608267030890491	-0.0706577452259063	-0.00571586064145404	0.018342238948515	1
0.0365239154011009	-0.0233346354158444	0.0360300793468529	-0.0238235433528059	-0.0132583815938843	-0.0222101729402673	0.107050255979365	-0.0282301716406431	-0.0564310498823896	0.0150684456416196	0.0154463339568739	-0.00465814846523723	-0.0110348512410518	0.0191641152331196	-0.0858948673356294	0.0397617712305967	-0.00924885194722192	-0.0518663739792501	-0.0734550469261521	0.0223376055973138	2
0.04467932365872	0.0550641686779668	-0.148275373554039	-0.0318312858577731	0.00554817241075095	-0.0464696923152948	-0.012687986891879	-0.0826634434693399	0.0101203273741044	0.0317520786344313	-0.0799407502085073	0.0227124571557124	-0.0238464743513136	0.00501490322019737	0.0287718175712576	-0.0238822203988165	0.112402953170281	-0.0733808491929164	-0.0592763620471509	-0.0771111081318676	2
0.0212823695550402	-0.0431690402469883	0.022907191775932	0.0482127034839387	0.0889214270405425	0.0429966087777865	0.0251561317338762	0.0549848885440238	-0.0029918847244901	0.0773099133109336	-0.0519756971046151	-0.0450743419421617	0.0684306595947391	0.0577319504830243	-0.0589338085198397	0.00221458571837706	-0.148703672797944	-0.0311251058135646	0.0157526872412544	-0.0708654980533909	1
0.0305430825157675	-0.0524110890611578	0.0284126200946288	0.0587548619571192	0.0479613515754712	-0.0152928692752967	0.0442603608891908	-0.0138564140540159	0.0358198167847507	0.00872036884415235	-0.0485307376453657	-0.105871444620755	-0.0234791595878905	-0.100122429984766	0.0226364429400059	-0.0298286832271328	-0.0556027052136125	-0.0439218730812306	-0.0643411679910754	-0.0912097932932744	1
0.000696353434900538	0.0124279249076541	0.0483819670809249	-0.0613921348926092	0.0564785350745916	-0.0147633398707585	-0.0964887989376149	0.0129100539343217	0.0748674481031973	-0.0740643767511736	0.0198269590196323	-0.183213444406797	-0.0338735152174728	-0.0492825609307466	-0.0972574590969525	0.00221512733415538	0.0414681411863615	-0.123349498144047	-0.000548928574903591	-0.0121665730132552	2
0.023680690047407	-0.0711201069318472	0.0142361395979891	0.0146421936206029	0.0185654305315872	-0.00901503697705042	0.0399521722879578	-0.0122317193115852	-0.0230545848695634	0.0409809622103464	-0.00057140193618531	-0.0661623923832766	-0.000809902835071379	0.063154418501459	-0.00424919415174745	-0.066105900017176	0.00836680535227277	0.075134900777095	0.0144958502247322	0.0408865596313266	2
0.0301794513408794	-0.0239378646831365	-0.0307743368010566	0.0352505827781663	0.0435061733611984	0.112043692972847	-0.0721603109332387	-0.0335098112643645	-0.023139362074997	0.0351027272772799	-0.0101887910334659	-0.14406739185008	0.0496136384889403	-0.0457902088180368	-0.0223906322953007	-0.021706986834219	0.036476609307863	-0.0758167493610738	0.00173307406320962	0.00973361429010981	1
0.0452916650133177	-0.0422995320194246	0.0318471983082637	0.00506474075256419	-0.0143129188080095	0.0641000781844667	-0.0301443249986359	-0.00936979054762708	0.0172029132139896	-0.0549444036280553	-0.0800398891680207	-0.0418591456826158	0.0852139765436993	-0.0353098083325847	0.00727781508255481	0.0845576203868633	-0.0335079901214588	-0.0430363229198646	-0.0952822830384816	-0.0385975432297826	1
0.051311310696264	0.116456820608495	0.116551293109808	-0.0420828485767397	0.135771086337005	0.178018659451849	0.142043210180224	-0.082603990574125	0.0847027050732091	0.166374849483059	-0.00972195402189474	-0.0696787709124491	0.0576113470153883	-0.128731091968448	0.0206466252589006	0.0538151197697508	-0.0831631553278213	0.0254459501048791	0.0125056179603445	0.0685974209127667	1
0.0513890979940607	0.00843914713729006	0.00323035523801586	0.039445692960615	-0.0205630441144304	0.021798718164673	-0.034637477361439	-0.0180828379023086	0.0245461855686728	-0.0532269745578198	0.0916390487500856	0.0263624501804393	0.127136599990085	-0.0168006688062656	0.0701634074575246	0.00718976880334756	0.0109698112109878	-0.0197318253315281	0.0944030167424069	-0.0503280755089177	1
0.044837562953275	-0.00142715882440257	-0.00301454981224825	0.0131673492809145	0.02560910971497	-0.00630840212363941	0.00364473623417045	-0.0126233587416329	-0.0185069955981205	-0.0244503198602997	0.0234606135854814	-0.097982947237859	0.15949204166861	0.0375094129001294	-0.0719965041689954	-0.0216117389463715	0.0772978473713535	-0.0451298362485088	0.0568043546484849	0.0888676275156624	1
-0.137060156614575	0.100308336765213	0.0860237124605281	0.173161181021775	-0.111789917087667	-0.0192216769139026	0.0185511900406639	-0.202672722810328	-0.111527562156241	-0.0895772780904984	-0.0380541352233594	0.0270110627650021	-0.0398946067748192	0.107019505624849	-0.0219556961483761	0.0208376486772068	-0.0473002469687989	-0.0691590253313227	0.0232868906824921	-0.101155853661	1
0.0736494930281184	0.166305700579722	-0.0526243879045004	-0.036684466710013	-0.00212565881619659	-0.0883564962799759	0.00672182232513679	0.0243264412361875	0.147795393929051	-0.0372047246955691	0.0377420328335095	-0.0472784320458156	-0.164120266746001	0.0345089196974993	-0.0902891739367874	-0.0325396570012205	-0.0259541383256064	-0.0256236926115092	0.0424663023044531	0.0520869651627686	2
0.0300554206640675	0.126258562357219	-0.260469953417799	-0.0609906272292706	0.0226162331415345	-0.0267457226082086	0.0464340257242946	-0.076932403498403	0.0720950762946692	0.0473652519251483	-0.00693234416643898	-0.017576702349641	-0.0742039589060769	0.127652493379957	0.0372086200397982	0.0737338150684981	-0.125044582380274	-0.0678173524061987	-0.0958346752291171	0.00393336879867224	1
-0.035498838112388	-0.00417699765592508	0.0580920237096825	-0.0637650825248251	0.0354314554099561	-0.123304524099126	0.112269267418541	0.008594197066523	-0.0116881817972538	0.0498202271602805	-0.0051057211018432	0.0135430294809393	-0.0422405261204516	-0.136811125234265	-0.0493362668007031	0.0410482682351469	-0.0253287765244027	0.0162965329525653	-0.00787082856128238	0.017592992540961	1
0.0593486506926531	0.0288988399905398	-0.0352261258744776	0.0232724772650582	-0.040532478303397	-0.0355876677971281	0.0741122519958363	0.00801474830345051	0.0491308711883061	-0.0300256191255347	0.184629042069456	-0.000658617780279668	0.0330336131477275	-0.0617146694330177	-0.00924789631184307	-0.0493115943617587	0.0862944773719067	0.106887813986038	0.151530895452297	-0.0425510613762129	2
-0.0326211404746318	0.113646439323841	0.0551771422992377	-0.00792368730107978	0.0591582439572583	0.0494086523262109	0.0266080535991348	-0.0196103832057827	-0.100049236066439	0.0471409055675695	0.0783242024013123	0.0329015536821696	0.0330096451939478	-0.0756675834698887	0.149703351904433	0.134417874895381	0.0800598887303143	-0.0183977168608299	0.103707483153704	0.226661889721648	1
0.0359358472303382	-0.0540190290970704	0.0293731792616235	0.0220125227740273	0.00878088304248264	-0.0232168342795397	0.0541341924709115	0.0204080063454342	-0.0232976160400406	0.106358950854522	0.0473062760434102	0.0111609121913482	-0.00838951990508513	0.105138603663086	-0.0481104333045531	0.0127802135508512	0.036906200173393	-0.0240924057213713	0.097425435624556	0.00116310088183866	1
-0.0989011435588723	0.0771580267718824	-0.199373141762977	-0.0967317786420453	0.0377578938184089	0.0192269322191493	0.052034243391213	0.0243962045204933	0.00140098943088639	-0.0679076488901572	0.0760010168397399	0.00449145625826056	-0.0646001714053486	-0.081553106482647	-0.0518768109015692	-0.0279101143409307	0.0299789392348229	0.0122183206830518	-0.0404163194221615	-0.0345475184528492	2
0.0712887249658806	0.0919498292693581	0.112838150873277	0.0619143743044428	0.129584701853719	0.110989365188573	0.0405921373147871	0.0304336364410196	0.275523069635151	0.0366537552219872	-0.0390042512147601	0.105442874459926	-0.210145401307246	0.13906412197397	-0.0421577761137605	0.0240743991603297	-0.00868727457910195	0.0294211558442783	0.00488941646080979	0.132861691811608	1
-0.1420348397598	0.124187269018931	0.0978681164073898	0.150849488799752	-0.138044573585784	-0.0855281134800112	-0.0313849299642662	-0.147917210826046	-0.0199284648296994	0.0322611520248948	-0.00234641514743591	-0.0563070458707446	0.0143355427000477	0.0888833282305214	-0.113733373631448	-0.014109783760522	-0.0107526021256571	0.0956077575592253	-0.0743989564171253	0.0190306737167567	1
0.0662447057472506	0.0790564522142119	-0.0166574635557911	0.00807395766913578	0.101774595390628	-0.0376627645328209	-0.00566194849330477	0.0174748630941378	0.0330348998761667	-0.0602103804782521	-0.09711693531555	-0.0074698053094564	0.0816305248991726	-0.0837099437804242	0.123848178812893	-0.0767372174235554	0.0345424875905905	0.00192897074354093	-0.0206563226140659	0.0228131311418167	2
-0.0384061202337788	0.00216694477888317	0.0109279238728737	-0.107335689785626	0.112218672086143	0.0736788605599504	0.00503229553918483	-0.00917124802387602	-0.00283337268483457	0.00834587768062414	-0.00979406073928096	-0.154849053789169	0.0221426670637683	0.0916163032332515	-0.0411431709578213	0.0778996486898492	-0.0255098751703519	0.0135279860796953	0.0275536730684661	-0.0759064084072432	1
0.0365579386137428	-0.0133885354439102	-0.0530598783182838	-0.0270397427120563	-0.0339847125377863	0.00371539538658594	0.00104929562075732	-0.0432644019998398	-0.0653305157054272	0.0415751555900287	0.00674267063636401	-0.0518027506126547	-0.044516223386171	0.0318394261836071	0.0477737891779664	0.0262190743716753	-0.0564325545276846	-0.0458899545093514	0.181525566679636	0.0584357006269674	2
0.0362731089464411	-0.00536143585755181	0.0459145810627703	0.0071382273229319	-0.00622108655329561	0.00388281483254034	0.103910595666751	-0.0339860844562949	-0.033418122778402	-0.0626501476405103	-0.0145357361290668	-0.111890993750875	0.0281332735683238	-0.0762477828339109	0.067057252722207	0.0564579909996857	-0.0389178632446562	0.00909947583744449	0.0680745691665912	0.027424435908306	1
0.0596796797757303	-0.0082414395095763	0.0385960667484824	0.0355163867837763	-0.0429157306301274	0.0926370120975189	0.0410146566628081	0.0456102015361915	-0.0351807040082385	0.100166782044996	0.0675031142285111	-0.0738936581849316	-0.0193858233870183	-0.000425206294754112	0.0356627677676485	0.110578794376731	0.0823672677517895	-0.0262088879914028	-0.0397688726658666	-0.0714281932873662	1
0.0526071810679183	-0.0698937470715614	0.0215172290872449	-0.0166514868419704	-0.0131866026010554	-0.00237178885314698	0.00998421333866043	-0.00984877625498991	0.0164401114802523	-0.0668982037612481	-0.00758813487408209	0.00419583964364256	0.0283800785076368	0.0179985674014354	-0.00183759033089294	0.0277633603704003	-0.0268369236899857	0.00495586734127666	0.00293368115851438	0.123233399008796	1
0.0462398378645104	-0.0398270524116721	0.0353932828312481	0.0186548200063574	0.0732583691270342	-0.0423185820540384	-0.018934566392087	0.0877935215155839	-0.0698793619353091	0.0341168455521832	-0.0378307125123661	0.0217085974780079	0.0150540313651112	0.0663308999020382	-0.0272610947135712	-0.0118039129788292	0.0547285292038511	-0.056900153594219	-0.0322286584512027	0.0854374993029428	1
0.0388700876193072	-0.0114552727771347	0.0368233647683637	-0.0409891629786955	-0.0374181581201278	-0.00048273882245427	0.0401742804635573	-0.0409343722446837	-0.0169716106974802	-0.0506601444328879	0.0281570453810623	-0.0542070441375117	0.0195469229308672	-0.00433393839005041	0.0273113342540518	0.0505844415440971	0.0180123331623833	-0.000848346483782889	-0.0135785353018045	-0.0646852348779054	2
0.0292936402875721	-0.0670973776602366	0.0162707259062372	0.0277342439876176	0.0411263135326324	-0.046368131788652	0.0488403354435869	0.0278128530549733	-0.00666084636457662	0.0756697337241408	-0.0550637525048296	0.0131522350918221	0.0586206525677712	0.0620821157767772	-0.123426531866513	-0.0108966820288151	-0.027944284352585	-0.0614331726930577	-0.0630543212655815	0.00643420083545307	1
-0.000779386972894443	-0.0491161703921135	0.0101056732868841	0.0288637956052348	0.0256231914282535	-0.072626715729266	0.0438575085391973	0.0286478410702334	-0.0699533510558236	0.0470053984207662	0.0761315737510715	-0.0144185032826864	-0.0935743486471307	0.0308953983085125	-0.0140712648633665	0.0488376442520091	0.0109568567278333	-0.0476585813783383	0.0320530464384281	0.050288522069875	2
0.0290688917411916	0.0196233806611915	-0.120077075025429	0.0132989881423424	0.0360380665120461	-0.0868529979409282	0.0912651257504725	-0.0293980571495355	-0.00472250684068037	0.0505376682435547	-0.00763591396111452	-0.00338032320334386	0.0426155124556316	0.0433016060584454	-0.025352733083516	-0.00242300380693621	-0.0103996162732445	0.00119412335849779	-0.0250673646240313	0.0260519759423324	1
0.0482037187366032	0.084439409792074	-0.0578140116527087	0.0422431994992995	0.0476421893397536	-0.148690460575886	0.0545744937199745	-0.00401114420831801	-0.00933000447330677	0.00691647817464103	0.0658926038450795	0.000815793494351777	-0.0165587054528888	-0.00837845021382647	0.00356581619974054	-0.0376708079739269	0.0651605851126711	-0.118863781880145	0.0238223060338325	0.10211019426618	2
0.0860313296792027	0.0166735975775009	0.020084306959643	0.0102891277350132	-0.0149444714511604	0.0201620572202219	-0.0427276691181037	-0.0529780087550975	0.0163469637169457	-0.0741221490880525	0.0419495168662709	-0.0361127916964047	0.0716069408202139	-0.0500017614380886	-0.04177035120883	-0.0395445102447932	0.0872467058662461	0.0563500167655499	0.0447951835782351	-0.0649410939661835	1
-0.0150010656749552	-0.0785663931249248	-0.019583493473594	0.0178984462380591	0.00507221942430935	0.0166621700455055	0.0225407966708612	-0.00699049966660621	-0.0839752260110712	-0.0165356106551033	-0.100938869638208	-0.0784232339559321	-0.053391903795444	0.0458482077228112	0.0936337288723436	0.00285735364225273	-0.131114475508028	0.0146890323187441	0.0760924357091408	0.040499474358924	1
-0.0658496713449902	-0.0489393120112722	-0.00380301122124015	0.0235649499120324	0.0267602454794198	0.0103575649803437	-0.183894540997185	0.0577908659208563	-0.021961231094695	0.0433269123553081	0.00633871683214902	-0.00728983038527651	0.0410305786441503	-0.0103886227150637	-0.0134333395321946	0.00696470417912293	-0.0635290496102711	-0.0990602812480167	-0.164293952011641	-0.0183308457630591	1
0.0560224333612297	0.0089412127485535	0.0415738400793521	-0.035701298442681	0.0772298822592646	-0.11159941824666	-0.00495222067951429	0.0336911261052691	0.026651214152553	-0.0520246756785303	0.0204247605094672	0.0166489463074726	0.0401595262363157	0.0742242363455936	-0.0665517161654289	-0.0144017695446705	-0.0700655955434467	-0.0453858384436085	0.0349794743242631	0.035347441772884	1
0.00256934175172106	-0.0279156391922021	-0.0512101860066234	0.0714151983592633	0.0377564112961068	0.02103668558276	-0.0409735041728551	-0.0150095483133677	-0.00943985590620147	-0.00200486593479882	-0.0335708945054358	-0.103343398458731	0.0391957041079318	-0.0657381435500681	0.0115979871984085	-0.0569228952943253	-0.109477099146125	0.0229118125614395	0.0886189532764684	-0.0584646044161575	1
-0.0210765306656808	0.00696677237208961	0.0297872354002135	-0.0322815950202977	0.0780609973309063	0.0400007548088065	-0.0490167056297493	-0.0203239196203049	0.063898640749789	0.0955779623789189	0.0416645799464523	-0.00943848591440157	0.0334752380625622	-0.0280907916993008	-0.0860076839223189	0.125067785732718	0.0209592314401456	-0.0123575661691147	0.0222738975933343	0.0191150101617304	1
0.0186409080853015	-0.0363622767465287	0.0411791368654568	0.0335040691826518	0.0712813102960734	-0.117379461979836	0.0552522164813329	0.0625298648295786	-0.0377782632250501	-0.085732852533186	0.00663944440894527	0.00573263139513675	-0.000742757579878957	0.0827914856946721	0.0279647209549517	0.0445146310675127	0.0554547046884898	0.073051084447064	-0.0892791231788278	-0.0222848147759919	2
0.0198946450097827	-0.0399111064408055	0.0273237556887028	0.0174979992105405	0.024260162761854	0.0288799705345527	0.0847316440040073	-0.0614238460278253	-0.055895261211392	0.0315394315004547	0.0149517244465821	-0.127259514876344	0.0513517556074874	0.0180140100396898	0.0335021944658222	0.00875453552528398	0.0464229729630533	0.0219239299678849	-0.0155829159940443	-0.0490682091162813	1
0.0595475922401599	0.00104173880066008	-0.0116458723946593	0.0242056850947502	-0.0286793308433728	0.075076193681045	-0.0224592053015503	0.0215882287636194	0.0511416344376907	-0.00545997693549719	0.0366520035474122	-0.0302395830712355	0.148956453763545	-0.00021871052607094	0.00689052604596213	0.0659554821856016	-0.0201465973183955	-0.0742215679247037	0.0157880573449269	0.00362915730499847	1
-0.000588599133843339	0.0273239557570756	0.0741105511882214	0.0335464972752671	0.072428932095022	-0.0749174811115499	-0.126283116788899	0.0345687218394208	-0.0351592090496738	-0.071733482804671	0.00470562022449447	-0.0514181693861737	0.0162036871174585	0.00996416818496214	0.0274194816489812	0.0231740054108403	-0.0163388067089054	-0.0488315005392723	-0.068315159303525	-0.0167643776320107	1
0.0476167968148707	-0.069781457009315	0.0188814194869009	-0.02397911971055	-0.00965966369754211	-0.0194406195656668	-0.0628818593713983	-0.0225762925957005	0.0187201324871143	0.00735442558266654	0.0116825190364969	0.00101152960500084	-0.0340580174019746	0.025880216312922	-0.107487004079053	-0.0916594808705087	0.0550622976853044	0.048203246558017	-0.0617061785476222	0.0862714429224965	1
0.00133131406187235	-0.0227012585004901	0.0340514952517456	-0.00350306195275359	-0.014706496586109	-0.047167269758359	-0.120181104429493	0.0206601327398172	0.00655020418085685	0.00731146988030819	0.0172709905755611	-0.0241238707903139	-0.0587311855660578	-0.0436830774721612	0.0726213057816837	-0.0449500327837078	0.0740740506927148	-0.0789596967859797	-0.0465476564039309	-0.127055992847458	2
-0.10302639548891	0.0864193322823769	-0.0486796383291928	0.0310311062057321	-0.0344495863437997	0.0937626832188415	-0.0843760603953865	-0.0660556130671037	-0.0619059134286116	-0.021417678263452	-0.0219849533796966	0.104701730992939	0.0467582734621845	-0.0221178842825168	-0.0371571533804	0.0380326591843028	0.13167357253839	0.0652080265974533	0.012996304687169	-0.0208924817672809	2
0.0295790801263799	0.0122334072896422	-0.0982808906450312	0.0257695439072376	-0.000617187767459549	0.0193942123665154	0.0312839236371985	0.0482094607087264	-0.128856433743445	0.0472608495058629	-0.0120647043031186	-0.0451154928034359	-0.0536097110048281	0.0617331725666709	0.0557812304680776	0.0116886951742553	0.0475582124070718	0.0637321659230402	0.0315763162717895	0.0962536024290698	1
0.00496856031327048	-0.0376082468308061	0.0193372873055212	0.0290065419488607	0.0787209789298257	-0.0651931399021011	0.0566610887339621	0.0192268421710017	-0.0602823078393254	0.0374575049828714	-0.00618650938204453	-0.0428532882124421	0.0645407947109808	0.123435226895452	0.0278250853178576	-0.0222509786196448	0.0226390660972048	0.0386293137025966	0.0514636971960873	-0.0819013394742187	1
-0.0630647944378265	-0.0209934515073897	0.047989724443405	-0.113024326919518	0.0473835359331074	-0.109734757538924	0.0149025249021969	-0.0429245640651353	0.0607242145508405	0.0457944141247844	-0.135438198264315	-0.0234059689271598	0.0272925943004607	-0.0602558161202949	0.000596935484939398	0.022117710071807	0.00459338284206462	0.0221795891589542	-0.0322784522320761	-0.0467523310629302	1
0.0216992555143682	-0.0719579017651389	0.0083543463495041	0.0439648977900713	0.0250104996686693	-0.00393970034116357	0.0370838455431191	0.0550012836607929	-0.0926934394502159	0.0599714695092079	-0.0269722075851493	0.000880203201364035	-0.0586748495215877	0.0278703866623248	-0.0688252477004864	0.0585692427336531	0.0214439808544041	0.0664127555976993	-0.0496963997775927	0.0163751586773663	2
0.00300715836963976	0.0895824398330554	0.0699783589279899	0.104287000444471	-0.0267220360651758	-0.0360542699325436	-0.0207700435477378	0.157797296008134	0.0527344864935231	0.141116660458498	-0.0391001966118494	-0.217101968664386	-0.0388943707563576	-0.0211153517291911	-0.0817177154028366	-0.0956740334329134	-0.120388031875325	-0.0876577282183322	0.0961514267588975	0.0950911235832621	2
0.0251762834323831	-0.0313874768114475	0.0534525450211768	0.0278270199541289	0.0941189872421259	-0.0673175253460402	0.0740655839290725	0.054455828960129	0.0478407716847398	-0.042971044713352	0.0205716629655191	0.00716368378595342	0.0822641569230796	0.173742074418154	0.0654728168354616	-0.0127157990516031	-0.0634321288082278	-0.0619443657417747	0.0405600747459823	-0.0509869371664559	2
0.0108240243193216	-0.0786124133796746	0.0144604979581062	0.0531045162969271	-0.0575223775499117	0.0133231581037165	0.130373233160836	-0.0198237479253761	-0.079739270270549	0.0532849776049192	-0.0481638172704935	-0.0096984328214455	-0.0603317193181281	0.0482309878271292	0.0675656252207392	0.0163489407390776	-0.0685040833643178	0.00029254294284632	0.078175868191321	0.000557818244537812	2
-0.0243052009221846	0.00762684117069847	-0.0277454404857804	0.0576498276265081	0.0438623950656069	-0.0616879524213228	-0.0431516000219333	0.132298360285137	0.00344124884721966	-0.0515005323953712	-0.0225273213560526	-0.0233094078871997	0.0172891773597376	-0.0343448237070492	0.124599667570386	-0.133220621225494	0.135772911017358	-0.06802407478292	0.0218485311154765	-0.0146950593000737	2
0.0507920288569337	0.0556405539681741	-0.0811684422979571	0.0232492396140245	-0.0290260416670259	-0.0128580906419614	0.055161795966841	-0.0088329183267733	0.0181351355156076	-0.0313841161104364	0.0197971609119332	-0.0325809741568063	0.0568261677047775	-0.0503129617551919	-0.0308783499700793	-0.123387762747106	0.0820361675225957	0.0234348618972576	0.0603736616447171	0.0248721812801936	2
-0.0276024151817784	0.0417405033647762	0.072018311935879	-0.0179842361004275	0.0139542599532558	-0.110060947419593	-0.102112415828774	0.116369624283829	-0.00668799612947315	0.0997289841748529	-0.0461905634888923	0.0335484336138872	0.0998052303731824	0.0662162512133479	0.0296994726314863	0.0743015492706563	-0.0953136436803856	0.203720827989846	-0.13595973160972	-0.0814192228272243	2
0.0197442653918891	0.0167825213442397	-0.107026654814224	0.00800844888909925	0.0424710457606325	-0.0441870222197162	0.0108590250431236	0.0485281843834818	-0.00855925501197435	-0.020748441852765	-0.0446821913003449	-0.0478296317790755	0.0620821291548632	0.0763882243839997	-0.0266641973859523	-0.0158307653992525	-0.055837723735799	0.0138435585932302	0.115459364686197	0.0229835352102826	1
0.052889384374049	0.0307318379548954	-0.117363244582535	0.0701477795704023	-0.0581642713343635	0.0132722571940716	0.0897419025304748	0.0117854405599099	-0.0236405297803634	0.0566125998073117	-0.0178911905847137	-0.0793025300606185	0.0253329219229303	-0.0243706868941513	-0.0387253031482598	-0.0257810612316487	0.110128757588271	-0.101368145318601	-0.00278779984720472	0.0682630909029347	1
0.0404887991464984	0.00689456650860794	-0.0800908645432978	-0.00874815189511425	-0.0330817110432499	0.0418211395984264	-0.0135014972236217	-0.0345039910016983	-0.0534615848845098	-0.0172167634881766	-0.00260194516357913	0.0143641730495228	0.055501574505875	0.0307217167106131	0.00893957123705423	0.0216855127959676	-0.0804813182854489	0.00774968469124849	0.045393723974874	-0.0187543537877129	1
0.055659877572097	0.0208250846514164	-0.155093275202213	0.0189452009876062	-0.0347129456824931	-0.0299784006387965	-0.0244522269268767	-0.000184729921818504	-0.00370529340184879	0.0134265248438918	-0.0437766446228356	0.0269499034711479	-0.0199006984331025	-0.017023589135717	-0.0148281710170046	-0.0496331664899098	0.0144798508915604	0.121498600919918	0.00374520819182728	0.0845946860752679	1
0.00981194365563761	-0.0342130994955693	-0.115593519321207	0.0201304294291353	-0.0212913525865166	0.0246236244402149	0.0186457185169303	-0.0642801915781056	-0.0148217060139465	0.0744659193782285	-0.00664042526964066	0.00637859668198992	0.00541098593890972	0.0259160605898381	0.0318743230867287	-0.116407584838128	-0.0245368292153993	-0.0338979391408054	-0.0669621468282675	-0.0415411347475933	1
0.0222709940677972	-0.090008119596467	0.0178992094526345	0.0383020399510369	0.0298506557548031	-0.0496218307804852	-0.0576089338687253	0.0313607720729544	-0.0176971254969998	-0.0447015601256897	-0.106887642222911	0.042801998923778	0.0589058321704869	0.0607033445395036	-0.0761880582706942	-0.0320038031296077	-0.0427063692139262	0.120528625062244	0.0507676469626621	0.00586035176187778	1
0.0162056064006888	-0.0108238993448556	0.0470787075556239	0.0321584200215949	0.02545967029995	-0.0484130659437163	-0.0189139398432333	0.0333048339775546	-0.0106264366102647	-0.0948015677690985	-0.0383314725851571	-0.0182738724402902	0.0685630328032701	0.0478209464650056	-0.0559505700212492	0.00801372892581088	0.0475787083489839	-0.0271898717114115	-0.01515427446492	-0.0472566208555332	1
0.035358818528338	0.0235779314423217	-0.0280784715394123	0.00422144898335777	-0.00820272560127332	-0.097557724751299	-0.0629315345404489	0.0234005426540468	0.0163285818689658	-0.0680244252601524	0.0323930677277692	0.00724675410645136	-0.0518764325293021	-0.0156794831570379	0.000547827850430717	-0.062270467963977	0.0324951710132653	0.0136453776272579	0.0200443907247172	-0.0989450635371822	2
0.0435405184934601	-0.0540497926352741	0.00185675895916748	0.049315833852336	-0.0601275913173586	0.150251391553773	-0.120041143571233	0.00773990105800594	-0.0736033501869817	0.0709248133157612	-0.105552762522609	0.0431101515994244	-0.0290560226076536	0.0348133738820003	-0.0855901153755994	0.0119781787585088	0.0706228048254275	0.0384682204181688	-0.0605274175655338	-0.067235658489268	1
0.0693864810163332	-0.00100449022972939	0.0133008103784672	-0.042103522378725	-0.000920180455442089	-0.0169596056755398	-0.0354244572538102	-0.0669934823232247	0.0283830197543448	-0.0275815147308746	-0.0650927104570225	-0.0208862160492823	0.0908619873461349	0.0497249113128511	-0.0783577791043031	0.0408762044257466	-0.0306087229552761	0.048626457492584	0.0522763613541334	-0.0349539410862875	2
0.0418503043736127	-0.0369866044779911	-0.0336727780208705	0.0500506614491618	-0.0550764967519165	0.00234171027304981	-0.0589822404869181	0.026490795411369	-0.0291207394252358	-0.00864791811205674	-0.0605317049800716	-0.0156255258087102	0.0199141576636239	-0.0165331802978633	-0.0232019413790993	0.0221867596733183	-0.0665928796301554	0.0250227107484684	0.092243630304717	-0.00262970295403153	2
0.0181306399838487	-0.0621802850895688	-0.011109115766365	0.0126839314287702	-0.0522102867698869	-0.00931838069760739	0.0322892170273548	0.00935597493667461	-0.0227155672471364	0.0217703921634352	-0.0010933575212072	0.0243741341818779	-0.051971647528974	-0.0613684764357575	-0.0560909800142937	-0.0788612604895014	-0.0442303100800757	-0.0114774826352428	-0.0193053533875817	0.0045766816505927	2
0.027344680831561	-0.0463499437659559	-0.0187948759483311	0.0236160227533288	-0.0230726653964187	-0.0521669633755585	0.0305372986050179	0.0341720543964197	0.0183297943777539	-0.0605284581729065	-0.0384810656871508	0.00230082393534519	0.0650277158522275	-0.0284962971142337	-0.109101181143328	-0.0610272617162369	0.0331748485121772	-0.0288816258187085	0.00919859376372966	0.0832945631862484	2
0.0442413308737675	-0.0698374078594055	0.00528051115438334	0.0630108497685501	-0.059225309196425	0.0630774236442886	0.0705863133772769	0.188245612267285	-0.134964485949039	-0.0549000833474294	-0.111538944445586	0.00273389751614227	0.0340550203393769	-0.0537402742940659	-0.18260811059402	-0.0925660263187769	0.0640286232973161	0.0288492404094796	-0.0656567760282082	0.0151582724013587	1
-0.0132651432930537	-0.0438350837601924	0.0181291712174135	0.0554725762033648	0.0408307107264824	-0.0192724270131238	-0.0589479913481106	0.0165144843716926	0.0718194945301402	0.0114555585165151	0.051172816887448	-0.0775139179206471	-0.0738007460178287	-0.10823905970114	-0.0415067510519264	0.00389503890687032	-0.0674621670236139	-0.217282292534609	-0.0670151664112621	-0.0213301295590083	1
0.0668909886799994	-0.0444770198586458	0.039497624906219	0.0093365914642387	-0.0559733007751663	-0.0329154334529658	-0.0119184081200278	-0.00974727226690499	-0.0347469595776027	0.0757525402664776	-0.0534075413977759	0.0233169915848256	-0.0564931366957769	-0.0134863544658741	-0.0500045129095727	-0.0547678645675166	-0.0207641663495639	0.0527217456279417	-0.0389266162913305	-0.0523127505911795	1
-0.134055067127289	-0.0375339415676951	-0.0614014625649418	-0.108704437004813	-0.0254721932228341	0.0496588886958349	0.170683561550874	0.0811638812615547	0.0209790015715507	-0.0938257039934693	0.108512371420207	0.0473719612751397	-0.0667570022571672	-0.0672938991562842	-0.0597496645154985	-0.159791391556051	-0.0289099950294784	-0.0535932181729145	-0.00491342338808962	-0.0484394999106147	1
0.0444025265875142	-0.061438265264197	0.00307159920971932	0.0426660675394008	-0.0663973663733725	0.0822783849071934	-0.0644452768884576	0.00218665233786825	-0.0509878867510654	0.0825251836421553	-0.023571172597393	0.0764871524186034	-0.0800582738196514	-0.0894316422181416	-0.0840313156889673	0.0455882220080337	-0.0578122914484017	-0.0485409860449229	-0.0527334451239625	-0.0556005613197087	1
0.0210801218973259	-0.0814935139053283	0.0109947073615559	0.0384672489138024	-0.0178026639989924	-0.040647808843001	0.0228215700293896	0.00926812250698756	-0.0397042504130857	0.014129317260048	0.00934902209582778	0.0945821148127131	-0.0760874804922063	-0.0122977476689133	0.00128773292757541	0.0702437318762954	0.0134848548057008	0.0643518758988116	-0.0221647464327924	0.0278337455986897	2
0.0817477580323488	0.0600030491721669	-0.116135733894008	0.0365298924653139	-0.0208947015836569	0.0360209800955285	-0.0387053467280564	-0.0124635486487341	0.0335962584400764	0.0462177421787889	-0.0596761291840956	0.079383482609447	-0.00340480803730443	-0.0336440991665412	-0.105585320210654	0.0362497345247079	-0.101556735232823	-0.0157326368460728	0.0376280125915833	-0.0339986390965954	1
0.0210888254611286	-0.0747241122433407	0.0134932140559947	-0.00414406814956113	-0.0441321650258319	-0.00447526386426025	0.00557504943839977	-0.0335332549282069	0.0309515359994923	-0.0526741440973321	-0.0425364419116685	0.0705657272786609	5.98891737804e-05	0.0150675654264831	-0.00352742226066189	0.00332563868864373	-0.015156096975339	-0.0117681497574622	-0.0434838714161485	0.0325751481829721	2
-0.160823314921812	0.0690055630542505	0.0507859583328004	0.0980763790415088	0.187888496920102	0.0926552616750692	-0.0603260904180603	-0.031721641104295	-0.0497818862078863	-0.104200339053357	-0.0729744235807629	0.140833441360664	-0.0350695606380866	-0.190371308035924	-0.0334080354399549	-0.0272748574315623	-0.0987463073175418	0.101588302715574	-0.100272214705905	0.15311568598394	2
0.0530020847234613	-0.028043486114616	0.0218273929497393	-0.039163388764256	-0.00215867545301502	0.0381545087008718	-0.0297399384768642	-0.0485593925716204	-0.0728008997980423	-0.0327722756598578	-0.0332350149995617	-0.0415722388359235	-0.00771063101763199	-0.0133648315923047	-0.022139306781621	0.0501109183677546	-0.017439635212612	0.0110676710711618	-0.081495858881657	0.00294658397104433	2
