"SV1"	"SV2"	"SV3"	"SV4"	"SV5"	"SV6"	"SV7"	"SV8"	"SV9"	"SV10"	"SV11"	"SV12"	"SV13"	"SV14"	"SV15"	"SV16"	"SV17"	"SV18"	"SV19"	"SV20"	"AGE_GROUP"
0.031125646881338	-0.120794295296239	0.0570732041316268	-0.0329111323596544	0.041375535641422	-0.0510826707245118	0.0600096142621739	-0.00534241918141363	0.0818090935802927	-0.0040379485939804	0.0426577580239011	-0.0201029561903722	0.012758321469964	-0.042046126915559	0.0533776003768945	-0.0103879848771089	0.00214734587406665	0.0168848326631371	-0.048896249340296	-0.0585282960639994	4
-0.0486874900680712	0.0408684365648122	0.0598316046689456	-0.0271877222099331	-0.0186346552145332	0.015466354399561	0.0632281782194496	-0.00157606761911211	0.0301332676645792	0.0123878912399507	-0.00799015890778361	-0.0379229110640243	0.0174078903839467	0.0049013501262212	0.0103371850318333	-0.0465663659991129	-0.025084662680379	-0.0188839771738442	0.0308350026988466	-0.0116706336317004	5
0.0751440678655212	-0.158319455450408	0.0778963517991895	-0.0287025682224137	-0.037591061763372	0.0534312871592025	-0.00375667149846315	-0.0617980021193971	0.026079987848204	0.0108261991760175	-0.0601105368875541	0.0342267808549111	-0.0360520068722668	0.0061140458171219	-0.00803696756144359	-0.0699711651644095	0.0654258360023745	-0.0794139829772454	0.0292265235940703	0.0718612997443925	5
0.0140965801173858	0.0499225971526123	-0.00149653357928477	0.00306678530952142	0.0465526030681588	0.0339294242089179	0.035733806926242	0.0218708648237423	-0.00100188013192776	-0.0121009891954524	0.055302288831503	-0.0508552612080961	-0.0511818057504928	0.0754356821728633	-0.0837695675543113	0.0178758828151691	0.184489243757018	0.0551498734894719	-0.0372773007832322	0.0385716142126391	4
0.0998801904147083	-0.187178819173869	0.0590833811044545	-0.030899999624	0.001243660933007	0.0317465845600534	-0.0474458154902529	0.00127777267535452	0.0156835172913262	-0.0476383989151133	-0.0341537499491066	0.0465647923916091	-0.0412110049207877	0.0382294561562918	-0.0457092770549512	0.0424530780980176	0.0938301119831871	-0.073165269701017	-0.0240871145731147	0.0965453847945296	5
0.012269506626614	-0.0420024187906981	0.0426621126905721	-0.0253166048688506	-0.0142746327484707	0.0712133950092269	0.0761333729799346	5.97141390368391e-06	-0.0828417688080532	0.0483816692611242	-0.0182456366976014	-0.0429210912504117	-0.0721286305705005	0.0558072927314361	-0.0447244356745793	-0.0478153966392009	-0.0398051658414285	0.153767737769852	0.0565392755227093	0.0231884227820014	4
0.00507682314007459	0.0437842564880681	0.0130877544995094	-0.0425510896455412	0.0509346772711002	0.0799055845392314	-0.0665889829630499	-0.0325758924733614	0.0939820879127748	-0.0323303675827393	-0.0125025544031485	0.0453924590962217	-0.0119716160036692	0.0266174374574251	-0.0607554908077691	0.00917831896693222	-0.0109201756127955	0.0367079831369075	-0.0350134682907641	0.00801405380986035	1
-0.0498943266945819	-0.060042934673673	-0.0812420290987052	0.0563574477544656	-0.0546601429603365	-0.00756968220434168	-0.136613717778147	0.0400704216912118	-0.181271614873237	0.0313630090686584	-0.0822998356531055	0.0818804876535302	0.0253487042941546	-0.0190181706268421	-0.00419153291653426	-0.0440653334113394	-0.00599034189503668	0.0882249671388251	0.0289367878159113	0.100941196536079	5
-0.0427335728968623	0.0221187329282902	0.0911534985282492	-0.0391383581391301	-0.0111598824759916	-0.00529391227248062	0.0341220990170795	0.0289066361371432	-0.00252618110080673	0.0562966516517428	0.0132022375746062	0.00840853013517902	-0.0494947592670213	-0.0369530784368092	0.111724567529894	0.0279161836042938	0.00361813270834868	-0.0326852771892523	0.000171748174599501	-0.0207861679780055	2
-0.0714564382626629	0.00989264347666927	-0.0571320598891478	0.00865121867515066	0.0967127082196496	0.055125484304761	-0.0649955195124024	-0.0637343499861161	-0.0617615340348354	-0.0937478023557377	-0.0468678054545333	-0.105733622820425	0.0258706362358927	0.0699634071891621	-0.109151132636944	0.0343698855774594	0.028017165805325	-0.040640231338127	-0.0148564645780478	-0.0585729848788764	5
0.047136940757958	-0.0714883462764665	0.0525562461355456	0.0203507077883959	0.0219647755964715	-0.0172421805180005	-0.0517147348385302	-0.0450545137548026	0.00172196742454811	0.028365027569832	-0.0546060921634793	0.0116850174573502	0.00768662044124999	-0.0372468333447437	-0.0509222204864453	0.0437957397076598	0.0467802437456153	-0.0118679060897148	0.100321472491839	-0.00644620562173925	4
0.0354212517656306	0.0298896372375983	-0.0557842393937775	0.00714098166816032	0.00121784161940867	0.0117080535999199	-0.00534431870476282	0.0741233325091449	0.00740545789490354	-0.0131827835779298	0.186351091736927	0.0156603755397175	0.0208938756642448	0.0499492040404306	-0.00043017808289475	0.0801692442046582	0.017992428751567	0.0885298416067728	-0.107099874094172	-0.0675686005168769	1
-0.00152641615681782	0.0441996804473997	0.0515020318167197	0.037225819122322	0.0980628681216573	-0.00712211229795177	0.0164046378619698	0.0170206849876549	0.0563965739043656	0.0104665798984699	0.0566193344653122	-0.0193499231375855	-0.127960777240199	-0.00662084182705724	0.141465129675346	0.00295310121712172	-0.0137864103452099	-0.0271551517663118	-0.00534094074834976	0.0600586745990072	2
0.0482180820022497	0.0425346484465537	-0.0431458530037391	-0.0885257466409099	-0.0229094045571175	-0.0600140256918337	0.0323225226551066	0.00383390673128495	0.114907586876375	-0.151030659211631	-0.059075853683437	0.0142762755174804	-0.000944428234874549	-0.0811277887333167	0.0254816292176639	-0.0981498634957652	-0.0839689395325689	0.0767924555226281	0.0212839400132633	0.0578544525644214	1
-0.0113353628409722	0.0509384752611499	0.0436232244486054	-0.0685041592946409	-0.0452540464823336	-0.00373533371112964	-0.0953420807236823	-0.0224260892009428	0.0362652418857882	-0.0761786332236713	-0.031178671491665	-0.0200594007335993	-0.0534227640479648	0.0501208114768918	0.0736459546702542	-0.144097146350335	-0.0665432685949601	0.104843300479011	-0.0349230033090027	0.0640431698354055	3
0.0214299014243824	-0.039401385864731	0.0370072366116619	-0.0859094777989782	-0.0487091261566682	0.0335813834638751	-0.100189008400493	0.0487509725050932	0.0436426515100573	-0.0264579639780087	0.0196273143590875	0.0376027236561177	0.00150603609633754	-0.0181592473934414	-0.0542758717937062	-0.156948676634155	-0.124706890716515	0.0721717683771642	0.0211338747705924	-0.0707886787163284	5
0.106427946296276	-0.21673242508082	-0.127402672725784	0.0192539710685369	-0.0630377009244123	-0.0226848953893788	0.0240463276574191	0.105585191898901	0.0862837733628526	0.0742819246300596	-0.0410742336200856	0.0224904990157486	-0.128405497507763	0.0160345415217828	-0.055484584687986	0.0498298744879485	-0.0687885577188332	-0.0351280820351422	-0.11955000685786	0.0763388019419198	5
-0.00436841106904021	-0.0112325446140262	-0.0488846126067794	0.0191173600127382	0.140053326781564	0.0990314602967474	-0.0594140087050871	0.0574166949815273	-0.123837387757787	-0.0579043245622093	-0.0761542516940699	-0.228979382269943	0.0243682636000633	-0.0414477094131227	0.047005224440725	-0.0170613722826542	-0.109823676097968	-0.0747845874670688	0.0322725167594919	-0.0678368108429704	5
0.0838004987115708	0.025986761300306	-0.126272640309844	0.121945974816072	-0.10013597278247	-0.102633091027734	-0.0679803548379267	-0.133745180186433	-0.0197542352931559	0.133369561397151	-0.172388919449476	-0.0381255969857869	0.0286242586666906	0.164218827354181	-0.00653684740759461	0.0308749574938456	0.00468021783030718	0.127025788656824	-0.021516471454413	-0.0949855458208821	4
0.0222501370778641	0.0502011167577873	0.038449822714151	-0.0494463465536845	0.0157223681953533	-0.0731476026358451	-0.0734111459840216	-0.0529884934948632	-0.0378468389899404	0.041991108271774	0.0464320851599049	-0.0158380285332999	-0.027814995284338	-0.0776109450420205	-0.0828870337991916	-0.0491646186299534	0.0396900055351641	-0.0666064938520743	-0.0749217856121691	0.0865639475465981	3
-0.0348622305340327	0.0350280350002735	0.0841397801322791	-0.0301397715526782	0.0177384191679324	-0.0110211044130714	-0.0173294441120763	-0.156438177620467	-0.00835418452670884	0.0459881786919203	-0.0563376294887334	-0.0255783538371032	0.065293979837935	-0.0508848774203149	-0.0470655738683449	0.0256677041489069	0.0118619512349009	0.0253419656935262	-0.064953765001814	-0.0850512380809302	3
0.00821195571609546	0.0391186905629428	0.0372573545893306	-0.0200342364447405	0.0371619928396012	-0.0572476693368308	0.0415767324666102	-0.0263953369406055	-0.0221157911997578	-0.0532586938294186	0.0340095270340142	0.0494872260605143	0.0071766451878333	0.0326461986231604	0.00998599345205994	0.0830639806050891	-0.0539637777318831	0.025455933494807	-0.0398849810282541	0.00706614161576229	4
-0.222973119920458	-0.0138179513261418	0.165720018769963	-0.034656316132743	-0.0789996291815131	-0.0971566263409002	0.00824724185773301	-0.0781484503718634	0.0207448748572808	-0.090919318318587	0.0824053699297988	0.0375941636733707	-0.0491848812288399	-0.0220289603259414	-0.0698928390987962	-0.0125041900786686	-0.0354636691648484	0.0417066925597168	-0.111843364554962	0.001894908831266	3
-0.088922688210636	0.00279062563244376	0.0279879523453205	0.157459498637316	0.0234558414681337	-0.0693915694600034	-0.00274795657604163	0.0140000689228821	-0.0309585063542237	-0.0134479150944677	-0.0333923957868039	-0.0247805329741346	-0.12470626063928	-0.0855087956151898	0.0306133808193824	0.0209860468482571	0.0112805178563163	-0.0161505145382352	0.0163267199733228	0.0292263927653506	5
-0.0542090758232075	0.0275991868347618	0.0703453721265314	-0.0050783636454047	-0.00843709276704865	-0.0546664366654162	0.0155023329370929	0.056696445470672	0.0205030829548344	0.0347904699817121	-0.017087354260495	-0.0625832429770325	-0.00457646474846518	0.0245716190813474	0.0219180884698974	-0.0033541620648766	-0.0558315997556472	-0.0444525162542215	-0.0817748531745303	-0.11567356507081	4
-0.0295728923063217	0.0507574663417738	0.0846173619447018	0.00940820152701532	0.00834347196918075	0.0464246509727741	0.0606069985073259	-0.00448157585523352	0.0592293513499172	0.0186654716034479	-0.0053479431411726	-0.000142657030386018	-0.030479378341695	0.0392471442904972	0.0872906962080128	0.0831447730823933	0.0496107792074255	-0.0147123891332474	-0.0277942203955631	-0.0290948095689183	5
0.0813890886241575	0.0582533749259212	-0.0449778999454078	-0.0269141303139138	0.0456696630415774	-0.0214602072166022	-0.0956275291758045	-0.0125831351468639	0.0345653049961219	0.0105525482536279	-0.0602797464498495	-0.0781847191149316	-0.0173403541107297	0.0421061301645065	0.150070803641247	-0.0495412316882379	0.0919176030979654	0.0327927374265882	-0.0584443499896077	-0.0668086543066437	4
-0.0248500579520674	-0.0318916336184428	-0.0226089505825565	0.155750661333266	0.0125387787172044	-0.00501074635987544	-0.110533238459691	0.0192181279147589	-0.0263538072315241	0.0965966959118046	-0.0263986283110725	-0.034281969482437	-0.0335728191615575	-0.0908453493573599	0.0361552336113023	0.0505836320797633	-0.0318031689727341	0.0560052295063757	0.0880596641164783	0.0697793462362785	5
0.106272113657651	0.0347032554065978	-0.179513841080374	-0.0372852725261872	-0.0864218292106555	-0.206188203199556	-0.117241396143614	-0.232284156886828	-0.01145930617347	-0.187792003176825	0.0986193338237208	-0.119236739281928	-0.186000621685628	0.129043939184383	0.0350408938698542	-0.0315285719676632	0.0272764798745964	0.0736507196982296	0.127349996017229	-0.0331087952599342	4
-0.0184783826443138	0.03061719811882	-0.0702500585225384	0.0778608025531938	-0.00831646475629832	-0.00437788353180387	0.0658522126547313	0.020755998343404	-0.079870774707144	-0.0112658393621406	-0.103162971352373	-0.180146665884148	0.0650488009650411	-0.0950824224305323	0.0405002086326185	-0.0719275521324922	0.0104760940676754	-0.0432442877397113	-0.137110408396863	-0.0348047791334832	5
-0.00534511304550797	0.0438341374495095	0.0599967585525349	-0.103401580741288	-0.0451846333905094	-0.0527379275002009	-0.0192003251235084	0.169341202584522	-0.0648111775961996	-0.0187765644298124	-0.0616791613196393	0.0783742816866475	-0.0221837864777069	0.0933688004017596	-0.1788138552156	0.0513995277538169	-0.117333608331872	-0.0904749795839485	0.0312236572950248	0.0687363170464572	5
-0.0264228155908407	0.0280671488144743	0.0253660743766414	-0.00498667338003452	-0.0430928943517544	-0.0889429182334659	0.05860509830778	0.00274428966534653	0.0935371815282229	0.0123706883791926	0.0417648418218715	-0.159265155393707	0.0878740731326362	-0.1025514678165	0.0364224378263652	0.00492313958048773	-0.012458346789553	-0.0430034072676533	-0.0230732256033632	0.0889343772015687	3
0.0285158807402376	0.0603392916501752	-0.00958595396355567	0.0794868403188997	-0.0406521632993971	0.0908893198752496	0.0599213424705936	-0.0366429938275548	0.0159168280262967	-0.0580970243536694	0.123258965860121	0.000229317621138806	-0.0861196324224757	-0.0499090065104954	0.0822194770777226	0.0607292482311039	-0.064581565239113	-0.0330177024873036	0.0394190742379036	-0.00960003598241013	2
0.00628159168965655	0.0435401986013195	0.0723311180216952	-0.0103795385542524	0.0380314958465897	-0.0563703588821864	-0.091140518366455	-0.0198353147477737	-0.00879636260794016	0.0521280104420441	0.00197048915036596	-0.0358659044390322	-0.0479231898822078	0.0327561302191659	-0.0726567306534745	0.0588815824678504	0.0334221973965433	0.0572599197639838	-0.0131128714700687	0.0738370230471996	2
0.0449711071701262	-0.027659913031067	0.0735546071546521	-0.0115944063118142	0.0237724019016313	0.0448743903696784	-0.0285961765433208	-0.0232932487356493	0.0431223899739608	0.0167894768039968	-0.129741014507745	-0.0134777925443215	0.00645648378472484	-0.00325246081432255	0.00329073861947064	0.0200889553144168	-0.0812605746144809	-0.0257177358322599	0.068545114716242	0.0240495418539553	4
0.0857328296120169	0.0504681172012243	-0.0766672907224105	0.00843959048588552	0.0487903720417777	-0.0599692745419228	0.0561987033948779	-0.0284334721404956	-0.0935172016655915	-0.0622675568579331	0.141498608882377	-0.0434158014593938	-0.00014773041555369	-0.0784176824327823	-0.0481084252046144	0.0680091028475539	0.0661384808776889	-0.0427332809706412	-0.0427815861735869	-0.00069830301345859	4
0.0280354614301298	-0.0786965711179505	0.0242472750741317	-0.0581846047436755	0.0340457158379635	-0.0432808354033513	-0.0425169503433477	-0.100504728366837	0.100476758278582	-0.0446591474501257	-0.0492392941705026	0.0287302371243312	0.0572929099379429	-0.0896052848485847	-0.0828678514493679	-0.017753723863359	-0.0160829457784465	0.105928307863074	-0.0928466583541666	0.0202201314368182	5
0.039931326777797	-0.102792998787548	0.0615186962287439	-0.0210659507758246	-0.028414824564868	-0.000601831395698305	-0.042143537699167	-0.0289682119744605	0.017184929071085	0.0193745536879946	0.0298863811662614	0.00692127837291339	0.0996851943457729	-0.0511515103454126	0.0831738869847445	-0.0256080136671382	-0.0211808710698702	-0.0130773450134538	-0.000846416333432153	-0.0786130217172197	4
0.0368257189896628	0.0504089156251255	-0.068815525679137	-0.111515135476389	-0.0402051819728407	-0.0168960366805747	-0.14881075613728	0.0359216509725918	0.112714197504062	-0.0723089764624767	-0.00614818687380537	-0.00271545974348359	-0.144867721873362	-0.0242211986957218	-0.0433572108060779	-0.125702629061961	-0.0155999577349411	0.126743658069562	-0.133091237987433	1.26220676566948e-05	4
0.0216568886403227	0.0508488623703719	0.0261370005082274	-0.0157413943519884	0.0809275233597167	-0.0585973463926113	0.0114825470021965	0.046425877614115	0.0304250034990835	0.00651309813812266	-0.0243992277598209	-0.0701593254367618	-0.0625015799030453	0.052229352456124	0.0555296619920235	0.0434005461824778	0.0684620575388085	-0.0263917148139192	-0.102120911695696	0.0209865824209982	3
0.0542065094591894	0.0302623606216054	0.0174099150469603	0.0437512933571616	0.014941943240935	-0.0512823013983969	-0.0375516993733663	-0.145965355121304	-0.0614823353133584	0.118563716724384	0.020688522403637	-0.11368043819779	-0.00996485073359534	-0.0768401005056793	0.011901539392331	0.0869566059127729	-0.135609175198925	0.0561017858796469	0.00461416847667056	-0.0381979521809973	4
-0.0078117873042161	0.0519685218664527	0.077615764778643	0.00057543183000844	0.000429021631765258	-0.0617228065784045	0.0467229271314537	-0.0361562540278719	0.0177838093136553	0.0470266901959618	-0.00759648645304484	-0.0482089615044803	-0.0373906624257449	0.0562567734542787	0.0284520906103554	0.0219227068459372	0.0182554203882691	0.0376914874602404	-0.0741182412510299	-0.0597145299173328	4
-0.0918972134029221	0.0018139467572811	-0.130390193511978	-0.0253859915632761	0.0121253711629155	0.0662665069995243	-0.0378898927808786	-0.0518583422159862	0.172127473687084	0.083709469035751	0.0540053631265861	0.0350665355221549	0.0726089856976616	-0.0109435575325219	0.0619163174262703	0.0666666930966089	-0.0198243097314454	-0.0234453147997141	0.0470354037090595	0.0316555844113834	5
-0.0433986066995048	0.0364624368768191	-0.00200908887364323	-0.0425310905096933	-0.0267131103514662	0.0559858200591235	0.0718661956037763	0.0136039677285273	0.0522689921556368	0.0470035327264355	0.0585703310435482	-0.0480777603739441	0.0889900696844157	0.0107625302565194	0.0163907444737657	-0.0743161254824564	0.0973079112704666	0.0147436331658023	-0.0511430137426441	0.0837775615861713	5
-0.000117640732809789	0.0287709058941613	0.0540524402773185	0.0589306879946855	0.0809996320218697	-0.0285896749204769	-0.0651808240651149	-0.060100713291235	0.0885902830224744	0.130308224499659	-0.0146629442742282	-0.0338520452626755	-0.0543555331641525	0.0175264675918458	0.0716385301275911	-0.00529883738669117	-0.123212917338166	-0.0727130433603267	-0.00605691846279387	0.013668160022816	5
0.0112833338046626	0.0273754700902805	-0.103195926927967	0.141589514039001	0.00860955865087193	0.0908633505310888	0.0748757573733059	0.0536526554934704	0.0198161868342443	0.0337133322976259	-0.057600796907762	-0.0133418358136066	0.0384334725631178	0.00995599920774682	-0.0445884031146429	-0.0785935382672451	0.103982480023268	0.0549999527554096	-0.00704831557631643	0.0788801563581675	4
-0.0820987059525402	0.0190594223698803	-0.017260708208852	0.0899251873720209	0.0232926266566352	0.0726912984361555	0.0704205159104133	-0.0403508519558105	-0.0202243881985371	-0.121089386263666	-0.0463487715629667	-0.0338223786201123	-0.0711693991730956	-0.0513944505699417	-0.061686471946091	-0.0359747990434828	0.00219225803958926	-0.0840712496457922	-0.0719433782418988	-0.0950008923402365	4
-0.00541636337865888	0.0295671422202667	0.0506857966327777	0.00266546864652397	-0.0455014265039778	0.0346186172899327	-0.0521654226435156	-0.040000862863474	-0.129008287964266	0.106705220561198	-0.00253967202358725	-0.0764451894758213	-0.0522789581303725	-0.0347188202107211	0.0952926970696818	-0.0402066595363435	0.051412265410969	-0.123069368892424	0.0362170893815233	-0.000165142222369995	5
-0.0124137664887055	0.0494974641226082	0.0356427708616076	-0.0280579996099114	-0.00906489507278668	0.0579545160822573	-0.0845291134848928	0.0165255528010269	0.0749557134264162	0.00285036687160427	0.0192804874681644	-0.0465840993674514	-0.00106240087993808	-0.00737161744461997	-0.0186561323321965	-0.0994774669414714	-0.00173336346166709	-0.104095486884344	-0.0820762458391064	-0.0229809163364173	5
-0.0149045829321909	0.037659015982557	0.0460603389066826	-0.0431553334152735	0.00670738317939716	0.0310078406592116	-0.0539064384337613	-0.0339463039787218	0.0242519612241034	0.0664907677362541	-0.0576504641593107	-0.0409957808619896	0.0559490273606293	-0.0257989229088449	-0.0493768338293523	-0.0406509876396142	0.0349576698824873	0.00906961256576556	-0.0360611218907218	-0.0662897760971816	3
0.0187248325077453	0.0374081443897259	0.0382428393944266	-0.0291618957382487	-0.0529633921524786	0.0639901500680417	-0.0717687113113253	0.0140069840967434	0.0248776684910752	-0.0400145739603615	-0.0557966160466719	0.054969716507216	0.0662634377456354	0.0481147462287986	-0.048535841082785	-0.00117840717988761	-0.123235445152491	-0.0631851341436	0.0458737477339629	0.0139820586081978	5
-0.0670308110075631	0.0364831793368276	-0.0163804564888091	0.107024872192807	-0.137966416392402	0.0661410468194759	0.0821651272435848	-0.0600332621376439	0.0828556413069592	0.0088828497030591	-0.0428027638677247	-0.0221766723809732	-0.0603278224509811	-0.0993848779467517	-0.0480029688907805	0.0141557150267552	0.0282809348529518	-0.0450226770461671	0.046773508932114	0.0171198376846186	4
0.0734789419875395	0.0452151693106789	0.0144754885350466	0.0536043782789576	0.022572267967442	-0.0986039582335086	0.0806018799155038	-0.0224434374891942	-0.076873930303249	0.128832065642269	-0.0785570721468744	0.000719752529560841	0.00167621670489694	0.0639656499674137	0.0620921817636974	0.0331596178331684	-0.173095624386496	0.0185169992187771	0.0416977339919741	-0.0284744921931263	2
0.0361668220294681	-0.0756575445629556	0.0527533871912969	0.0160178964086061	0.0265975316564317	0.0355566005154662	-0.0715577691224219	0.0185709118200321	0.0749215558949299	-0.00457799691798309	0.065284034637381	0.0162755464649912	0.100014555505694	-0.063701829103464	-0.0118766098871649	-0.0630867433656337	0.0506727990652645	0.0160663459595963	0.0854679063502025	-0.011707448276377	5
-0.300271363730806	-0.0474626764614099	0.0783445917788711	-0.124980556886316	0.051895407238444	-0.000882423687979251	0.0113847129608044	-0.0127430679453725	-0.000739841433679011	-0.132397943430867	-0.000780813337309203	-0.02009234278909	0.127288010051523	0.069568652186285	0.124352699547694	0.0447361597326795	0.04006081795707	-0.0225960497045844	-0.0776260325851359	-0.0463436939459351	5
-0.0725629627510508	0.0151750915892568	-0.118513633057539	-0.0394349340475837	0.0888211821853095	0.0760310851774336	0.111595544261478	-0.0759509354886976	0.073209626912698	-0.0626203810163597	-0.00523962501919569	0.0135940245052632	0.0933852970393053	-0.0563980499201475	0.0310030543556975	-0.00533110840515527	-0.140888747051741	-0.00850497014829154	0.0245567909795383	0.00173933416002472	4
-0.156320759087298	-0.104525742343929	-0.0336582747587219	-0.102450243197052	-0.0213445333366048	-0.150634645677064	-0.0104955519906861	-0.0261588547599198	0.184130131553338	-0.120085658345546	0.0128893714474373	-0.105593813530208	-0.16144576997456	0.170631334900451	-0.0926738751667183	0.12034710548806	0.146224697958159	-0.0377475329243558	0.194582625708809	-0.213942456315871	5
0.0562680515760187	0.0579073383150147	-0.0241352295537506	-0.0173227710751395	0.0208795224149008	0.0346161046994786	-0.074540546499619	-0.0108545624511524	0.0273583388300273	0.025231185772947	0.149785938205828	-0.051057813675073	0.0848608879954343	-0.0206837465855249	0.0116489308057145	-0.0244613046227807	0.103539372051246	0.0133635789608964	-0.0553700602102172	0.0581915083318753	1
-0.0434054417209321	0.0180658083332851	-0.103440827469613	-0.0249631155675299	-0.0297888487294486	-0.21474869033524	0.023272066184985	-0.0364696883213383	0.108907519347821	-0.051277724971066	-0.0261347064182952	0.00683974378786746	0.0588838703330057	-0.184723192385974	0.0385211020247869	0.00837161989801078	0.00369483813041492	-0.018197641455506	-0.0265413189303372	0.0152590396893806	4
0.0337323413579298	-0.254674955873554	-0.0161553417475791	0.126067690579733	0.0507276879987908	0.00900226020727914	-0.0383610384377194	-0.0583484479401801	-0.117094759300801	-0.00413272666539674	0.00978583965834826	-0.076319718698116	-0.0119757283319512	0.0324054419862083	0.0864144733019333	-0.14378473718707	0.033521207823421	-0.190561684636968	-0.157980347667737	0.048889440975582	5
-0.0593984277901361	-0.0739722614931564	0.1286844774761	-0.0715275012195409	-0.0695973687190806	0.00443866800032711	0.0947439004692545	-0.0565070567446746	-0.0120802099968345	0.00216907189780102	-0.0378030810194881	-0.0221753821659238	-0.0483041630848217	-0.0651899883023435	0.011084438677738	-0.0266628340334097	-0.000472932763997772	0.0698259399377848	0.0363133792940161	-0.0506512727242086	4
0.0344718647813995	-0.000559517738487967	-0.0200252469639252	-0.021771588515924	-0.0288183961551263	0.0696242398619528	0.0200069784073063	0.109056915140378	-0.157872975218753	-0.0244250066425723	0.036724495868501	0.00970891377020841	-0.0467938274608069	-0.00685044371856999	0.0463667626605965	-0.0030297558619731	-0.0584739495353445	-0.0200299293047458	0.102953946319383	0.075124328232061	4
0.0301010307559177	-0.0588675163787441	0.0400204338149896	-0.0859900013543953	-0.00424094008595714	0.0580339454697133	0.0697831770764953	0.00305838688056956	-0.0747823336535535	-0.0569133232440677	0.061890568237806	0.0350750093317147	0.015386451409735	-0.123312507043506	0.123337090445573	-0.125768661370441	0.0628048019729164	0.068749213585186	0.0473948750573842	0.0805456182991609	2
0.0125222671073068	0.0243853523745055	0.0394625330599322	-0.0358091916652218	0.0383612145101219	0.0389046490267912	-0.0889618459718083	0.00694411919692434	0.0863990416695111	0.00940292320388487	0.0529955594070659	-0.00349121370517124	0.0123000422371253	-0.0887768731359107	0.0557409704975781	-0.0953782844474662	-0.0471889969429744	-0.0722166206686633	0.0110288851406867	-0.0884213458280152	3
-0.00126259548683858	0.048072777932478	0.00448341983825529	-0.0833509866806392	-0.01030795958758	0.0771849686550874	-0.041730719008307	-0.030474808091137	0.0318233121363164	0.028874745927454	0.00243871757761665	-0.0514796964381169	0.0196063628277887	-0.0542785770034986	0.0376869945704994	-0.0104460322681035	0.0419680347069293	0.0376138793681304	-0.103569608585328	0.0366705749074541	2
0.0458486630864555	0.0424214653190122	0.0283973219453429	-0.0306231214415603	0.0127561155136317	-0.00548081628160517	0.0505608624237294	0.0155109682091454	-0.000912397336539076	0.0274572951826796	-0.00338921276361039	0.0228389603347001	-0.0738982992029442	-0.087604549300715	-0.0645077861701538	-0.0117461928645834	0.0822933146205373	0.0444703391471999	-0.0178589453914628	-0.0414166851902081	5
0.0073016376920068	-0.0458585694355417	0.0838242873389095	-0.0423060012099996	-2.19492543578825e-05	0.0214798858832857	-0.0471810889224379	-0.0121805779094323	-0.010849677737545	0.0161200898429583	-0.0417155879979477	0.084850712486749	0.0386931617709288	-0.0277700632236511	-0.0465896943855801	0.0278756378693472	0.0702382085538387	-0.0517110708412954	0.0610445446710014	-0.00909223073099191	5
-0.107029194283492	-0.0782820314831975	-0.116016830068049	-0.0841341797208889	0.0917714465968497	0.118645037409144	-0.0197114047848913	-0.0428914770101935	-0.0179932481986863	0.0885700208650775	0.0510135657733842	-0.0770764605610611	0.0390699120551817	0.0404271134026225	-0.0387632131342072	-0.00211586190614145	-0.0374635446654243	-0.00797650073845493	0.108888690829852	0.0430276814636546	4
0.00913667896335908	0.0492914046164656	0.00975874589786496	-0.0444057932924117	0.034153122725196	-0.0266471288805111	-0.0811265969397688	-0.0392820784049795	0.0113880439464641	-0.0683696161945593	0.0413711728154547	0.010549796158537	0.122428576151655	-0.0633689866985591	-0.0146564202863906	0.0429819052213103	-0.00560765331339919	-0.0299034575763114	-0.118649790976424	-0.0550477644697632	6
0.0222199331301152	0.0143979970250022	0.0358517234955297	-0.0264890108251384	0.0599355124824547	0.0341138998786059	-0.0944932465018292	0.0246289692770572	-0.0398286135705763	0.0597113823045616	-0.0539633196519393	0.0170318013899637	-0.00179045977978812	-0.00269241613423264	0.0142042783902427	-0.0526065514437006	-0.0550417660260675	0.016941978371442	0.0158788649849055	0.0561441690094177	1
0.0663191152044394	-0.175850528586897	0.0746890904300078	0.0156680526651437	0.0520277084969161	0.0330457249046948	-0.0244412011289841	-0.0479177023823727	0.0866855059444083	-0.0324517893620955	0.023402658477383	-0.00101539711432453	0.016090617220203	0.0362456513260982	-0.0418553963662742	0.001961600320889	-0.00468814530340366	-0.0641764160909142	0.011169838126131	0.105889068296205	5
0.0224605151143553	0.0511668693174682	0.0178841842538906	-0.0891678984339577	-0.0475833169565509	-0.0861383124446575	-0.0824025784036161	-0.0300769076287188	0.018117131102989	-0.0275065470255751	-0.0485415432466089	-0.00966639883134205	0.034325748500759	0.00299819435487127	0.0337504142683804	-0.122774260914078	-0.114708683463815	-0.126052984602043	-0.0536731580560754	-0.0106568535515795	5
0.0977677438897781	-0.018731702610486	-0.0340316129662692	0.0113614671187834	-0.0643256974281741	0.0336411646069387	0.10467155098761	-0.0874447018892974	-0.0921356883285392	-0.0135316630763726	0.0999684097647479	0.0846082269956205	-0.0083564082178976	-0.00709191511327545	0.0872635030491413	0.00776730748948042	0.00681915114645566	-0.0656240520910062	0.150443505326006	-0.0468468209914195	4
0.00912943344805263	0.0312684594635619	-0.0588510909780359	0.140675260159652	0.0398725393263846	0.117757617927654	-0.0539562051365226	-0.0522870083738473	0.0312808931284212	-0.0470289536602708	-0.0354554652448619	-0.0317359867344999	0.00887285746219404	0.026440393492566	-0.0430272701912335	-0.0573645390478614	-0.0305904428932231	-0.0248369674235917	-0.0137015116094525	0.0538126548548205	5
-0.118509356765809	-0.0323926544566284	0.00448865158444488	0.091547512095837	-0.055848557759299	0.0566075110978632	-0.0727311454416085	-0.00483617882613158	0.0234081229365038	-0.000426609430767592	0.045789468310543	0.00314560967339069	0.02561602192702	-0.0121642055212151	-0.0569204083740345	-0.0936833310603357	0.0702729923721233	-0.0207012203372066	0.0272831278131915	-0.0669987032292511	1
0.012268816923746	0.0116766492166443	0.0399310176426106	-0.00814568529551303	-0.00786287387795644	0.0209464436090134	0.107625633819983	-0.0430576405971642	0.0261065993254133	0.0385932262136886	-0.0739153859366577	0.0882262663095655	0.0527174513397842	-0.0334184404085479	0.0179254013158648	-0.0110698121980071	0.00245087383081568	0.0282903447267099	-0.016499819184493	-0.0540635489020809	4
0.0195204275618587	0.0148970918080024	-0.0448947926323603	0.204368128248453	0.0259378137748174	0.0363555502169437	-0.13382412372808	0.0226148322263265	0.125573854840549	0.0294125977882008	0.00401152381783773	-0.0157813496833054	-0.0527482551773358	-0.0395544161497603	0.132862730251428	0.155252995490303	-0.0554350247192098	-0.0333058010847692	-0.0977497146998657	-0.0524097575547218	3
0.0809174901212694	0.0762986732408396	0.00220834514375398	0.0205990310575324	0.0308608567686473	0.00847379832525585	0.0670576255523894	-0.0304696325817096	-0.0382965010237746	-0.0174177677870179	0.0600146571295999	0.152627061979292	0.0317703331792005	0.0333592176950895	0.120660744535116	0.0801002161067019	0.0538035839994229	-0.0536531109290233	0.0142255820777588	0.0548677782007237	4
-0.0393689145714726	-0.00236016431801099	-0.127064282113351	0.0077577408340677	0.0952077016446648	0.00903738378210653	-0.0679632996598146	-0.0646486497984285	-0.0673803654298765	0.0738795289075319	-0.0164635061530045	0.101390301294534	0.105087360597002	0.0609604342838443	-0.0304041198485512	0.0877050734042523	-0.080284287204512	0.0741013895951625	-0.180576498628752	0.0527990345175661	5
0.0366465062765066	0.038680039003399	0.031562952819103	0.0678172729935582	0.0647538440005246	0.0108321449623505	-0.100224718655974	-0.0111379697217732	0.0251388664474893	0.0893603107080377	0.0723753081910005	-0.00134072405278413	0.0150159289244256	0.108364229888715	0.0424138814282846	-0.0190158711329139	-0.11744296743847	-0.0388357183463943	-0.0188514198668214	-0.0516103507751412	3
-0.00320895325206124	0.0390809830138268	0.0258539711419428	0.0147079490714827	-0.109385913789869	-0.0278230510958042	0.0390925441737465	-0.0498165515844927	0.0246200368873558	-0.0555229187546306	0.00737383208396768	0.0806865645961458	-0.0216451879623967	0.0209873197396496	0.0320490556224117	-0.1303789613059	-0.171281037919822	-0.0127661240865187	0.010474286541245	0.0499308983780642	4
0.0115492214042631	0.0522922405315876	0.0176334463026559	-0.00330220474056586	-0.0742382622303394	0.0938728130013587	0.0603035845251023	0.00777747878916955	-0.0623141611294061	-0.0160719066334578	0.0119555415006776	0.126098227648199	-0.0770942604858926	0.0441589450635092	0.171576530270024	-0.0311183265793739	0.0772218882448062	-0.00848479108804073	-0.00918237018564022	-0.0246695378866914	4
-0.0564587277554491	0.0182827330893906	-0.0230217451750862	0.125299193848144	-0.0792383277513973	0.0330111454692148	0.0681545363976048	-0.0330254773216183	0.0100619429785883	0.0222407181800804	-0.0753457322912514	0.0825828185993355	-0.0873522017948155	-0.122432339233858	-0.0369670423230708	0.060609317269459	0.0295319845895347	0.0574159357813533	0.0606357118193428	0.0193205619666175	4
0.0779504529128901	-0.233528306336816	-0.0100719497598891	-0.00937669520777478	-0.00557531411613223	-0.00289923519590509	0.100745108828818	-0.0320211208328509	-0.126794354319448	-0.0454902065424419	0.0474621883774347	-0.00507557949533418	-0.100932682661256	0.0616528886631517	0.0390513668449032	0.00409657757834176	-0.0491133263533758	0.0398310854581112	-0.196434566544007	0.0883035993772067	4
-0.0843482757134739	0.022849066904418	0.0302340651446892	0.129752772041189	-0.067545075170893	0.00718125856758783	0.0640331097435757	-0.0854918757446737	-0.012005605651231	-0.0200601104107489	-0.0551684944853551	0.00584897942186765	-0.0830563244165421	-0.0294654488760192	-0.0314952028794354	-0.0738430795568765	-0.0454625441736019	-0.0463867463403568	0.0496131438177311	-0.0167403169099733	5
-0.00901235609609411	0.00170485378989179	-0.0451504447437455	0.097838895347728	0.0533392965832013	0.0936100177077035	-0.0717543324951467	0.03328389201951	-0.0412736719430318	-0.0163293200314285	-0.0842300825055341	-0.0690280028294149	0.0387021900874886	0.0481249104634193	-0.0612249750627193	-0.0516228662152828	-0.0093938820426531	0.0483968994083166	0.0173376440654055	-0.060396158270696	4
-0.146001202870634	-0.0237513993609772	-0.17623422784218	-0.140885595333661	0.00819250100735149	0.0664920874223713	-0.0211017795843971	-0.0968087193505652	0.101322832913879	0.194832946762728	-0.0461714099505951	0.0516462046497806	0.00831420033717317	0.0562702015995667	0.0954955138428455	0.117763063023775	0.0603958051857028	-0.0399570528520361	0.0284360234561407	0.0953440775485681	4
0.0278520426194192	0.0329511011205388	0.010029283432489	0.0322464318276788	0.0573256722637476	0.00853010382087057	0.0590441753489667	-0.0565270596688409	0.0217855999398296	0.017820309178085	-0.0213222951380737	0.118236747657923	0.0116095504069311	0.0798188460795857	-0.0162187389190366	0.0533005870963173	0.0252054663065267	0.046445682468445	-0.0983133037886728	-0.143637958030041	2
-0.0672153595324978	-0.000808972528808392	-0.0595249532769584	0.0279464982223022	-0.234788342878292	-0.161873766275066	-0.119446418803393	-0.0127715519541171	-0.120760059142818	0.0300240934937269	-0.140358888683821	0.0939845760468272	0.0919729891660511	0.0168069063114624	-0.0284292555467621	0.109651187599557	0.0158400120893764	-0.123399728836407	-0.000627232887754986	0.049666062584876	5
-0.0503555119293858	0.0393725623119195	-0.0349259198143686	0.013061437695227	-0.0307316887534755	0.131936231185697	-0.0082655141978916	-0.100818591534341	0.00690079164035839	-0.0667282969568136	-0.132398606168625	-0.0572682158782261	0.033447478064832	0.0094053263687078	0.0128966392364686	-0.0304156868721201	-0.0413606214553494	0.0596166251487475	0.0256262099449737	0.0635360569285091	4
0.035943970754842	0.0529692443813217	0.0023211651976294	-0.0072816284105172	0.105313891000028	0.0345425714760987	-0.0718400207230089	-0.0499970321183088	0.00387757343959868	-0.025594617704411	0.0293098523506514	0.104501537934143	0.0327687213630719	0.0136427749785923	-0.0711712654923867	-0.00656041162492505	0.0935728296838993	-0.0656236066659904	-0.0171648278070996	0.0470236520991569	4
0.026797506819559	-0.0314938534345582	-0.0200719356396503	0.0600535386912574	-0.0164914633611956	-0.0774405534928632	0.0991615597923453	-0.0812755405990445	-0.0685149457864584	0.0382946677537439	0.0380309800466764	0.0601801041853961	0.150777225891454	-0.0932850223094575	-0.0487412873280756	-0.00103523369654767	-0.0876170733821962	-0.0114035557895281	-0.0545596386882524	0.0061254664559242	5
0.012405954245043	0.0339564873074093	-0.0176998673541147	-0.0923036511318729	-0.0102476812980257	0.102290074495087	0.101204136229502	-0.0321365531307337	0.00248047063129778	0.00806252811025809	0.0415586525636222	0.0977090133729108	-0.0448556168605544	-0.0709852501577315	0.0587120297867966	-0.0117947936451634	-0.019354079663313	0.0846713786730263	0.0344158575805126	-0.00499097916496494	5
0.0123871123013126	0.000732025262692513	0.026711995846438	0.0596151435727312	0.0413710090226886	-0.0829779733529855	-0.0403336748157726	0.188474682482784	-0.017249657915626	0.0632440159529052	0.240330787994623	0.103235903389017	0.0285226197749006	0.00749994539685619	-0.045118661843874	-0.0331123587240796	-0.054129614949763	-0.143149991109608	-0.0035775331657771	-0.0856330621517788	4
0.0694243759998301	0.0702614126456609	0.022257102922161	-0.0184675776591482	0.0208402162381665	0.0563644014641657	0.0863895308787373	-0.0114881018887849	-0.0156017366378646	0.0720683100675373	-0.0933752430474377	0.0683512960521311	-0.0389627356013985	-0.016867595722697	0.153546879313604	-0.0269120157524421	0.141180692560032	-0.000969221995074293	-0.0399303199252726	0.0193226610826879	4
-0.0764553020022216	0.0228531204054273	0.015614088407048	0.0117909422866535	-0.0636556270838738	0.0691307146149533	0.0606951444236312	-0.0277962012424761	-0.100410181177352	0.052963380212629	0.109161883691622	-0.0203242805348599	-0.0480914976051997	0.0510129318050938	0.0273243510972986	-0.0797354636862016	-0.08031711342501	0.0324448377111184	-0.0371231476853779	0.0538586805732901	4
-0.0551402210290317	0.00505595626228405	-0.0311963011022714	0.15615452323936	-0.0391000156659014	0.0158921111688899	0.0057861610604509	0.0829670105678763	0.0408362939193366	0.0615708379063265	-0.00904772556803492	0.0293404064915893	-0.0402445691179093	0.0485152417211931	0.00600295110352683	0.0749283807800111	0.00738158404238461	0.103231338271485	-0.0162958405570146	-0.0103643540671238	5
-0.0441425423106163	0.00437225306926228	-0.226188523541942	-0.151814355819987	0.038460284192923	0.0630218114142789	0.0225707737302173	0.0647640051196485	0.174235556892288	0.171007028614537	0.123492980573012	-0.0188422927445669	-0.26415309475786	-0.0367875850401079	-0.0532394659034677	0.0570096696837106	-0.104059454159655	-0.0442051435916962	-0.0485976851455555	0.0637754252829059	5
0.00214634355278637	0.0168161309999938	-0.0516902955978416	0.132839607656245	0.0885723255699664	0.0631009406259267	0.00406699674031304	0.151753255618206	0.0487217596771214	-0.0656275382260451	-0.0458374080633211	-0.113783140950566	0.00494545066256881	-0.0238229398885796	0.111519166524534	0.00721072611614379	-0.02498870628616	0.0378990165460518	-0.00594433150318484	0.0319364942704435	6
0.0774594754496969	-0.0836669432398763	0.0519670008258473	-0.0649545995797287	0.111859785052664	0.0387730455911655	-0.0331997069875016	-0.0691353643489966	-0.0169840179305389	-0.002388763268339	-0.0812243846906552	0.0838279804258074	-0.0141495897466904	-0.01331991913349	-0.0268997107982683	-0.0127356733496423	0.000325326032671248	0.0113371613126745	-0.0219689834810084	-0.0203397922140261	3
0.0687735719027036	0.0711731089677717	-0.0575689650250675	-0.0222424243381339	0.0778861649471334	-0.0578911858438667	0.115257360261837	-0.0821242034976778	0.00256599956952769	0.0599520059304988	-0.124014980293211	0.118566612903967	0.0575008075368708	0.0656389481877445	0.0087637659378979	-0.0642396773725712	0.0670642250848059	-0.0136826167395529	0.0596152078427947	0.0447959344099084	1
0.103951340072576	0.0444160478777181	-0.00734144207762342	0.00373771597416527	0.111412898374609	0.0262870771959891	-0.0614547689818396	-0.086233380429861	-0.0516952085394373	0.0120586990235252	0.0320529634620142	0.125994830830236	-0.0151649035387216	-0.0760450058734509	0.0636540626526521	0.00643559397036754	-0.0409856410330365	-0.0176452477777253	0.0613027544857643	0.0474818020744321	3
0.0128668251776761	-0.0104890614926045	0.0296637838682249	0.0575257821009758	-0.0146280188238258	0.0411076870955791	0.0674086300706827	0.00938874771871275	-0.0362909605048967	0.00547339968929065	0.0285045951941677	-0.00674777711615258	0.00330447400204467	-0.0166639654064311	0.0130207310090492	-0.0163288606055347	0.0367924293011702	-0.00872167249796234	-8.16099816446482e-05	-0.124759631902335	5
-0.104121065120664	-0.0171110829866029	-0.0210503056239604	0.0294156225532886	0.0767519335506548	-0.0301194792193547	0.0753972891607057	-0.0926877930333446	-0.00693052126144648	-0.0195028315657126	-0.00421201876781762	0.0488000963653593	0.147099289166057	-0.0218785042813121	0.0552261955697551	-0.0350722268882573	-0.0399227614854128	-0.00452849396765001	-0.0189321981338083	0.020308745985924	5
-0.130341191057611	0.0113608504624054	0.0320829617290562	0.0757398944371657	-0.0631588193419357	0.0500722912860758	0.0622852950375601	-0.050450000041278	0.0228583211362826	-0.10595489890805	-0.120586172825827	-0.0108143831565978	-0.0603378052266712	0.00766288681024956	-0.168462953864044	0.0114202854766333	0.0419194435753558	0.0580912237550606	-0.0507892353018786	-0.0850296290268928	5
-0.0329834137583313	0.0247047798131134	0.0667098228167475	0.0989004345356552	0.0535453243612113	-0.108453419283642	0.0133288017285983	0.0340974560065698	-0.00756128943407688	0.115505801788942	0.182952293024331	-0.00568644438128245	0.00131669110785725	0.0902264028195751	-0.0837858743854468	-0.169334499824198	0.0771398508418573	0.0701745774929886	0.00819577536691049	0.0243205161754923	4
0.018213649081313	-0.00156152848691156	-0.00397842501943134	-0.122182072686508	0.0934520655975764	-0.019556097141538	-0.0530996614195054	-0.0585423035140639	-0.0411326156409934	-0.0918669745684146	-0.0702823330478513	-0.0167009917685698	-0.0541445005159101	-0.074945009611704	-0.0367839427042664	-0.0956288662135663	0.0754751923283088	0.048141640252617	0.0240849365456243	0.00763662401331066	3
-0.170178556642221	-0.0258499646015974	0.111248886927826	0.0926252158395818	0.0591215913515499	-0.127291458148214	-0.0744603279724231	0.0710468884634601	-0.0660623297377751	-0.0521758615160792	0.0745502601699309	0.0829200706106924	-0.125872908819416	0.00389086969485558	0.147420908470132	-0.0520723299589679	-0.0209334723226578	0.0797559504153702	0.0789370947284249	0.10385816978154	4
-0.0106012625992693	0.0201890780551628	0.0128769222332474	-0.00774797656375822	0.0311100557864634	-0.037277542981332	0.0250711642132204	-0.0114353337532782	0.00596477785507488	-0.018073859719833	0.106306953855857	0.0727165235825184	0.027793041709617	-0.0114652895426805	0.0262291204298554	0.00234541216066133	-0.0744796175139142	0.0661062257416537	0.0395094165270313	-0.0410741568899632	3
-0.119607634559589	-0.00417770633587797	0.00873900788652172	0.020410043038026	0.0575818715034568	0.107720719268814	-0.0220902934606649	-0.120196895001	0.00565627242473582	-0.212955281003375	-0.0192130726542056	0.0500721977122551	0.0736669160007811	-0.0191374642149714	-0.0393569223713526	-0.0616158118720382	0.00749795249084548	0.0191660413264821	-0.0543965642256098	-0.0607238585031992	5
-0.192219377863886	-0.0776693327281119	-0.0197944275264666	-0.0510506681593648	0.108148750560286	-0.00506130931075025	0.00671066442974844	0.0259836666516315	-0.170811824157825	-0.0230346746782584	0.0805773393310349	-0.00198473206159907	-0.00945390975137167	0.037887144183478	0.0315254447260346	-0.0528811662059911	-0.0192523550260875	0.0202068546211829	0.0376755871729494	0.103160266966882	5
0.0229424709617909	0.0288247153613119	0.000812049072270155	0.102677741831817	0.157555265651343	-0.0566897764645206	0.0273278757488888	-0.036168870785805	-0.00276231840760551	0.0123053313235842	0.0893757207800712	0.0699324093149056	-0.0267933873806159	0.0847900710068369	-0.154794705957027	-0.0839100247112041	-0.0567780924555417	-0.0228159516619339	-0.105326845016324	0.022750045521813	4
-0.134865080564585	-0.0264206542930264	-0.11128003321943	-0.0926691959264709	0.0365835596852955	0.015125168179089	0.0508566537874347	-0.0330756790251444	-0.117212832878603	0.0180463729824298	-0.0411168171926474	0.143047581044432	0.0518889694117115	0.0833070177329165	0.0579960308443413	0.00129930617992714	-0.0255678408807983	0.00269678216846576	-0.0472505337235773	0.0117943239529969	3
-0.0851930277071074	-0.0142836250649615	-0.130584556997276	-0.0296634905502789	0.240461813131051	-0.144768006922557	0.0320882659704217	-0.0285682878794785	-0.108773123216004	-0.176242710855839	0.0759446573948904	0.0390346815022436	0.0440335152230162	0.0336402215387424	-0.0717759212000409	0.0101370943123476	-0.0728041788229313	-0.0715150664999258	0.0920319697498802	-0.0326762787839826	5
-0.0252936189387864	-0.136731516622741	-0.11146305834829	-0.105392759391822	0.181914955009085	-0.00195440258206936	0.0569705442611475	0.0776563306053915	-0.0295867879531217	0.0183795501697305	-0.0143904787550392	-0.0716073306330314	-0.0586421423837846	-0.0438484707627042	-0.0113798012264635	0.0758458751032868	-0.0508033594393935	-0.03338793863039	0.0459704397340902	-0.0755281201154872	5
0.00811860417875862	0.0438795890198561	0.0532211356201647	0.0457410626960237	-0.0316768932460793	-0.042830656437503	-0.056369113829056	-0.110071287508159	-0.0083215751357526	0.0399810002930311	-0.037884418695138	-0.0309126293738618	0.00510511931899608	0.059557837194264	-0.0622394609434852	0.00493822038962485	-0.0753156724691657	0.0456347175728373	0.00358950411000153	0.0114963385922532	6
0.0377173689657311	0.0323145250196889	0.0355241958942351	-0.054000354574919	0.0283135626023811	0.0100513293292648	0.117072603536734	-0.0528585516582659	-0.0924927040567685	0.0666966571212389	-0.105562809888773	-0.00397401358609674	-0.0462612174358505	-0.0544154843001814	-0.00927826558077537	0.00529262853428675	0.113186507332638	0.0385608932747796	0.0153754182365007	0.0126253417971273	2
0.0023165495342107	-0.0174604071260726	-0.121046278139439	0.0501212166803144	0.0131380707105032	0.088871500343731	0.0980176368626511	-0.0347241142494214	-0.0309466973421148	0.0573854400514981	-0.0540395842672199	-0.00905786354725888	0.0795403181726888	-0.0299619728273617	0.0549035768760425	-0.068382184020061	-0.0615487113786669	0.126363906960681	0.105238582166026	0.00730933719650396	4
-0.00397838491599877	0.0474408243440559	0.0341797651762325	0.104677756036004	0.0215702221976474	-0.0286679664506453	0.0521961343462253	-0.0139635364859803	0.0653512799639356	0.061256518333915	0.0273180561103453	0.0723459711791049	0.0341477226497559	0.0367197644596145	-0.0250261027277412	-0.00795900205897117	0.0646558384768967	-0.00825335029485286	-0.000768207668395915	-5.05687417386991e-05	4
-0.179759590623237	-0.109134671089037	0.0720176417006901	0.00342847118009144	-0.172722676840034	-0.0792238894002006	-0.0271257416563045	0.0992490557997628	-0.00619665948466261	0.0574550005151215	-0.0287373976067292	-0.0575455444368201	0.101097101781096	-0.0697128460204164	0.0744044497883262	0.0895204537758986	0.0396493420454256	-0.00668257854417636	0.0890309432003977	-0.0300223706756492	1
-0.0748180479887091	0.00525677354102284	0.0208315224025531	0.150532882973445	-0.010595126904799	-0.0210628721077555	0.052601089450892	-0.102000554356267	0.00593358009452952	0.000914814926748016	-0.0378618945969483	0.0853921806819161	-0.0856289495744399	0.0263143410701298	-0.0731527016184447	-0.071376636171281	-0.108389462498732	0.0947996876288351	0.0340994836067884	0.0034493122753316	4
-0.272802233279266	-0.0487450815560011	0.0300445867480604	-0.00187624546973499	-0.0274109447432212	0.0452312618001097	0.0128940297145782	0.0312416095227014	-0.0144873914054671	-0.0367668577853858	0.0566315191562448	-0.0191223489770342	0.0798611703868344	0.0600853739275959	0.0494165744371296	-0.076024892713587	0.0413037412348986	-0.0787965367993297	-0.0366378946445978	0.0160721646384925	3
-0.00110590318640514	0.0289414539007034	-0.0334366567133473	0.188367630839313	0.0751522101068793	0.0315822596304444	0.0168485461562351	0.0585435259584193	0.118961078732933	-0.109991625980633	0.00517981447765703	0.0591005955571338	-0.127284860385335	-0.0840340401088853	0.0461566789156737	-0.0216289711039701	-0.0159756434467531	-0.0835556574433045	0.0131354279485659	0.0273875306009096	2
0.0698131038795048	0.0566534418666926	0.0343056298076861	-0.031335683425565	0.0303662121661119	-0.101932009170781	0.0433412289278154	-0.0083420337113827	-0.107261585692022	0.0345443118189318	-0.0457096976277142	-0.0471701136703435	-0.0995340947457387	0.0898356675609865	0.029183876911804	-0.0484638096602518	-0.0615680575393599	0.0654001950333839	0.0474117245253773	-0.0912492724163054	5
-0.0253657741089238	0.0287061670810469	0.0487013729354172	0.0503883241828459	0.0312585123066514	-0.0329860316143697	0.0601311108083606	-0.00492068826068712	0.00411245668150919	0.0607886527900981	-0.0410634053823418	0.0563559549715922	-0.00551904150444215	0.0526720933750574	0.0770189727797402	0.0219324602215022	0.0576145916640772	-0.030232579406465	-0.0332077038770292	-0.0279424874461695	2
0.0330754856520732	0.0487314363692899	0.0396361284126318	-0.0129918194168916	0.0421413351886739	-0.0569754463963705	-0.0872174856932809	-0.0325312843394133	0.00116575996909217	-0.0223750448523647	0.00885045798670404	-0.00207764484256131	0.0626649265751291	0.0769951130194237	0.207275717492454	0.073809424527925	-0.0334682393237955	-0.0156511279779973	-0.0251631791172144	-0.079141495821629	4
-0.107483454265114	-0.058024000385326	0.00078232601923199	0.0821444550119588	-0.0615679540145498	-0.0835841633694054	-0.121015971883077	0.00294556235642155	0.0344845913751197	0.0343614100223417	0.0185717559545835	0.0322080102494064	0.0438864891916278	-0.138118432227095	-0.0100048197552931	0.150497790825861	0.060577987567763	0.0350019664285877	0.0752318525007147	0.00728576505803185	4
0.00593998766508978	0.0484866451498291	0.0724223746394634	0.0138687347965196	0.0522096922714892	0.0183518622324247	-0.0892445282923319	-0.00565851957085452	-0.00564114573761298	0.00801512178895215	0.0410379482330664	0.0463289153063822	-0.0177990160751778	0.0243097987016843	0.0360554831033536	0.0284503988298747	0.1270328618965	-0.0109291701867954	0.0661138546497384	0.0521434826849164	4
-0.0436525603718595	0.0106778890927649	-0.0422635076819967	0.0304872636363183	-0.129115694540817	-0.0495835335143252	0.0355872914717989	0.0228127097393968	-0.0911063713431823	0.0739834860911014	0.0574454978470245	0.0240237571495249	-0.0278129355588861	-0.0417251267425119	-0.117768574912838	0.0243780629221427	0.00819393728035481	0.0434280737412357	-0.0126391430171074	-0.0283767700707734	3
0.0376356870791791	-0.0605920455132619	0.003948459030185	-0.0450739231784789	-0.0927807905017119	0.100918061871521	-0.0285702512992557	-0.00464887763711559	-0.0382633133153784	0.0834457901718797	0.0554656893976698	0.0317510113911345	0.0218935604021671	-0.0738005408587216	0.0183356230203531	-0.0440089145302605	-0.0102109907353159	0.00443894027595938	-0.0380561955779111	-0.174470981013556	1
0.00514887247062211	0.0193139702458178	-0.103780446543828	0.146733193499594	0.132655866390589	0.0540334128850596	6.85217289771555e-05	0.140815668088199	-0.0032343050818979	-0.264616849567094	-0.131246819664146	0.0608355803590319	-0.024383252901689	-0.0427519980604821	-0.0196495714791529	0.129313165056828	-0.0243174635092981	0.0103622570002028	-0.0766644970374725	-0.00387767659571155	2
0.0038920282470235	0.051448352827892	0.00787436262718877	0.0665593090415833	0.0344224024825293	0.0370031294599027	0.0711703456060653	-0.000449234807575573	0.0869746335015786	0.0451280154562919	-0.0712360679926727	0.0666210196176086	0.0127988789834099	0.0710172183925696	0.0861149682847022	0.026614336224751	-0.120868899960694	-0.054449206506115	0.00869244118609334	-0.0253532379313091	1
0.0264139009816233	0.00287577439860074	-0.214310893425829	-0.107665110992825	-0.0490630365604448	-0.088672564230522	-0.0237360067568603	0.225691486116908	-0.0225127369640443	0.0209846284861055	-0.244010294260363	0.211956571461662	-0.0726621258658408	-0.0770492591258718	-0.0508424348396256	-0.112370857366687	-0.032515401493044	-0.00188734160947379	-0.0976957127399782	-0.151516907292717	6
0.0264982904593703	-0.0333335761345346	-0.0375455649420562	0.0801255192736205	0.151300204597516	-0.0507095274780954	-0.0428004901708884	0.213880961299145	-0.150286270348054	-0.084925617928891	-0.0770185619090233	-0.0336514325174609	-0.0685727236506666	-0.0639656205450663	-0.0319591028558584	0.0118391617609884	0.0122821134890543	0.156343688933363	0.0657621099503952	-0.0171481870907369	5
0.0410683102145637	0.0494475260958959	0.020760219088539	0.11769612452476	0.0100848296093215	-0.0244301813460525	0.0642992732360463	-0.0204173543527284	0.0485273180613862	0.0586423762200805	0.0791447052259028	0.0429687027355501	0.0304887451230621	0.0452461232096958	-0.0265064772983932	0.02169693722557	-0.0716445273385808	-0.0377170015185316	-0.0167816296927106	-0.0836471862519765	4
0.0218670098168018	0.0669355910741266	0.00795898379594668	-0.0359192169639041	0.00323818898225266	0.0500070001866083	0.0401633398781995	0.0453984373795345	0.0533137318447663	-0.020165915674033	0.0396477577080006	0.0236300710456836	-0.0846978697662208	-0.0729434290555713	-0.0578920991295881	-0.0805292172329343	0.0661248597766567	0.000445607553017126	0.0147162310035358	-0.0309304863492738	4
-0.107585856922706	0.00386707948705208	0.0766803113328324	-0.0637164627187199	0.0592942806895132	-0.084466019193704	-0.130722734672537	0.0435930035438141	-0.0374589305310964	-0.0143642013077968	0.0348334758168378	0.210851029322066	0.0169331977446363	0.112334697971326	-0.0297033896274702	-0.0711149311860616	0.0692179041720941	0.0197170971399835	-0.0156661059653546	-0.00671549754535686	2
-0.0669185776351373	0.0365491715865982	0.052584506813877	0.0299405089376789	-0.0526015345876777	-0.0126718015458997	0.0471419581174077	0.0326476542510755	0.0986112871726855	0.0196289978067519	-0.0590710645287525	0.0375830215434504	0.0277054582482263	0.0370736803808649	0.0139831007524273	-0.0277186275568318	-0.0831430426569269	-0.00445271199056943	0.0110086783124594	0.0175873342541872	3
-0.0161455567202821	-0.00566359985767756	0.0599824169817453	-0.00661188308507965	0.0114332346532021	-0.0306611286352677	0.0731138335296679	-0.0386410852104024	0.0096301984919563	0.0212575840210913	-0.0458487785301047	0.0701776754949131	0.0209381784989462	-0.015152122070368	-0.0249031685256348	0.107642485404199	0.0521328725266224	0.0955321461236564	0.00637068161943432	-0.114953848814543	2
0.0291977263713672	0.0202775686814831	-0.103746455779333	0.170171217210233	0.123822351628654	-0.0576393445373934	0.0685412179302013	0.0101209274891365	0.0138044733115482	0.0295701447977478	0.0581537083054937	-0.0388208431342353	0.027858889481235	0.0581728045970433	-0.117338432562316	-0.210475165212397	0.113678296104444	-0.16681085444956	0.0988064103140883	-0.150999843610637	5
0.0663213882323549	0.0336690105072508	0.0350261756439446	-0.00609931140103443	-0.0506753264659803	0.0527936502828469	-0.054510294976068	-0.0204340331780125	-0.0431245261670872	-0.0147450403926309	-0.0605429676952236	0.116389786136825	0.0306842170049864	0.0099508218698573	-0.0466548786584336	0.0052251046889069	-0.0421754926661263	-0.0374579393755124	0.0822485149123989	0.0602044440322541	5
-0.0343105231643084	0.0311143711594501	0.0377977216941228	0.0440029510014096	-0.00458389412344978	-0.0264967545956882	0.00587635376862124	0.0735264327456655	0.0399605686393618	0.050050510601697	0.0469460620261405	-0.0398551547849911	0.0267728630883804	0.133488283881729	0.0954629995526556	-0.077162019390559	-0.0618673390566302	-0.0243311866229478	0.10442731505209	-0.0034286743593215	3
0.0636128729561265	0.0587040004406179	-0.0334670513438547	-0.0446324693492747	0.0184662454799443	-0.121072378335023	0.0118577635956317	0.081898284882018	-0.00552468242625458	-0.100014908438366	-0.0331440577278412	0.102972933781848	0.141716711884242	0.0239735801582752	0.0373204748066502	0.0814605023816773	-0.0230017898049672	-0.0666768796138592	-0.0454325895452542	0.146750691519987	1
0.0723204756962649	-0.0678163846551016	-0.193349398312056	0.0316714149487091	-0.112663853876037	-0.0754365247610295	-0.15105812207864	0.0718342327212456	-0.10093982128165	0.0891308888628347	0.0993945336654494	0.0898876763180022	-0.0281078822125946	-0.0872571387800718	0.0250524133706233	0.0730013876213907	0.00537044465727342	-0.104420879486292	0.0301986115970446	-0.0405300903099332	5
0.0591472852506088	-0.0140946383378908	0.0566372886044267	-0.0179338569000009	0.0375893426142628	-0.045995712294426	-0.048763766304431	-0.0147728953921866	0.0592316034664797	-0.0087304445536512	0.0256291319626798	0.0338768152430193	0.081617222745103	-0.0847755876838339	-0.0394571257994188	-0.025609244498382	0.035170403303129	-0.0429737988402541	0.0827015409970285	0.0555829907257664	5
0.0239634007902487	0.0572646479836956	-0.0301114153095714	-0.0248763198360454	-0.0948107974969772	0.1118996172824	0.0482366788074099	0.0785635702739606	-0.0325003510888686	-0.0231045215535607	0.0955657300700407	0.0531870465180182	-0.0623940497700224	0.0167759485341018	-0.014454080405032	0.0114682594358812	0.0427709963814406	0.0257217205119237	-0.0634320757096245	-0.0526241484936228	5
0.0154898171594298	0.0692512559819081	0.0395304866992317	-0.0166190786660818	-0.00861865577886387	0.0330263790342491	0.0810984258551024	-0.0541565993692478	7.59929598879922e-05	-0.100627186745313	0.0399576660843728	-0.00915118595193065	-0.0485157500695242	-0.0298746112213923	-0.0566507757088179	0.0782521242438736	0.0620202656621448	0.00023340555330023	0.114711150153497	0.0459784433629026	4
0.0824371895455528	-0.194740202740382	-0.0312046064395422	-0.0407997555431727	-0.0818788568471777	-0.0223381955147392	0.1060380624556	0.0127598279785969	0.0617879802541548	-0.0928948742883366	0.00638645594843509	-0.0446679608809771	0.0534699999364901	-0.00482308068717414	-0.00417734422231472	-0.0319365705281183	0.0246723428388947	-0.15237968269322	-0.072952247368537	0.0747178371854731	3
0.0599008499434687	0.0740106709344424	-0.0157816178245948	0.00780770964057443	-0.0887629395388172	0.0953251560874942	-0.0796332194320833	-0.00101111349569322	-0.0510761189099875	-0.128453216456546	0.0364535273914256	0.0422196694412442	0.010707378145285	0.11037805770083	-0.000259004948145639	0.0395612970572318	0.00829027078273062	-0.110805875001643	0.0970605999251821	0.0256513537854337	4
0.0451066883991479	0.0639178170027521	-0.00891397631844999	-0.0490977354060594	-0.0356942199632306	0.00341341784894159	0.0442569680978633	0.0029374332061232	0.00408557233264401	-0.0474690197421355	0.0733595751989811	-0.000197169985075868	-0.0255987814683283	0.0381335786707712	0.0512555068696777	-0.0203464824735076	-0.0823704028533235	0.0399882142739617	0.0199800434603104	-0.0378457048649206	5
-0.0134121783664862	0.0491627527742033	0.0680835222806452	-0.0458429739926084	0.0103399572871492	0.00198949293367812	-0.0581900180444067	-0.0537819241174814	-0.0604295693295224	0.0652712006992141	0.0185333382762978	-0.0263642363898391	-0.0532409855462512	-0.040453528849108	0.0111938143212698	0.010414447216774	0.096808291638435	-0.0426663029816746	0.0161546452943322	-0.0397672636292377	4
0.0264695664823051	0.0397526406959042	-0.0787805539436645	-0.0558171144824309	-0.165959514575607	0.0442896776707013	0.0402905599515573	0.0542579820383369	-0.109047528660673	0.00782713263509504	0.100834377948491	-0.0646006785857084	0.0260868322885863	0.149711343759699	0.0551959870989637	0.0208641535306375	-0.00959815212376647	0.0512409968329646	-0.0427669946551231	-0.0788078762191077	4
0.0545917471969219	-0.108642990860632	0.000978828610618807	0.00972906594891135	-0.0646558257558614	-0.0591440168910916	0.0619910183070325	0.0143955572931259	0.0531608100545715	0.0056658208655085	-0.0291857092562125	-0.0499024383953482	0.0263047271049252	0.187362806821064	0.0293566420249506	-0.0170351278532989	-0.108720066505424	-0.015541759987562	0.0369167973672292	-0.128033318408694	2
-0.0145397220072252	-0.0348413017220852	-0.0472927323590887	0.0430820292915394	-0.0602298606143985	0.0855689159601337	0.0355134945489034	0.0990155256699642	-0.127775319701768	0.00398829165115389	0.0125552171298765	-0.0393677748607812	0.0691893877440612	0.0410085133913834	0.0109299513016247	-0.0199991131772809	0.0827329740258132	0.0386094318967547	-0.00785958706193758	-0.0628787055079798	1
0.0243651675687276	0.0426759446135606	-0.0040144794837171	0.0248204036468623	0.0166565014940077	0.0377789051499057	-0.0797288928937312	0.0316569892078	0.0614284630422713	0.0310778307746761	-0.0431370722421763	0.0107769076347266	0.00279339155192954	-0.00741978541609253	-0.0109166704026491	0.085443772912327	0.0598694643547913	-0.059284742779738	-0.0487359671762863	0.0345902313552826	1
0.063523259719023	-0.151317776369033	0.051463516070299	0.0250126985884855	-0.0376288243607012	0.0515980491470697	-0.0110921488724843	-0.0779830448144331	0.0589336208152167	0.0177964696905178	-0.053069299300362	-0.0506881787252805	-0.0644315573373606	0.0331745370699474	-0.0825388586348	0.0116750675322992	0.00556170186154695	-0.0221960610105927	-0.087736847129763	-0.088234703671861	1
0.00518673868298077	0.0487455455724262	0.0135540338968909	-0.052240795167677	-0.0789836179819398	-0.0819876857760496	0.0313247115337051	0.0580994275444123	-0.0125228146823076	-0.0388749921010024	-0.0614973632931104	-0.0625515295841128	0.0435585168064159	-0.00484486752545769	-0.0464972398554288	0.0484122749250282	-0.082629583452478	-0.0521874433630536	0.061005294134892	0.15635142427598	3
0.0111694167212094	0.0551381926538129	0.0144883170152648	-0.0561670051277023	-0.046122702389565	-0.0139725122809907	0.0297799473395044	0.0147091385349082	0.0559686164619278	-0.0343649123448365	0.0345787976056811	-0.088171865624208	-0.039516493456567	-0.0370721174884863	0.000158639413870738	0.0571659760888977	-0.0722804063724734	0.100938797147076	-0.109944451189191	0.123747927475856	3
0.00248684841692816	0.0284953928043691	-0.0421663991105304	0.0602828183692266	-0.0494326224625954	0.00523803784905372	-0.06610584529607	-0.0785863330047862	-0.0673167834703219	-0.00574144059667619	0.190586246895982	-0.120090416299588	0.0547681407536436	-0.0132768127881812	-0.0882314604573838	0.0698564036985557	0.101333884225265	0.0682443475541776	-0.00729111233917071	0.00683989096469644	3
0.00910859178368306	0.054416642877157	0.0511488540469023	-0.0176283507059676	-0.0188526864483659	0.0100419729305257	-0.0863959384665998	-0.0133552411087909	0.035029999312781	0.0174393760394147	-0.0532240841583939	-0.0580575229801267	0.0494664929316593	0.0415134096528023	0.0172414651781292	0.107529350112176	-0.0209642004549362	0.0261424102842628	-0.0304491210548154	0.0409095564254101	4
0.0159901568761033	-0.00144540786901637	0.02986215775148	-0.0384117664562911	-0.0192747262819687	-0.127120153067073	0.0494858100075954	-0.0105467279147529	-0.0351684262328949	0.0592500639739947	0.023109619833043	-0.10791460490975	0.0552382452075914	-0.0743349978667637	-0.0501777344675351	0.0798708060745504	-0.0142919371184463	0.0692289862331168	-0.0504321763588451	-0.0144711123734454	4
0.0297889808126931	0.0626802528531891	0.0219531052894299	-0.00885817241785945	0.0345643146815121	-0.0627780806156246	0.0428581116199481	-0.0121728728643357	0.0104227088910263	-0.0176687196870128	0.0486299398781476	-0.0512360638782842	-0.0368185305380877	-0.0793110562338809	-0.132897470327329	0.0173022822912373	-0.011820403919764	-0.0318846623782967	-0.151700800554802	0.0894413089572539	4
0.0556035654314887	0.0362020949023048	-0.183270284395786	0.0611619031318481	-0.0664277665482673	-0.209233123539848	0.0339257353776472	-0.0110548135189229	0.150889748840526	-0.0258436892786134	-0.0748404251610221	-0.074513029758513	0.147984589336522	-0.0804964706101267	0.123118605994708	-0.142401305404583	0.0519950481469855	0.0213513007170536	0.0242095598632398	0.0697874632389905	1
0.0477405549536305	0.0129897482912042	0.000628485436869756	-0.0314401627892532	0.033172659035372	-0.0234996669857966	0.0851337724888735	0.0294662594053505	0.0119258701602058	0.0258037944411455	0.0998605766795225	0.111728610381683	0.120068845918596	-0.0525138263098284	-0.00996896658750278	-0.125041439696198	-0.0394742929853618	0.000953650058055938	0.0792011525536943	-0.0448716572344497	5
0.0421886467203684	0.00687045381985082	0.013266541629959	-0.0111337972377815	-0.0238619043406506	-0.0112906759480448	0.0692478702342501	0.0624661777749589	0.0230192149120208	0.0222682882964688	0.0578831281541687	-0.0152015819338402	0.145663315428897	-0.113095187706786	0.0292942512789691	0.0659366505943434	0.00681293996099909	-0.0551339556612835	0.0407711598326813	-0.123430645861335	4
-0.11797751882216	-0.019619552825786	-0.162584796733307	-0.153812097305754	0.111965497540086	0.066151369078202	0.0797299505927466	0.02254985537786	0.11652934211751	0.176305029889822	0.0337226559905778	0.0360004207800665	-0.0758536271022382	0.105995506568647	-0.132637130579986	0.0400919633303438	-0.0246214687261912	-0.00957699881648237	0.0633970257449793	0.0341682204049497	4
0.12059859651928	-0.129841642415052	-0.0767343424004045	0.0404845668173123	-0.0161482069432325	0.0786296414007656	-0.0453031809227609	-0.0895799308790123	-0.00214268544015186	-0.106226703239781	0.0968234130441621	-0.0159010786818912	-0.0253436216110695	0.102518720283137	0.0731493802601689	0.100399516164056	0.058437606696821	0.057121641319252	0.078289445405887	0.0284200727626481	4
0.0683045205483389	-0.264117888219678	0.0497098712597421	0.0697346876678634	-0.0373510990519259	-0.0184434341659018	0.0833889763813749	-0.0105808053825429	0.0926402861388498	-0.0212292768694742	0.013231391313194	-0.00970936853092821	0.00114280350702022	0.221170430463538	0.0136653709141242	-0.00487897173980599	0.0120702817291696	-0.0399096052408109	-0.124555371724065	0.204607022759182	3
-0.0412797722799199	0.0335476582788452	-0.0423054066412793	0.0710724665047051	-0.0557379942328023	0.0944324270068811	0.0366801341659437	0.106816155947561	0.0506098134867814	-0.0306707285603898	-0.0294727365217657	-0.029494943001698	-0.0134243750630269	-0.0340177317338403	0.0579864315830372	-0.0903872952174998	0.113410180152495	0.0690884727061655	0.0301304907698867	0.0685621237880914	1
0.07080347663934	-0.0431185456128332	0.0105173415631479	-0.0241543174483808	0.039223415023764	0.0473343821918261	-0.0728442895102799	-0.027377553164421	0.00627398720410656	-0.0294600306768412	0.0331957861876908	0.126033139803799	0.102570776155546	-0.0534305507305754	0.0327723465168559	0.0638359066857824	0.0284317933119788	0.136430858618745	0.0792599923553248	-0.0222423892722837	3
-0.00248879176055216	-0.0150043380754813	-0.133590634601483	0.0179006696621782	-0.0320332975266626	-0.0507967270870355	0.0033082422201432	0.102802926188526	0.00729010182432877	0.0953718480078157	-0.0216976151463509	0.0601243170990538	0.0758349803841332	0.0178979628266669	-0.0289367373940269	-0.199521580281044	0.168179329656389	0.168643344472823	-0.0424635158759889	-0.0226264186512386	5
0.0173144048168425	0.0610360563927873	0.0257402698183592	-0.0260323236029128	-0.0300897757833874	0.00414292077159025	0.0363218841776661	0.064355234846619	0.000981968486412206	-0.0298641064796924	-0.0930714219025552	0.00910511022275563	0.0672889933426924	0.109977300851261	-0.0376634023618088	0.0700892360019918	0.0523637987758653	0.0600604995876389	0.0378638130745643	0.0556169870969798	4
-0.0662780535776058	-0.218464818780178	0.0354280845697804	0.105284006442477	-0.011202620940182	-0.0294181421688107	-0.0947126325435483	0.0120936802169651	0.000616896094841227	-0.0134396978031249	0.0407872157508859	0.041243081775609	-0.0309512385041193	-0.0505038127192286	0.140647864384756	0.0346217622992894	0.0146882543551036	-0.00639650032484513	-0.033084632891035	0.00383073972291095	4
0.079809459464974	0.0566694841130212	-0.140025249510049	-0.052486265594996	-0.0929066846827843	-0.160075212153127	0.0457113135522298	-0.128412957146791	0.0857903223665007	-0.22809206080631	0.00575878787744955	0.0419615494032695	-0.0658244147827824	0.186197184407566	0.139215427626019	-0.0388827739501599	0.0782255960806872	-0.0633090987151605	0.0919313270824156	-0.082323117201054	4
-0.116830353189163	-0.0296354320867208	-0.183560168503483	-0.141790754254109	0.106395080230771	0.125070291817565	0.118798065776302	-0.0469306562539599	0.0210297969519993	0.0782686710065249	-0.015161382509219	-0.0387094778197866	0.0276192895619379	0.0198934632172395	-0.00335701231449779	0.112014872209581	0.0207096626888739	-0.0973094703883533	0.0175950677957077	-0.0369068199602065	3
0.0930353857007212	-0.0498036857718147	-0.0391028831818253	-0.0155245716613316	-0.106137523256073	0.0231278410628483	-0.0762662979354702	-0.0367809283094705	0.0394568848698009	-0.0347689649796551	0.016342905671309	-0.044937953732038	-0.0388769214693481	-0.115585409423969	-0.0504795899771408	-0.0775631729956754	-0.0837129221846031	0.0540609035942131	-0.0651139446673654	-0.0989653186055558	4
-0.0434382202548936	0.00507670297765012	-0.0306045313431885	0.112921168817649	-0.0853778084823314	-0.10085608428328	0.00490670051035546	0.0321351873056633	0.000878327819418712	0.0108501375846431	0.0489163771712516	-0.0959490254851545	0.0648154024198204	0.0435669159043529	-0.0619353424311729	0.0970200781621737	0.0100763653046821	-0.034456968243692	0.043639290711379	0.0756463749603497	2
0.0367258208068881	-0.035018401064522	0.0520538328861044	0.0263717705506848	0.0355715693886362	0.007007917881255	-0.0482482972831625	0.000788894191104331	0.0135695762499059	0.107123272272577	-0.00766410069799706	-0.058447982017244	0.0735489537152281	0.0733070956949835	-0.0595531820436186	-0.0674231290451529	0.0134998743770646	0.095256375526909	0.159972595980508	0.000318231595172861	3
0.0295210702663648	0.045330038856611	-0.0249427207816437	0.00401496879323734	0.0353494744763936	-0.00935118375653861	0.00479128042962424	0.103279236226217	0.112573097797455	0.0229100177435511	0.0827944315579828	-0.0622100482867589	0.044656430144863	-0.0244552742647946	-0.00742793048037412	-0.0680767126210624	0.0327468823546032	0.114527149520665	0.0293154965301815	0.0955334578279694	4
0.0448235610809677	0.0504084084677759	-0.0230445360319446	-0.0293984270834662	0.0693404716617681	-0.0856139162315531	0.0113350928517685	0.07761050501668	-0.0425544272653081	-0.00347273586330153	-0.0402087550770714	-0.0484288108877152	0.0827347411084625	0.0743130006794793	-0.00816657352227402	-0.0019615893346918	0.071951600357747	0.0525773515925356	-0.107081493781625	0.0379432849710209	1
0.0340226643750554	0.0731583909572964	0.0612755200911415	0.0201039345710221	0.0108542744076012	-0.0115461963679917	0.0372749931930453	0.0238615019070753	0.0491545230387177	-0.0182048351477692	0.0503579323397969	0.0235279097623891	-0.0053919187507036	-0.00227344936407043	-0.0227094180366066	-0.0150046261903702	0.0476319185158771	0.0044088874866738	-0.0293740357082278	0.0321394488731941	5
0.0365104307875281	0.0669807316383843	0.0223973875561236	-0.0252405850053368	-0.0981010574373006	0.00828348407530906	0.0312681944459129	0.0934698797689606	-0.0494575918908053	-0.0251980419052054	-0.0549939716614764	-0.0135484182906907	-0.0169946459199152	0.0400239282084494	-0.00903404167320908	0.0253229578787775	0.0446309175220193	-0.0212998612133572	-0.0856944728082725	-0.0233913450595981	6
0.0329329777386799	0.0413793897388662	-0.0117472627220861	0.0430303460281906	0.0471397104344362	0.034133758641787	-0.0893694866195368	-0.0222280579660811	0.0384307464642309	0.0297221354710001	0.0319608360050503	-0.00819750042062521	0.0305543212398404	-0.00869071428981417	-0.0575141981177594	0.0420025403127733	0.00132574558300993	0.00448723110153355	-0.0363204812263222	0.0280744233198702	3
0.00579233094216488	0.0543727022969797	0.0454958793469225	-0.0337738521194099	-0.0697608031266531	0.0187414282320174	0.0649197804083804	0.059410050946935	0.0272828919952569	-0.0516162673175286	-0.0839573333685077	-0.0151493710445684	0.0209230365562325	-0.010599614116852	-0.0182785591004937	0.0849784771974509	0.0246934633197175	-0.0800784719851345	-0.00503842423717678	0.0165999123785365	4
-0.0102463074874844	0.0339181027229739	0.0286704418250224	-0.0269874000916852	-0.040994817241497	0.0728430529727511	-0.0863683653950847	0.0510081589120286	-0.0227603219942629	0.0470004642355123	-0.0172355078726065	0.0159963328796518	0.048920772367503	0.10764022527754	0.0580683209544428	0.012751302771121	0.0972553148810508	0.0477200124884765	0.00476802046900917	0.0225892233908035	3
0.0382065609467543	-0.108769557659866	0.0548753530148802	-0.0120028049942457	-0.0662635589222303	0.0487430661630838	0.0670806152948823	0.0665783184168779	0.0779164925381053	-0.023245139228016	-0.0537069204734738	0.0177828382720911	0.0284763411497225	0.00316379113057806	0.00122531224173022	0.0496002762776073	0.00447107905285147	-0.0100881250682255	-0.0111777540127573	-0.0131917827690922	3
0.0785746491997751	-0.0985003445287972	-0.016677562488408	-0.0441282776438881	-0.0843492475597193	0.117518940929427	-0.0431727163931355	0.0103914756592535	0.0328274814088958	0.00639819697125151	-0.0035326007585067	0.050225513877982	0.0308803882841937	0.0142056517221176	0.00825380076147455	0.0560318439476367	0.0458823462355309	0.112256370180003	-0.066440984384241	-0.0655729396857655	2
0.0825518372904131	0.023932664111014	-0.0128389080264118	-0.00806907300089968	0.0284817356215803	-0.0226259432152598	0.0638710665261966	-0.0190520103115778	0.00165442129441434	0.0152339832828882	0.060007567305116	0.0377438615167352	-0.00614376818553882	-0.102045770468235	-0.0247697187627627	0.122525229086651	-0.0436083110894135	0.0609603882941813	0.0338971217248762	-0.0333967030667281	3
-0.0339674756709512	0.0255288172586162	0.0650333161084124	-0.0145634041255116	0.00882050347852834	-0.0226824481857905	0.00646495144713328	0.0859600977986034	0.0449443282835696	0.0523347281702603	0.00936266337065459	-0.121709571012387	-0.0442862803035041	0.0769823859710064	-0.0297038057082931	-0.0811997477570379	-0.0880394961343827	0.0477295861917009	0.0676507339436877	0.0816618141430915	4
-0.0788237178171217	0.0192692905951691	0.036560750648952	-0.0322346369731199	-0.043183069360615	-0.0399733211521047	0.0678544887676957	-0.0318830499750377	-0.16405820357508	0.0194766322406777	0.00500539049195108	-0.0185253850032877	-0.0151502260710141	-0.0217240928982662	-0.0552319423277854	0.0176991135806117	-0.0363146126887728	-0.0675789845239834	-0.137592655799895	0.0377701067442255	4
0.0578214284188913	0.0375460679144941	-0.0177843236673913	0.036609134095719	-0.102481378325397	0.0695764342114692	0.0599547796625481	0.0445806882547049	-0.0109864175671153	-0.0545907315266145	0.0509253394092069	0.0580158530295134	0.00893714795009949	0.0117075690480455	-0.0392886897082276	0.0530767891621138	-0.0166514375352604	-0.00123050693778503	0.0882431269112101	0.0415259099565584	5
-0.00208931993143203	-0.0265751210752229	0.0477354620640794	-0.0731369801041589	-0.0228810224457425	-0.0515472815539361	0.0477616751363455	0.0100187334827224	-0.0208729243890171	0.0360037432886401	0.0372684496843741	-0.0913576559027933	0.0138696966337057	-0.0805975227155702	0.00457476583086564	0.0208884997291162	-0.137603109584348	0.0626479383648612	0.0678244079696716	0.0747951180424135	5
-0.0211907859924089	0.0176025799670766	-0.0355547119157112	0.0355964349997091	-0.0677425151346085	-0.0648480022901927	0.0480550531252727	-0.048152204902607	-0.0446104603240977	-0.00685689127269444	-0.0136663883442061	-0.00540869077977242	0.0905507519115403	-0.0112660639216155	-0.0197772366412554	-0.00196668764021787	0.160421532609108	0.0199535059045171	0.0329541625589279	0.049600785674671	4
0.0146543205331438	0.0534308503901919	0.00639140129453478	-0.0353618673355268	-0.0944931118326483	0.104756977349857	-0.109630920723473	0.0857219809629802	0.0255710123089984	-0.0382206341868544	0.0406245166269263	0.0342035598694073	-0.0250281942213053	0.0479732282712226	-0.0476137658587641	0.0100062572567402	0.0249809469836389	-0.0899922859805117	-0.0372113135703437	-0.0390581606395805	4
0.00025672774672108	0.0473772007065696	0.00363506887817626	-0.012766289335353	-0.00764200728563832	-0.0423262809335581	0.0239527314776912	0.0774471051006175	0.0909923306014697	0.0464105843706228	0.0044895377451588	-0.0717888336884202	0.0808247706994155	0.0117955212444219	-0.0486699351430867	0.0462627650042873	-0.0182229177839737	0.0287407953551225	-0.0533316195974568	0.0339095795455876	1
0.0543317213138706	0.00458457661173716	0.0162409145697887	-0.0251629563005222	0.0437459024173105	-0.0743219266658095	0.0647027334375144	0.00595509172693716	-0.0200659477571301	-0.0373173993241823	0.0315162883052434	0.0328415556462894	0.100510974503952	-0.075065676711017	-0.0960471203565565	-0.0236017456346715	0.00442967321176779	-0.00973254824775518	-0.0309421063131482	0.00921113262852491	4
0.00356594467862266	0.046242126622564	-0.062646033498975	-0.031028580068639	-0.0892021386370378	0.0465259934335874	0.0455080367942211	0.0271655925799864	-0.0880391988673971	0.023538648946812	0.095125987350953	-0.0197673112062101	-0.0362169030781467	0.0104061896513546	-0.0351236693953757	0.0281925833385435	-0.0366289093028943	0.00195604900236085	-0.0836684125635094	0.0314382635828727	5
0.0269065954653187	0.0671904315484511	0.060896736637941	0.0160195618180683	-0.0188770253772987	0.00632051919890528	0.0660057035203426	-0.051505902596214	-0.0453816907235825	-0.00610447335801117	-0.0123399067268235	0.0101144137067351	-0.0388810720261004	0.0226716895304326	-0.0215579771127692	0.139733972674557	0.0560139057066747	0.0237894967477766	-0.0641976679729301	-0.0312459278247134	4
-0.0066136380916085	0.0383742409847943	0.00233263935551738	-0.00623728005027554	-0.01236110994431	0.0665765942922025	-0.0496879144424476	-0.0925974606082312	-0.104802416964343	0.00702290380791973	0.0231126580528924	-0.0315082169817358	-0.0253615749076131	0.0469925986116334	-0.0499906840556289	0.00503214666063649	-0.0321675090746403	0.0737687611396149	-0.0816567033176727	-0.0304476925297246	3
-0.0728200984826994	-0.104059737102642	-0.0557581637464547	-0.0293801783202058	0.056293047132584	-0.052320842808274	-0.0537812629257718	-0.0715422538973108	-0.0412708564635091	0.101564634435127	-0.0656774050238999	0.047613497873379	-0.0424904455691062	-0.0751868423345141	-0.0523347465101939	-0.00633952241918373	0.0910814490354633	-0.0378465296590221	0.0503648861928755	-0.124671064899908	5
0.037686684915267	-0.0759344378407415	0.0517593801122968	-0.0185751293238967	0.0120833017867886	-0.0384897896979206	0.00614483894037404	0.148061988846788	-0.0249434209821748	0.0569113648087482	-0.0222355437572859	-0.0661366016374585	0.00986434188414301	0.0730659956454502	0.0210600128754694	-0.0417191505330002	0.035937515115309	0.00664572758203993	0.0403777519843257	-0.117938193480248	4
-0.0046495140782279	0.0336101344821596	0.013785082786116	-0.0280621137049438	-0.0938795203430988	0.0304048442295945	0.0320124768213215	0.12764330553487	0.0296020855736195	0.0212072156214681	0.00207436171099157	-0.0298498168430924	0.0971112715692921	0.0645486812167464	-0.0541709160617866	-0.026211042221758	-0.0492087001696485	-0.0476155636171093	0.0782355267697631	-0.0690999311814434	3
-0.072876155022801	0.0283988464715055	-0.0251505061521395	0.104243205871035	-0.0870721163599958	0.0940712183767154	0.0831860470500988	-0.0195266962670273	0.0611691451364429	-0.0540681895272108	-0.0140809686281689	-0.109476388301072	-0.0383367091510983	-0.0551334416683209	-0.0614388056129002	-0.0594766442578125	0.0208539668687956	-0.029940175865315	0.0287383511024312	-0.00326992927005295	1
0.00573255201630795	0.0513312357796151	0.0517994097965459	-0.0479183933764037	-0.0227795443308665	0.00654049870185	-0.0930100783684443	0.056397767141504	-0.0301156263514215	0.0337534404879072	-0.0721708804462285	-0.0553293705090928	-0.0210321558615845	0.0257776356218458	0.0553278926829602	0.0201081849390516	0.088306713642028	-0.107821377699545	-0.0094170657058337	-0.00155906490398698	2
0.0249121812129131	0.00483275064248722	-0.106772693854063	-0.104583062491716	0.024446429035494	0.0272608833829247	-0.0602512202927192	0.00153695470735053	-0.115633935642877	-0.114179219037311	-0.0202050775421331	-0.226572609549776	0.119095368338957	0.0115413267313062	0.0733673150152896	0.0958685923127671	-0.03151623594782	0.12365823686194	0.0476206834421782	0.0822212783365582	3
0.0235772029496382	0.0596927927494906	0.00250638537097531	-0.0319225085279772	-0.109768071066196	0.0414240576422455	-0.086505679569	0.0349640152289551	0.0608920345540001	-0.0727894107204864	0.0320250043298694	0.067906177139686	0.0962776542009408	0.0820798843196625	-0.111357778472931	-0.00667097599651855	-0.0992667164052134	-0.0757177036317333	0.028563935628956	0.01671243672277	5
-0.00684389713956731	0.0532626894321203	0.0506079475539499	-0.0508157210976835	0.0683424960109	0.0176202904027679	-0.0939741357481525	0.0670465536890738	0.102667613737265	0.0481269490691777	-0.0967392723703694	-0.0656360916239122	0.0217386949759902	0.104744295791834	0.0224144814554465	-0.0715033479006419	-0.0222490158822371	0.0163286737061835	0.0618166480847232	0.0730039582679575	4
-0.0118669353392844	-0.0305539526004207	0.0124776444962673	-0.0661691361296841	-0.0628555872312593	0.0540295579555869	-0.0740694985165227	0.0198058315006719	-0.0812250459204287	-0.0602722632346472	0.0542897624472579	-0.0311116390551006	-0.00795320808374699	-0.0697943569082842	0.0532466390769811	-0.0608950114418728	-0.149082158912091	0.0344885895364405	-0.0182872800587944	-0.21667417913575	4
0.0694854879791442	-0.0982409254973696	0.0153384968768244	-0.0261325151416308	0.0311916779234215	0.0168182589584924	-0.0430032067326726	-0.0100862365774149	0.0467640379623268	-0.0230818924832929	-0.00722195411490748	0.000403515632561493	0.0515517164720688	-0.0808467550606882	-0.00635057981126437	0.0572665822090491	-0.0228894321211609	0.0768116211602467	0.0385622179546821	-0.0629718760594089	3
-0.0124717636165988	0.029690469244901	-0.0669333022183738	0.00238954556364834	-0.0661335645445525	0.117771013743352	-0.0505958160897102	-0.0250302464186116	-0.154725937860528	-0.0540175170985041	-0.0755336276311478	-0.0334758127955819	0.044169277315378	-0.00616425191944588	-0.0767032368902911	-0.0753183485953379	-0.0500768629323718	-0.223102846743988	-0.00862686114674607	0.0734315738002455	5
0.0335681972353156	-0.0945703708523751	0.0538677093414695	-0.0124164335909494	-0.0595750621217248	0.00659643885400467	0.0316089076382507	0.0854826907846619	-0.00280653129618612	-0.0399225800119601	0.0181413012429806	-0.0363633471746334	0.0248142392459481	0.0319148925490913	-0.157140761206661	0.0469451966897522	1.6797945120519e-05	0.0672258338232783	0.104582120703449	0.069276023986975	5
0.058737794006803	-0.10606625305167	0.0482361480632321	-0.0680058644747196	0.0618907683690336	-0.0255682848602515	0.0632807494206859	0.116946744895037	0.0760736435932771	-0.0184854797904694	5.26124937462331e-05	-0.0679159032784331	0.0797104075020192	-0.0154378921379058	0.0254887336957239	-0.00770166298323182	0.066871823012019	0.0370208349916572	0.0153761068174975	-0.119234156393125	2
0.0452263887394668	-0.0595914693606868	0.0479497249992485	0.00903598443168821	0.041031851172211	-0.0420006159882564	0.04614451021648	0.0236296997032611	-0.0152621144066679	0.0602107568727578	-0.0114714695373897	0.0280122855328695	-0.0133447180425008	-0.00564723139091029	-0.110900225623776	0.0109019248400305	-0.0403782571765924	0.0156335015222754	0.0742734771175134	0.0567518495218752	3
0.0705131388838554	-0.123560483778844	0.0898589596363456	-0.0219608180311865	0.0191954685756156	0.00908590629364258	0.0649851818230177	0.0130413198053	-0.00942731693828362	-0.0124605645701373	-0.0270277195565571	-0.0262533517211548	-0.0622364778385966	0.00361913651299207	0.0198151381457903	0.00301289414720549	0.0264789054563837	0.029270656184867	-0.00846550479624321	-0.0171385834302442	4
-0.00268724779036112	-0.0784076139703866	0.0851278803873181	-0.0205442623612885	0.0114878731698624	-0.0290538753167087	0.0745523074408898	-0.00283144896177352	0.0367919312382802	0.0335884838383983	-0.0574971618187756	0.00176521552852673	0.00996995096690539	0.0258678826574075	0.0249279814409412	0.00941933620823757	-0.123911596038504	0.00224283520154113	-0.0032858211402936	-0.0482989917879074	1
0.00500221965068191	0.073017788591027	0.0731933662159761	-0.0504745109389505	-0.0542736556169288	0.0328489196591227	0.045220077476593	0.0211154889791092	-0.0171669058208992	-0.0276887878042754	-0.0250506610406278	-0.0217285226705578	-0.0723130641056499	-0.0152726859364275	-0.0578705174823477	0.0621198269597002	-0.0297361433194215	-0.0650721422536973	0.0877197994724583	0.0545349898514008	5
0.0121699057137363	0.0496545754957373	-0.0119232869054456	-0.0360647491512504	-0.0295236858166249	0.0346985079420436	0.0486742381612892	0.0541294533707288	-0.00751945168549741	-0.0187273017774751	0.0692663616574102	-0.00634005783865895	-0.0200519310134758	-0.0579134639735863	-0.0053100822873239	0.0512777393061013	-0.0393470814025364	-0.102570334604587	0.0115424681738475	-0.0448665455903277	4
0.0484762807999596	-0.0363354899523324	0.0150091074031979	-0.0115437046210271	-0.0188641782567933	0.104610501990164	-0.051605169587231	-0.0550499542669703	-0.0681563969350037	0.0013439706342573	0.0636728154032431	0.0194085841204287	-0.0549121465805111	0.00911138492504327	-0.0342304738524125	0.0533135227841755	-0.0604948628027113	0.0522151069718458	0.012620192382133	-0.041833520695733	4
0.0244690135992131	0.0523470392588457	0.045640429436912	-0.0520334356767042	0.0879157471953213	-0.129650988991376	0.0558166977007156	-0.0223568373365589	-0.105856585127201	0.0586906385310126	-0.0965415896155033	-0.0713346380185038	-0.105397186707671	0.0116398723553287	-0.0407745398071021	0.0475473348647793	0.0362538323140039	-0.107963718088533	-0.00846028242463994	-0.0616735760904562	3
0.0695961769709105	0.0166589799667266	0.00736304189599764	0.0353696623609403	0.00147388329952129	0.0288728069103627	-0.0270478376479336	-0.0886342427555365	0.0241216539924729	0.0231573853298554	0.00872826728629576	-0.0465909454586948	0.0415662604085767	-0.0597064977602004	-0.112593961644791	0.0398353906925536	0.0212813119995728	-0.066051876432173	0.129765005791892	0.050315329227921	5
0.0383862399411408	-0.000530024429958117	0.0632489999480947	-0.0567594738014954	0.0593460518334166	0.0208778305814287	-0.041892341445347	-0.0172532179455759	-0.0467637051616895	0.0320874636660136	0.00231237123369438	-0.0671264543766889	0.00818150392176641	-0.0231624879859679	-0.0743592853323144	-0.0483111195849876	-0.000683290451846022	-0.000283698544567068	0.139013738207544	0.0427170378486593	4
0.00466078307110481	0.0246731083500564	0.0616152891043129	-0.0177883738786415	0.049802500556135	0.0292670112752885	-0.0672872356456999	-0.0202531335991739	-0.0134603623095501	0.014268045252654	-0.0690701182694657	-0.00711525770301953	-0.0327722162868499	-0.0219184450167998	0.0397473240530514	0.0544833626953376	-0.0218970995026819	0.0441013671903042	0.0360211776524561	0.0257596873550225	1
0.0257926692310313	0.0119972729638062	0.0653970844777914	-0.0308164722379818	0.0139393463730867	0.0647300857130508	-0.0550131465352372	-0.00529391889540401	0.0282983276153219	-0.0410374833723456	0.011698247460995	0.0026347614338778	0.0131543593186152	-0.113029854749388	0.0158585795541092	0.0607276428042062	0.038948317598108	-0.0295349242620892	0.0453767531269306	-0.0666249500337808	5
0.0280202091376671	0.0618300118736865	0.0652378697075171	-0.065074760513285	0.0877410380205602	-0.0578041958105328	-0.0343751881234684	0.235619049780354	-0.0318623689368932	-0.0730237345916439	-0.023559862612485	-0.0560588970786813	-0.079860484721194	-0.0885516184127688	0.0229253092491009	0.082679542672492	0.0625861633820921	-0.0385179544823292	0.0219435406545938	-0.0359673655887647	4
-0.0287513917388146	0.0381744496024998	0.0213099295276716	-0.0550588005629381	-0.0497092081430459	-0.00878158084057807	0.0559356737305651	-0.0222549966849818	-0.0304425410220447	-0.0145042978096375	0.113982242736041	-0.0147925025600488	0.00818092654593144	0.013914035508964	0.060583353669791	0.0101241999805008	0.03928563752015	0.0972617832549576	-0.124717722163659	0.0879067945886692	3
0.0435370705480139	0.0723379171433613	0.0239777872817252	-0.00895789629386858	0.0271852255284589	0.0415799898073754	0.0846751989936144	0.015069767610407	-0.017136522754395	-0.00259487474190975	-0.0846095530886243	-0.0394276833003658	-0.0722629572081765	0.00449463023661434	0.0830278234960093	0.0251140553882268	-0.0294668204004916	-0.0557958825728977	0.0457540804892527	0.0156017341787333	3
-0.135744849964205	-0.0558115557536367	0.0435835738766907	0.116020580235526	0.0512396251517568	-0.0515208204643698	-0.0598960429548859	0.0988006699982385	0.0421955503943242	-0.105709474010505	0.00032707149464952	0.13986699520969	-0.0676913231333079	-0.00483566442883987	0.0289885176833803	0.132028158894228	-0.0757980579514324	0.172803753111649	0.00287858383266699	0.00771791468512646	3
0.0171449480547396	0.0500728394073646	0.0450049128266287	-0.0471339200757988	0.0798737639649753	-0.0629587395094116	0.0727128604532445	-0.00417740795192129	-0.085058738489194	0.0521244200460254	-0.0600192405102662	-0.000567697692878156	-0.0989963483282998	-0.02036591966861	0.0616208894473119	-0.0486616049781392	0.0461463282257754	-0.0457788511283143	-0.00262491297586953	0.0446858990812777	4
0.00419091243681914	0.0572414710422904	0.0614513323556197	-0.0406361956255736	0.009822052039099	0.056312080328799	-0.0755706471862236	0.00447682074140914	0.00908264139089144	0.0167544017589293	-0.0636743482426603	0.0419645222093148	-0.0601942150478661	0.0257504063096963	0.0748902535524463	-0.0365033935638463	0.0816982330161362	-0.0404751271883575	-0.0228207086793272	0.0214365882006232	4
0.099041355521634	-0.107728528474868	0.0393464648413855	-0.0373000559680534	0.0179481248056343	-0.054151731150499	0.104985328811254	-0.0255744313800047	-0.0148086679133546	-0.0113887876055845	-0.0491924231586835	0.0175284444264883	-0.0593491510022815	-0.0397037573864155	0.0146945962577876	-0.0128914957585832	0.0402451731750969	-0.0491886268196597	0.0596133175037569	0.0980405924243373	4
0.00283075634427013	0.0533824620284617	0.0590178176095218	-0.000100624867466953	0.0402506431769615	0.0262748836414661	-0.0587459829186986	-0.0617278088191491	0.0514310401520299	-0.0112061852269614	-0.0131239564882618	0.033540112033937	-0.0576770979983589	0.0131542123026039	-0.0953674885438746	-0.00425155082812795	0.0281525566788391	-0.0184200530293939	-0.0439461076426281	0.0246285609452903	5
-0.139217835607913	-0.0233183081737046	-0.125989677871418	-0.0952979851354653	-0.12776841963756	-0.101274949335583	-0.111910879638868	-0.0627691108690524	-0.00201541980900216	0.0790459989465063	0.0101706403181645	0.0492309727477422	-0.215045953959183	-0.160469525349639	0.0653323456018901	-0.105267919190728	0.0485854916682759	-0.0366825192189753	0.0367298966656606	0.0918258907285167	4
0.0413339813585638	0.0496150665774928	0.0163861639830815	0.0342200813254758	0.0110662760741599	-0.0141475631960248	-0.0621372026092708	-0.0426678928210696	0.000897569795658358	0.0961339794628041	0.0190104745240619	-0.055907659535624	-0.0199194050744177	-0.0464655966467506	0.0216349861269177	0.0116688651450262	0.0135807517042399	-0.110853624108756	-0.0829778941220334	-0.00171374595038004	4
