"SV1"	"SV2"	"SV3"	"SV4"	"SV5"	"SV6"	"SV7"	"SV8"	"SV9"	"SV10"	"SV11"	"SV12"	"SV13"	"SEX"
-0.107957856878391	-0.0151045443701478	-0.00692314139199593	0.105490761017692	-0.00197392447196519	0.0408134946364818	-0.019149999535399	0.0423830945808404	-0.0147065034105068	0.0586419256398104	-0.0335863874305091	0.085236769831973	-0.0768365169023921	1
0.0509295176868038	-0.00649735700486076	-0.162371404831588	-0.0316963783376471	0.100746432552969	-0.0220152918617307	-0.0497106461527902	-0.133364591655791	0.00184141460742988	-0.0181576997212097	-0.0391563978658753	-0.00705900075280445	0.065889529840077	1
0.00266317460734955	-0.0153046367305682	-0.0503324702966971	0.107071918636762	0.285487081642205	0.0545105208944038	-0.126497632960299	0.182397762035015	0.0543954330982196	0.0148174437942695	0.240654075897741	0.042292708458455	-0.142079169365501	1
0.152403618444552	-0.00266636809348264	-0.0505368198382849	-0.0205135737018599	0.0803577125518392	0.0821812978191019	-0.0786355427872225	0.0180331513145095	-0.0258586914241495	0.0126083415769296	-0.109502568869034	0.00753359365211079	-0.00821568706161438	1
0.142363650008332	0.0912031367336644	-0.0752297950985122	-0.00806138818735513	-0.0865567340819896	-0.010817727829155	0.021818068483681	-0.0217452124051871	0.0479745802101082	-0.061244629938367	0.00414880499317985	0.018965201121034	0.0188457732422946	2
-0.00439478607868232	0.113025653115216	0.100510001636753	-0.14977535646641	0.13316601151997	-0.0745023924907512	0.0291124195720305	-0.0812801743885685	0.0480510553427807	-0.0825635831585074	-0.0330927752969828	0.0374569112160452	-0.0425775852159165	2
-0.0543180787617477	-0.0789445443568943	-0.0279250968274523	-0.0348742178428752	-0.0295863603444456	-0.0204027183431451	0.00507872833265442	0.0379940896692541	-0.0211576948754634	0.0325304726946407	0.0441650380511265	0.00895078867691809	0.0170197550473517	1
-0.0228471396540205	-0.012061857875768	-0.00701949599981463	-0.0130923422683596	-0.00407225582974834	-0.0775153656900301	0.0864146144929087	0.126889804711322	-0.0128090358395227	-0.0366380440674013	-0.0179963908610436	-0.0415185651435992	-0.0111258144288663	1
0.0275589909158608	0.196578491066692	-0.0312215825481434	0.0519033345973479	0.128283673188783	-0.115710080552359	0.178779821324734	-0.00944156756088205	-0.0345459674532795	0.0339834649316343	-0.0577454614662425	-0.0613378856710413	-0.0165574991519171	2
-0.00178317860525707	-0.00186473545844768	0.0167313170081822	-0.0207220092303705	-0.078098185065058	-0.00551509359946561	0.0346919617144295	0.0922675588044746	-0.111852203096849	0.0416254816592838	0.0842093667435265	0.00277260406305074	0.0800933578805139	1
0.129127589206751	-0.0547621590173366	0.0503277546773023	0.133389993999913	0.0366503987739302	0.00904008747880505	0.146081454122336	-0.0439511735135638	-0.022742854518146	-0.126765179649181	0.0413765770372629	-0.116352198935891	-0.0582036082258336	1
0.0870082200068412	-0.060756633172323	0.0229921444733116	-0.0636298605365616	0.0229198159811757	-0.0749131300918314	0.0249116704510745	-0.0131726031928331	0.030131600163581	-0.0342246144019746	-0.0487541904709192	-0.0374737171169507	-0.0177027532223722	2
-0.0570065111550711	-0.0288816371955949	-0.222657718772378	0.0198636251644345	-0.009644087544181	0.134869253805017	-0.140013393054435	-0.308199361752553	0.0616658445077999	-0.112051306983875	-0.0647752362159512	-0.00168448055286453	0.0175123183643014	1
0.00587998643686101	0.134227188046744	-0.122358944660627	0.018935967677328	0.0725618531523446	-0.191205359397509	-0.0970670102431075	0.0206068030835564	-0.0935201703137398	-0.0583734407539139	-0.0266143206764091	-0.0217888969100744	0.141614257012581	1
-0.00990627153844834	-0.0415987058013581	0.162483970340188	-0.152412403792603	0.104655661939851	-0.0454508982496687	-0.0559441494732622	0.0130622975314976	0.0319280261437806	0.00727956130690705	-0.00136338330167998	0.00283977891270523	0.0436695477812875	1
-0.0587803063737505	-0.0485378537632324	0.0214319186373339	-0.114048030114503	0.00802137047260787	-0.0481151605357237	0.0329106764424962	-0.0491957835722131	0.0536985062503113	-0.0853537951492841	-0.0610565690196823	0.0639239652372303	-0.0130110005822227	2
0.107524703603759	0.0578195241489663	0.0174404812382542	-0.161813920597462	0.004194484334288	0.0978961270154131	0.02526400456125	-0.0757852958122841	0.0824052497042014	-0.0432786586583782	-0.0520946099529611	0.0518642926531134	-0.0181905629595874	1
-0.0397354071950296	-0.0518801327658387	-0.0768876886480346	-0.017252350215178	-0.0443962897583849	-0.0766920570824928	-0.0562708779364543	0.015181953619141	0.00448100317172273	0.045078291340713	0.0224571470696846	0.0305500312739851	0.0325928373037553	2
-0.0651365495790119	0.000546590554481647	-0.0765945734178881	-0.0714864744071191	0.142870275769571	-0.0466630136886839	-0.030368189990494	-0.161159459690054	0.0384322224872591	-0.0329127644244385	-0.0948724210102724	0.0285293129433008	-0.0641420105669426	1
0.147051074443538	-0.0746423276966981	0.00777792826320455	-0.0634523878387733	0.0125237413975868	-0.0177460852994302	0.0497807542060391	0.0375108188395529	0.0548418859908597	-0.0194837357335961	-0.0469562235468422	-0.0696435232149986	0.0322629166169201	2
0.0592820725015788	0.00433370069399238	-0.0142567817370093	0.0803042467543795	0.111490136957423	-0.00537108959584799	-0.0883744123568303	0.0673282577374323	-0.0310250072794479	0.012992116441902	-0.176327149256685	-0.104048247988201	0.0193654227092862	1
-0.0544871503881439	-0.0845688800220457	-0.0203763241071476	-0.0100408116001792	0.00181803775230737	0.0228021741029787	0.0433393219705737	0.036945462038896	-0.0761132409103861	-0.0312343044415523	-0.0851802483909191	-0.0376131709623384	0.067793074602386	1
0.132836774789254	-0.0959288625360618	-0.0314612632800213	0.00612328228989522	0.0897516591435854	0.123493942760172	0.0574710002344961	-0.139375072065539	-0.169662876989368	0.190483489109808	0.0461573115272769	0.0713799520138607	-0.00490679001026154	1
-0.0186473319373768	-0.041678435066374	0.0774507658386883	-0.0989199287122561	0.0638044652995897	0.069243219079572	0.0158205975524428	-0.0116356123910906	-0.0182490777978026	0.092844029879169	-0.0369157755228295	0.0758538134860998	0.0109400245886209	1
-0.070883717786188	-0.0607162683152296	0.0440911225745886	0.120724418774451	0.0852798948337925	-0.0161893971502821	0.0966859136175263	0.0109172289427709	-0.0550858121378736	-0.00458375646818819	0.0191330142119892	0.132677445105774	-0.0342368597434679	1
-0.0306104045414043	0.0269774645585667	-0.0378992863924257	-0.0451509449363116	0.0589774449494351	-0.133101424249422	0.0636055249159347	-0.0361309646556665	0.08330852515152	-0.0647821234411042	-0.0584815475209127	0.0216360454263743	-0.0495980490970787	1
0.0108810039457663	0.0567563553716547	-0.135976661037777	-0.0507043363744107	-0.0620029708027831	-0.0831832726190353	-0.0147776492205357	-0.0697725646124438	-0.0476448460690042	-0.0378053356154147	0.0369896431071302	0.0155168711939564	0.0932817305498741	1
-0.044040725710292	-0.0976673592552982	-0.0200050987151419	-0.00649446879911387	0.048492493645085	-0.0747751200462123	0.00624847019414366	0.109089702773676	-0.0551389034219408	0.0548056304578663	0.0574112670506504	-0.0153945848784516	0.0693715597811776	1
-0.0986707038850222	-0.0265044575096187	0.0983812228347731	-0.111398644557798	-0.0309042964315556	0.00601739955538232	-0.0637807373177844	-0.0623719939190937	0.0949508626124421	0.0907944641468423	-0.0692230057581883	0.0466579734693006	0.0239319476562651	1
0.0424091507441257	-0.071823871705725	0.0599908868277884	0.153814210495882	-0.00501242941473145	-0.0209480872135542	-0.0230724945893011	0.00791966068351881	0.0193328417337106	-0.0844950734858787	0.0568178790528121	0.298998647015799	0.0699124689334094	1
0.00443309658008915	0.0281370255414791	0.0787652167936121	0.0441330956983212	-0.0792585734620975	-0.111119710226281	0.0366382110911145	-0.0207024162414063	0.103821098584735	0.0267116286443309	0.0191479646631224	-0.00224629881252646	-0.0352621962813416	1
-0.0652192860082786	-0.0511639302802286	0.052631971819209	0.00946971511453832	0.0487215355001537	-0.10117801355972	0.0389528374847828	-0.0770420673218313	-0.0222694942060694	-0.170447765111185	0.0478068438740493	-0.112009967209925	-0.0659255533034161	1
-0.0553770574387935	-0.109394330055236	-0.0646310776465711	-0.0180211173437527	-0.0271821580303979	-0.0948838424143778	0.0491112128768702	-0.0595157440414881	0.0321474909393778	-0.0298927060502951	-0.0198070058950761	0.0489051040417684	0.0262196579976945	1
0.120865971788946	-0.0683161343872186	0.0404637186081549	0.0837686329603687	-0.0348418997752626	-0.0720974276523769	-0.00169136668447843	0.00198231821109533	0.0718931058330723	-0.199269264839894	0.0662195772671832	0.229607900281872	0.0851688196309093	2
-0.0115245036559698	-0.0812473733764804	0.0872482217646688	-0.052203382223869	0.0141033640514933	0.0656491664619582	0.0151701603967348	0.00688202621647389	-0.0168926972876898	-0.126354632896938	0.037223228669258	-0.0476219613768118	-0.0268386020790456	1
0.00256012731017131	-0.0018524343088869	0.105204708727556	-0.122444987773961	0.0557884723309857	-0.030367021326137	0.00351016266709146	-0.0275847633684227	0.0203777624345091	-0.00231571282871546	-0.026745545794174	-0.080708145696707	0.0170442664748077	2
-0.0923336662116192	-0.0575232736133939	0.00293123512869036	0.000169022813218999	-0.0147183316915952	0.0179219881301764	0.0240806417125873	0.0809116202714606	-0.0660623008964954	0.058860584913608	0.0101774846444645	0.0536540498580576	0.0307786500939553	1
-0.0264720122653671	-0.0652126923211523	0.0424860726154225	-0.0190245004589912	0.0274763608934393	-0.188342035963392	-0.0702694391789886	0.0892852903660351	-0.0476606047835917	-0.056135323284889	0.0349556367792035	-0.0405605778514924	0.0698862326002319	1
-0.00972655192049813	0.104392424486712	0.0199036743109056	0.156789311134207	0.103425346573469	-0.159411195095045	0.129431998064665	-0.105111805347614	0.0297005351484209	-0.0880425452940454	-0.0926546843933667	0.000106906518098827	-0.0683726755028898	2
0.044028244322062	-0.0594620622084825	-0.064681532714798	-0.0462415273973735	0.00279577657541859	0.00604072185220633	0.0220921850787973	0.0324818611759533	0.118516377845676	0.0730959514946829	0.0270071618319057	0.0077584326337414	-0.017529738527045	1
0.0285869010146751	-0.0303837824718915	0.0603821139871535	0.120590600181537	0.0201167055378064	-0.180730258993683	-0.0206142104252525	0.0360945622030743	0.0107797100278651	-0.0153973669840742	0.0452132659900715	-0.0525793557988813	0.016537259733469	1
-0.109042859615292	-0.0658767596199528	-0.0313485291061061	-0.0293943231045174	-0.0354628135193345	-0.0231299424607025	0.133645235224009	0.0609927824465429	0.126425127907199	0.00466145532774875	-0.0268736168141048	0.0465961939785266	-0.00524210654427153	1
-0.0772122890069318	-0.0940474435718105	0.0176608240784802	-0.050849667458731	-0.017963452090327	-0.0683800955190099	0.0341178445746653	-0.0021097354236945	0.114680242718914	-0.00257908734264029	0.0233494385131467	0.0252797225386114	0.073831259560947	1
0.113866389765876	-0.0402111849499929	0.0434515042869648	0.0256919125409618	-0.0149550994334604	-0.0899837238090823	0.037362080842636	-0.00795070457928608	0.0744878250606884	0.02877276460785	-0.0871766741658048	-0.0699918708567198	-0.0343689251735912	1
0.0792682192208508	-0.0682258684197017	0.0768736591242099	0.061038057131238	-0.014262317088812	-0.0361514474266858	-0.0164985582204696	-0.00560760455162532	0.0487649336044584	-0.0977136181307175	0.0354989816475096	0.23859217185822	0.0821531278009348	1
-0.029513878472927	-0.0817327756538424	-0.0778926064642178	0.00880250201316569	-0.00563048641563662	0.020673473405856	0.0085607224071437	-0.0133855166735757	-0.0910024308255391	-0.0765815258117689	0.0195199522246896	-0.0911074023873554	-0.101843867283767	2
0.101085996726836	-0.000113793593511921	-0.00960369347804166	0.00894030544310894	0.058510466986978	0.0740051750815828	0.0338006220569782	0.19138228314885	0.11236785502963	0.0107072179806247	0.0212437458554295	0.0132722397797779	0.0200672624837302	2
-0.0691443757247195	-0.0600406545225385	0.00759662155268016	0.00406200356822122	0.0110928241594165	-0.0238550749505599	0.0150043827660952	0.0579139039792331	-0.0212233904343574	0.0147139388704497	-0.0535637089188943	-0.0271224059389617	-0.0170850542129539	1
-0.0668215306426472	-0.0633311584196555	0.0112150800140196	-0.00768549858202611	0.0704587080862174	0.0160223531429288	0.154412105639566	0.111149968792506	-0.0309566540584763	0.0139006435528268	-0.0517988592474941	-0.00911727711144494	0.0436985199814792	1
-0.00878564393772197	0.0237748767142602	-0.0710610226714172	-0.00299604692309196	-0.00379236571889807	-0.186087218691059	0.0250231048110989	0.00465977660715081	0.046921864435552	0.0369397781067289	0.0448105796405637	0.0812316132825355	-0.024626855237114	2
1.5798285826137e-06	0.0744085090156199	-0.0400373525645077	0.0809059085191925	0.0783764213699232	-0.0339774223003217	-0.0590764226446751	0.00342589671432205	0.00693372161146049	-0.0385839876583343	-0.203155775470134	0.019142243611939	-0.00439928447771876	1
0.0184815885034057	0.00411274617942604	-0.102816909556017	-0.0378245143616255	0.0465210271987695	0.0441030066400416	0.00193642194754583	0.0778105750168326	0.1043858539422	0.0556168766372595	0.0572165017437013	0.0131911690864688	-0.05756854549616	1
-0.117565287295199	-0.0346719395790887	0.0494863569017835	0.00602807022522577	0.0195532364254075	0.0733860213598939	0.0311218446008471	0.0342489708355292	-0.0448293142054382	0.036105652922166	-0.017865952912544	0.0318396315240424	-0.0424802137462819	2
0.0622767233639435	0.0477047279757125	0.106421312737426	0.0920832396378354	0.167894981446806	0.0188119404532383	0.0482332113392504	0.088503209765739	0.0372633383190488	0.0750105380146558	-0.050278423772516	-0.0640619747756721	-0.116868822188264	1
0.0602691443374211	-0.0357289952270393	-0.0416921204457346	-0.113421914797215	0.119003987643488	0.0458573023284296	0.0455734103696705	-0.183288641586733	-0.257885502312955	0.10145918689582	0.101611660779884	0.0899341594087202	-0.0350001539288088	1
-0.00470119554946845	-0.0223954854074693	-0.0737572319944849	-0.00603860615375155	-0.119284435628818	-0.0647507086892013	0.00131561884305676	-0.0550740266101595	0.0324360978881724	0.0263895256423026	0.0659323018024492	0.0193230067239851	-0.0655759210238667	1
0.00204018186445474	-0.0304904218490575	-0.117839600032067	0.00836022736676976	0.0545117091550152	-0.0198201246856977	-0.103590063640602	-0.0668585873347139	0.108914445087916	-0.111362848062352	-0.168174456095682	-0.0147380989701068	0.080801886937625	1
0.104269434763863	0.129907618060903	0.0525622660497533	0.141520672943382	-0.0789045746547113	-0.0387017501066976	0.0849619781611747	-0.116998272609144	-0.000692076814187939	-0.132169301805151	0.228209989731111	0.204783283421026	0.0282808113318521	2
0.234521678037076	-0.0873390640929467	0.073468108584433	-0.0318565498164532	0.0468366046768492	0.101761618241126	0.00241121726190276	-0.0833222609485635	-0.0238417541354407	0.0634096634780001	0.00532169172485724	-0.0627477990973787	-0.0389151547369096	1
0.0701010065905198	-0.0372391347322669	0.0631409960446778	0.00178035411824286	0.0156306831480205	0.0423129163993435	-0.0216690816286159	0.122225442421275	-0.0552353291796005	0.0857843565789901	-0.0673803360227362	-0.0197585487738777	0.0584878914114327	1
0.0469363763527579	-0.0436914647662742	0.0166524251846044	0.0428874979481297	0.0951969727203986	-0.0556578501213368	0.212937479883562	0.0348452812386217	0.0817824130016496	0.0564379177928689	0.00522164868357187	-0.0752948847271061	-0.0283198195628262	1
-0.0598834673562979	-0.0753890325877106	0.0169774870603116	-0.0868903497085348	-0.0260326528491466	0.00155480693659216	0.0112136627855474	0.0740929651821097	0.0420905563825329	-0.0314095129968801	0.0762985811545512	0.000161821700234811	0.0328250085839966	1
0.0681331709077231	-0.0735286591492273	0.137883263229117	-0.0455302660488452	-0.0688651590433532	0.0381201552831849	-0.0438108304842901	-0.0656955980267476	0.0849158335468722	-0.0082793900007798	-0.0191467802464941	-0.0367159442405795	0.0360086784204138	1
-0.110627253096279	0.0339696094989983	0.0522426348213515	0.0872370216821534	0.0335690607919719	0.00710760774628962	0.0299320081196339	0.0254494949879253	0.00611135899267305	0.0261312211280369	-0.0906647915220206	-0.0750763851707901	-0.0212895002437555	1
-0.0314359809135717	-0.000486372492468664	-0.122092483299371	-0.012219994223318	0.067711106234369	0.0169941649249189	-0.110520260248517	0.0088072427005941	0.124578233373039	-0.0313828183129304	0.0402973448375825	-0.0388131393564789	-0.00299727759166782	1
-0.00997316745354218	0.00333278379815423	-0.09956592350101	0.11956812497842	0.325142454355661	0.12089761154705	-0.000105981554121394	-0.225200255784657	-0.0383897554588486	0.0801318832120479	0.127311369914444	-0.0617345490757875	0.623835781549369	2
0.0344695348440429	-0.00992681608347776	0.029993275643597	0.0879591668932845	-0.0576246709486231	0.00402458557639253	-0.0138898275404816	0.0678657931032248	0.0151588407919979	-0.0740980593765182	-0.0762132587594593	0.0975816046687319	0.00910875915644677	2
-0.0454270327231746	-0.0578636472723731	-0.0426569116589304	-0.056655689460884	-0.0793920096044768	-0.069722662106002	0.0454346537647739	0.0765803011596071	0.0651265186560876	0.00198799905845355	0.0906136991209979	-0.0313697442739028	0.0741060946741831	2
0.0322058964008254	-0.0387203968205716	0.0313567214330162	0.0206291716801871	-0.0377698506443674	0.0743855651206074	0.00284026229187501	0.110937626905872	-0.052173217398463	0.0213244217092621	-0.0216575357490569	-0.0916365111379624	0.0280684082696956	1
-0.0577908483728062	0.0508074645502444	-0.059780200615652	0.0950068827013737	-0.0294568812169446	0.0712253692403686	-0.145430978283821	0.0542361703138017	-0.0439710877236971	-0.0887627012650306	-0.176371103082906	-0.119769777548751	-0.0586515487501276	1
-0.00394778867282478	0.0313319451308692	0.13449745470775	0.0539836962902527	0.0377756072461705	-0.0195031899084808	-0.0494476914580051	0.0259201462151331	0.0139857744035695	0.0140202838330285	-0.120721276492227	0.0195686881488237	-0.0333477230224236	2
-0.0576262906161694	-0.0207364194147295	-0.0620339361351424	-0.0094921456794883	-0.0463029601392095	-0.0598301631570112	-0.0203043533866327	0.0753079838751705	-0.123407728016837	-0.00373698959942488	-0.0182434120753277	-0.0608520909026859	0.0724898335360052	1
0.0144457023329244	0.189230732453806	-0.103959262121943	-0.0287697732027764	0.0267017927861022	0.0345067974559271	0.00207661601890968	0.0835810530587042	-0.135018322322511	0.0894127044910261	0.00136919692574675	0.0283768231411916	-0.0393481817706976	2
-0.0656553670830665	-0.0923252752541523	-0.0178829256358282	-0.0010859632950561	-0.0994830345397575	0.0702214128064334	0.0281323814029692	0.0413821520199321	0.023691981087013	-0.0154284168987958	0.0816383632376939	0.0218488327977502	0.0174646732224226	2
0.0395293824031095	0.122155408504474	0.0579719831772372	0.00691888722894533	-0.0360539586887114	0.0686996127104534	-0.0225825630792849	-0.0496520244170014	0.0179580785302337	-0.0236925912878335	0.0900015898716206	0.166166650521457	-0.048843197072404	1
-0.00321469033093389	0.0251514151766024	0.0497973923786571	-0.0518888213304063	-0.0836017938645156	-0.0248801489645537	-0.0627743783425846	0.0626254538632119	0.0407493789866774	0.095612833753211	-0.0220374336978297	-0.0139141422040564	0.027438556178475	1
0.0331657392207125	-0.0576055800248065	0.0996018767977864	0.0728069809447754	-0.0270128593712934	0.0585740358215446	-0.105150478031551	0.035155565741077	-0.0403387545595447	-0.03653641343764	-0.0769119259914408	-0.0351746865286632	0.0168407795811969	2
0.107372706134229	-0.0139056253665904	-0.0138057033940566	0.0272479277903751	-0.0175251983119144	0.0927685844059428	0.0389718879332922	0.0275613430259911	-0.0871300796718444	-0.0400404435849466	-0.0130557592958647	-0.103356628301223	-0.0459116888825437	1
-0.103723934261096	-0.0581847236090937	-0.0157088268529544	0.0938392907534531	-0.122801339619926	0.0886003858972615	-0.0628921324054414	-0.128032853861162	0.0820201201033025	0.106125240308553	0.0120648278360076	0.0257640578623673	-0.134835849146763	1
-0.0727323926789345	-0.00372997245911959	-0.0444756909044994	-0.0921023913953813	-0.0643349838196904	-0.0464610869464552	0.0777281949571637	0.0631319647553151	0.0543798455298973	0.00333408819846494	0.0528744950330766	0.0187819707898377	-0.00185381044148104	1
0.0108747754522532	-0.00412796818774904	0.00866445389878292	0.0297619924904589	-0.0672925621401637	0.00792132096585566	-0.0896140299607988	0.124249316300423	-0.128014391715533	0.0601684691917996	0.0375811773750982	-0.0630999590245866	0.0364922431039843	1
-0.0462589479483818	0.0905218110443758	-0.0318993935515253	0.0484969566571475	-0.0724870268929271	-0.075150179445717	-0.00090032861627848	0.0559347262142054	0.0851633260983681	0.040606940110829	-0.0486345723740958	0.026841504831852	0.0263527095872395	1
-0.0609627929730886	-0.067405780036568	-0.00715415032492859	-0.00523749913939687	0.00542352654896297	0.0110122637059912	0.0622900341407517	0.0501511035211812	0.0173754060254353	0.0307065109091777	0.0514568322830201	0.00756902602014286	-0.0594782865506405	1
0.132264090025506	0.111395412313457	-0.0550484907628503	-0.012527876281421	-0.0953072201497702	-0.00329850946779171	-0.0299693801828007	0.0857569559414745	-0.0288420788280507	-0.0833087281033318	0.0598092945392599	-0.00637302550639121	0.0682036329774741	2
-0.0708808202525528	0.020972989857138	0.13852037197013	-0.184181611890549	-0.0205766728003478	-0.0169925186734583	-0.0926707039588881	-0.0899190610408441	0.0641396351907443	0.0416027069878304	0.0206179029837276	0.0253098342513862	0.0194054508813178	1
0.054410727944735	-0.0361650733257316	-0.0423214585217048	-0.0316086742646302	-0.0349893543381094	-0.125132251328906	-0.0781284582413938	0.127928223451624	-0.00499496855322989	0.045628271379305	0.0522538585507491	-0.050046702745459	0.0929242375694941	1
-0.0403231405734958	-0.0754677375648666	0.0572098479522306	0.13673098162611	-0.0489484550713745	-0.0162347961824414	-0.046042572560301	-0.189829338405457	-0.0640272360050229	0.122081708921115	0.0328688324038952	-0.00636154643521725	-0.0659917432361677	1
0.0495900663981169	-0.0357805752286031	-0.108069117607221	-0.0244649565050105	-0.0335500504612213	0.0720975035372183	0.0197442628376962	-0.0973441041376979	-0.18664370764031	-0.0782296022148616	0.0100562090391942	-0.0624701014919483	-0.121857215991317	1
0.0519633027642808	-0.087599004356526	-0.0336541559846722	-0.014859703677509	-0.00654975608534892	0.0502525467447839	0.0234252778712367	-0.0112858227069315	-0.155366163648111	-0.0410291251755182	0.050983188430741	0.011169397437796	-0.0211946118872706	1
-0.082212818205403	-0.0395481157073938	0.0193047885457025	-0.0576358081027803	0.0174320194585793	0.00375911857884724	-0.0331426086179845	0.00909698671585947	-0.0529107426762611	0.0766925115125761	0.0283018620042512	0.015502364325649	0.019012326086735	1
-0.0597967178668468	-0.101984674759141	-0.0818232959682657	-0.00652817381902455	-0.0336872905198797	0.0397929051457072	-0.0102837948469012	-0.0579255931096178	-0.185260050024622	-0.0955509055319258	0.0339403924547778	-0.0905078944288232	-0.0526482642998244	1
0.0588561973900888	0.0402177767310264	-0.0337938282378185	-0.0288579552889218	-0.110120520380161	-0.0393883929664863	-0.0429438603388611	-0.0174190725947681	-0.0583473671287559	0.139042231550141	0.0848037307151219	0.0223049744340916	0.0178519906685148	1
0.086041845720816	0.0607731258421664	-0.0474867183623137	-0.0100540000673032	0.0527748008288711	-0.0748076487787189	0.148396263675489	-0.0953049799212584	-0.0633914518159822	0.0545956259275993	-0.00120971374902445	0.0341221715229921	-0.117970046464356	1
-0.0990587081380831	-0.0186298401534428	0.0714447912957735	-0.114598655595711	0.0395865476856177	-0.0389808797083501	-0.118170458163449	-0.119577447853447	-0.00356911149234017	0.0631916714413198	-0.0323653790837268	0.074981494846484	-0.0227034447021395	2
-0.0748393793258615	0.0314542425335069	0.0434879920803997	0.0267591985776964	-0.0120158484648491	-0.0821334423059468	0.0729819610605477	-0.012542097504279	0.0604607384636135	0.0726900148680899	0.010761355832141	-0.0772007067914626	-0.0328518681469233	1
0.039178202643105	-0.0585848605446433	0.0382587228584379	0.0358498338335108	-0.0712591987629154	-0.00742448286752812	-0.0468326558086214	-0.0304089746445915	0.0196188470483592	0.133775673492604	-0.0626196715967948	-0.00165884784979909	0.0175366804233714	1
0.195271233074895	-0.0291173138417346	-0.0225236821153483	-0.0275889100288855	-0.0356017689657002	0.0230846334615725	0.00728040100520722	0.0806579323249697	-0.0289278174157663	-0.00380396973539626	-0.03201895957859	-0.0737886902395573	-0.0115144556829246	1
-0.09498297720342	-0.0523829889126679	0.0748581978509273	-0.0947399883745972	-0.0340008844529969	0.0571780873039756	0.0840594880970657	0.00130876982421835	-0.115281115341082	-0.079273513228152	0.113715449939664	0.0178944118551536	0.0804105511016201	1
0.0284062185664841	-0.0929544924323829	-0.104503724181163	0.0551716414715008	0.164927590024289	0.157968327007065	-0.19584268078835	0.0908569103902845	0.084514149142628	0.0306246671256943	0.345479668771237	-0.0681453429857786	-0.208487942203217	1
0.219871964199329	0.018207722449536	0.0335561208300546	-0.0330700845490658	-0.139664039769682	0.112570307130053	-0.0133178078679154	0.00404479175385209	0.0964622920464719	-0.0188386793462113	-0.0092307997208037	-0.0463253900370982	-0.00997654373078745	1
0.0772352812513019	0.00644877675720057	-0.0578813423544867	-0.0403246379056231	-0.109040884104253	-0.0163680166310437	0.0340770353559098	0.033278511322204	0.0277249184567913	0.0611762885897175	0.0174788072019298	0.0129015760321594	0.0157552243980058	1
0.104254482905099	-0.00695987959420322	0.0552668570573177	0.0840920510670439	0.0134226723735306	-0.0448911217490689	-0.009054866128214	0.0499751275994214	0.0226972456682705	0.0240070961018233	-0.0470058947120824	-0.0846248903082706	-0.000346254935067515	2
0.024126614804996	0.107228535154009	0.205517273460899	0.0737957149442997	0.0203067584316743	-0.0127986911115198	-0.0292448031945354	-0.127067939689619	-0.126439447008789	-0.0223391737825717	0.0748221702720726	-0.218822884779884	0.00959228629026906	1
-0.0270299972256658	-0.0645257800052052	0.0658060166430385	-0.0665583995979712	0.0143718101337524	-0.0585565498358889	-0.0438194711597084	-0.102130688559457	0.0755909004383177	-0.00749987900330049	-0.00287605983429677	0.0306350876739909	-0.0453414552181579	1
0.0554453038149984	0.0140688960763078	0.113817604659788	-0.132962634615499	0.0325564113731146	0.0701486646557934	-0.0319012270381762	-0.0137454898303175	-0.0274920893441618	-0.11068928041897	-0.0336049624097653	-0.0698504682264781	-0.0348108797404356	1
-0.0636582528681459	0.0324056677893125	-0.061828798287276	0.0191113510575369	-0.0607071754356644	-0.0731412931193593	-0.0272259078712505	0.0166816009764467	0.0382607969617944	0.0618160424494353	0.0150908664901628	0.0246561447624351	-0.0579297230561481	1
-0.0668030059057322	0.0101297464291958	-0.0276583919733382	0.0402896453182197	-0.0128896264351727	0.00047996335383355	0.0824153958849531	0.014567889533543	-0.0382274538498152	-0.0546946491219779	-0.109818195492157	-0.0538236118994063	-0.0437192036257267	2
0.0301234316984071	-0.0834436873309164	0.0582124633796069	0.0607368343340031	0.00989324231778059	-0.0742118130485185	-0.087702611577202	0.0779105106604146	-0.039447348197024	0.00789276132675882	0.031188156266781	0.0150908793353161	0.130766135789373	2
0.0771451027541709	-0.0278588018716057	-0.0668505924859628	-0.0399417300829801	-0.0506191725649726	-0.0698345043772864	0.0336010419944561	-0.0075831664664864	-0.0434209362910589	0.0370194116142951	-0.00813005025757731	-0.0176658902266598	-0.00858393365433869	1
-0.0125206645246177	-0.123090451055253	-0.0506841389961199	-0.00390650593936568	-0.00914639542371771	-0.0207499967480672	0.0963658546510184	-0.061952141197004	-0.0333879873934192	-0.106037561875344	-0.0207189224186192	-0.0326788797780603	-0.0469325569201797	1
0.0408771459914887	0.0653146343824271	-0.112842993349953	-0.081688204887211	-0.0441816912674266	0.0162704667264138	0.0227677720749477	0.0546277630808136	-0.0141678424025363	0.0610247280696349	0.0800147490815323	0.0136866855746623	0.0531049275855019	1
-0.0101921137386068	-0.078275843154757	0.0341093382995072	-0.0380589325481892	-0.0352202857728306	-0.00830569904112797	-0.0645062876279062	-0.0716191482578163	-0.0325935655353634	0.122640043123027	0.0247837700741011	0.0277136085819955	0.0171859370226563	1
-0.0113508380240824	-0.0563491058717451	0.10314710586095	0.120376534655836	-0.00271476605758112	0.0271896917148032	0.00539704439894138	0.130416104313019	-0.126510044442494	-0.047479708886081	0.037698045959823	0.0181776483641122	0.049437899766302	2
-0.0668137344504811	-0.10204187973752	0.0716482646953103	-0.0778939302622447	-0.0419766531175393	-0.0087080507588472	0.0255673565114244	0.0399182108364548	-0.0658120851567984	-0.116226078123579	0.120373426701636	-0.0718633788309575	0.0701307735297449	1
-0.0234195818481694	0.0595296614485752	0.106028726883832	-0.0513268998888294	-0.047771852998335	-0.0771393707924659	-0.0804313767342104	-0.0965134646711133	-0.000279035093151941	0.0255001477440246	0.115504570323674	-0.0250498537007229	-0.0467552777372187	1
-0.0498768632492337	-0.00846709307718456	-0.00661274967314807	0.0891183215577521	0.0350177754686939	-0.0457052189080049	0.0230091913678454	0.027240833596927	-0.0215222604562551	0.108042906745203	-0.0344829126484816	0.0637210183530254	0.0161133296453826	2
-0.0250422105786743	-0.00493397108962557	-0.0734834424357909	0.056456802603953	0.284983788798244	0.0385972559356441	0.0260826875748455	0.0825331226738081	0.197980771265908	0.0577966204773681	0.109869453771672	-0.0831952147749031	-0.0634242411053833	2
0.151270413511915	0.0740627273218538	0.0194776082778669	0.00815434162231961	-0.131929698049739	-0.0316574608875884	-0.00300518308587335	-0.0327941415374728	0.0261183390203487	-0.0472670377969089	0.162386643004091	-0.00595131819851155	-0.0403097109123174	1
0.0453523869511755	-0.0617587620530775	0.0721361694983901	0.0539925939187682	-0.0856749055511107	-0.0670349980548541	-0.060748814812283	-0.0268330414566052	0.0468940392708886	0.0877375919731908	-0.0259394205726821	-0.0875531226726737	-0.0107795207508534	1
-0.0947421197613214	0.00210432584306997	0.0756451658010491	-0.0880988780862555	0.0153864359208002	-0.0631228255355811	-0.0167357892638509	-0.0287624327184948	-0.0539013258146462	-0.0459685320625821	0.0998630227127583	-0.11187406733567	-0.0609657755186478	1
-0.0577942452260531	-0.0538685956032587	0.0434418042814678	0.0202237331742967	-0.031659715761138	0.0160264749149537	0.098485314880986	0.062317813345077	-0.097776751631037	0.0425914850928416	0.010507575336592	-0.0823482280858997	0.0522784853416623	1
-0.0179779307083354	-0.053039223024606	-0.01807973135687	0.0336323079651168	0.0719197941143134	-0.0750910805112359	0.19376126170747	-0.0202635382980001	0.0638355759909564	-0.0300822798757962	-0.032524449174859	-0.017024233097797	-0.0756682252283119	1
0.0269256440440745	-0.0555851870602167	-0.0327626815005741	-0.0329449213708175	0.0061729997501366	-0.0460769036905431	0.0491686384980527	0.0138983558878273	0.0435456138437916	0.0133274931385985	-0.0229871777261134	0.0128550471515572	0.0176368861670636	1
0.111789262940474	-0.0638879406731963	0.0608878644927902	0.015683239021058	-0.0694627869555535	0.0213640111675709	-0.00359501998196596	-0.0454624285133139	0.0908852100569471	0.0802146751727308	-0.0729094833216187	-0.0226529622498624	0.00723092357684988	2
0.0219825135056778	0.0823842552534065	-0.0971529487578464	0.00510149058295706	0.0379634825583192	-0.0617768416401598	-0.0992438442240064	0.0550989696894172	-0.0930721169347054	-0.020154307317774	0.00408637604238831	0.0072516750694487	0.0348096110267119	1
-0.0475986876893224	0.0433152644844275	-0.00531694138756941	0.116587170966649	0.0357007551751194	0.0265447636000146	-0.0741637301078716	-0.120899509390703	-0.103893809287048	0.270481761008381	0.00541216250786699	-0.0207450275732949	-0.0939277146057855	1
-0.0293938654605121	0.229529705279024	-0.127745180397014	-0.0185380023318267	-0.089131010465891	0.0883857323312291	-0.0457764986737847	0.0846517733593184	0.0478496516991088	0.0289810209193798	-0.0364786741803092	0.0671502582417006	-0.039293055252192	1
0.00904592391597092	0.0774647367015458	-0.0580597471506797	0.0287409434528527	-0.0411811603293869	-0.00114049191319247	-0.0482964297905922	0.0342070925029598	-0.0657023764852169	-0.0533272480485447	-0.121385971288589	0.00883369304088671	-0.0115623769698259	2
0.107961510911305	0.0708098189872946	-0.053952827284898	0.077025668315335	0.0670561135903251	-0.000774755118672212	-0.0774674738249621	0.0299215649597692	0.00917259038862198	-0.0961241771502388	-0.0622749605247971	0.240089619377099	0.0258275688015904	1
-0.0234790672359018	0.00624469841979226	0.0604134526261901	0.171268070390151	-0.0593400738339363	0.0312037917186054	-0.0685931759151332	-0.00604578746199812	-0.0235183095038083	0.0597808442967355	-0.0635373521529435	0.0824909158887165	-0.0516753001889601	1
-0.0694884290629777	0.011399950804205	-0.0679791794177527	0.024013818887834	-0.0667682803646002	0.0603806785679025	-0.0389010434884616	0.0243232250883348	-0.0533598643537271	-0.15590821805955	-0.105726152238032	-0.0359744365066343	-0.0994090687159559	2
-0.132811683315533	-0.0101861829776374	0.126690148603677	0.084437745220459	0.0121867999284501	0.291221601956099	0.1534052213366	-0.00135689954637939	-0.0239662449047931	-0.107797579538249	-0.0272811821788672	0.243757752316989	0.00911781234649841	1
0.115613360896114	0.173829545343562	0.0212409109705088	-0.0157474919253895	-0.117494060032321	0.276316039129141	0.0814461775682013	-0.0243084706030764	0.0503217559042033	-0.0309301354234363	0.0786521206815254	-0.107748298067721	0.0225666524031104	2
0.169910370071024	-0.0655000649096016	0.0998957951775395	0.0827955458992486	-0.0429977143333543	0.012321167227812	-0.0690336517027017	0.0245514279896667	0.0316694934289906	0.00800621532414512	-0.0422851830304523	-0.0721752308022181	0.0014352862468663	1
-0.0601310982473379	0.0336313341955391	-0.097895118338595	-0.0181473400486161	0.0139194886490974	0.125644686606689	0.166702397437895	0.00687992375942428	-0.000262319145669568	0.0357856003486736	0.0363953666509074	-0.128506608124956	-0.0576798946927104	1
-0.0714217350031093	0.0575303787570759	0.123887304977532	-0.0438040849696965	0.0350184496735125	0.174691128313096	-0.0653860034989335	0.0395015776497306	-0.081689172382215	-0.0573164620696026	-0.138624931614283	0.0251582410337028	-0.0763260038682866	2
0.0134753886294443	0.00801499535344175	-0.0900367422993222	-0.0213675543131999	-0.0317625776612174	-0.0292935827497051	-0.0271322549281131	0.0590555131769601	0.0685387152783349	0.0926824202971715	-0.0214796216167664	0.0582237663942001	-0.0114518345466397	2
3.02912491398583e-05	0.117188919133735	-0.0431578505972795	-0.0352966194076731	0.039500713615267	0.128944437191489	0.238798724082915	0.0674997824311438	0.142771832431245	0.114541972703091	-0.0630449357627708	-0.0188192915887003	0.0740014464956427	2
-0.135408932451703	-0.0125871456873071	-0.0315637722059217	-0.0261155497487015	-0.0588937923757277	0.223939631807852	0.150847256680579	-0.0431230850135563	0.135657943818945	0.106538047032677	-0.109776849772901	0.0207099450333994	0.0697143563447391	1
-0.049633088506955	0.0585737335619464	-0.0747926069506097	0.0376855886406185	0.0360785169421817	-0.0326604539831332	-0.180332627009932	0.055139776363156	-0.0220306335973278	-0.0227119786027164	-0.159546577084279	-0.0280582762168561	0.0212567229657334	2
-0.110971402286771	-0.040324957126468	0.0595223688243032	0.0692568533988324	-0.0600128097554445	0.0837909310020048	-0.0971031674013799	-0.0589941360778094	-0.0129682228709262	0.138963323457595	-0.0724237359369242	0.00865768260216858	0.00398896596213956	2
-0.04055478907257	0.0924707746047233	-0.10036366413067	-0.0485329035119098	-0.111917643293387	0.0522875452000711	0.0274739244700258	0.108703045128867	-0.00780870553603011	0.0725998225848889	-0.0250449815387143	0.0537345828063196	-0.0113585457420621	1
-0.00329710869386788	0.0624398677368933	-0.0749352159347159	-0.0186053417900739	0.00665488589559199	-0.0574412115875333	-0.0388446144417534	0.0450448515661153	-0.0974235623198136	0.157312055635033	-0.020678003225539	0.0693977589663412	0.0446361069503487	2
-0.0631211850569078	-0.0183751527119134	0.0822450249794356	-0.0336777215649419	-0.0184702317756163	-0.0497732581831692	-0.0569931912005666	-0.0238083437787091	0.0268673917804463	0.0369454562559562	-0.0177828392820349	0.0686783003645441	0.0241832332385822	2
-0.0562089450930256	-0.0510608306051014	-0.0486261513405586	-0.0395975353498997	-0.0995135910521874	0.0628728373518097	0.0732616080004093	0.0160012583092673	0.123700738107043	0.061998932445594	-0.00776654376335764	0.0153316824492244	0.0783926335142691	1
-0.100918621699275	-0.0360992579495559	-0.065643544375805	0.0628056224311126	0.103228567940677	0.104991541370193	-0.163861228685813	-0.0234514204605297	0.351665989630994	-0.106414438280924	0.173646654360058	-0.128567874378339	-0.0562762035672519	1
-0.0571486748366747	0.0761052505788624	-0.0697137136100074	-0.088151969696572	-0.0960564572046806	-0.0535122088833962	-0.0481224012164199	-0.0224244613873393	-0.0151379348660245	0.0701996657401838	0.100573104199302	0.0552161924492843	-0.0348041995598282	1
-0.0212537824897419	0.015044151401397	-0.0712459125906103	-0.00453380057898551	-0.0186812810548351	-0.0475014072646678	0.069663117777411	-0.0178500900813666	-0.0918409555161685	-0.0928920894707699	0.0470869698676162	-0.033362606843719	-0.0775086808401164	2
-0.0658678345203438	0.0710982031068739	0.0172996458264283	0.0952776371229244	-0.0481008820111081	-0.16114609300492	-0.0791574562021912	-0.0842873143309139	-0.00718952067133923	0.0433572747462835	0.11689637725344	-0.0859167069131783	-0.13066055948105	1
0.0675622165156348	0.0306597709025057	-0.00813082664030024	0.0602931533886943	-0.126433978692262	0.0290229612857877	-0.0855087211947131	-0.0570900766960291	0.0402639952616279	0.124540978089095	-0.0797173792254897	-0.020992613632558	0.0125965813497838	1
0.00491400027633737	0.138578238726977	-0.0491278487435071	0.102072229273372	0.0527551876262947	0.0319325137195495	0.112700288282534	-0.0234054938330873	-0.0504036321128936	-0.0316094125996899	0.0285142593892791	0.1634965182054	-0.0922921134216838	2
-0.0879763847581493	-0.0355383274335429	-0.0832859678558594	-0.0677042449825883	-0.0786410827085559	0.00538769911294454	0.0247663208057062	-0.0309738988228338	-0.0158869041535587	-0.151231354190517	0.0142361383503422	-0.0344554352309774	-0.0276221355154277	1
-0.0721682502666902	0.0221645145497583	0.0559991412847844	0.201318931471154	-0.0158620994358251	-0.0688151238362126	0.0243858553442946	-0.149180774227506	-0.0159198324316189	0.103914538725961	-0.0184309921583855	0.0559866387403214	-0.0982342812151101	1
-0.163874928197571	0.258389382352878	0.183589451526005	0.255333699390624	-0.16958045622632	0.0370269439022541	0.100500935952054	-0.0815859463322936	0.113670849878578	-0.0588062512176335	0.098306827499888	-0.233317137521981	0.265691315081291	2
-0.0646927878244912	-0.00474589800073844	-0.00396524704732859	0.0634676055625162	-0.0286364514921744	0.072711574291366	-0.0843714122697926	0.190683766881247	-0.0555686905386738	-0.0868952466003135	7.50397493974444e-05	0.106216917845911	0.0257644495422595	1
0.182844147533728	0.030024148640804	0.00556491518040586	0.0349178198727997	-0.0753712789351886	-0.023573831349859	0.0407102383693593	-0.0721683701359051	0.0551551797652117	-0.00575005555167972	0.0323125478088063	-0.0235790904004282	-0.107419480121554	1
-0.15293810878784	-0.068026808165681	-0.0279635747005763	0.0723381738926386	-0.0585054414986638	0.0938272758240804	-0.073092905505579	0.0422400773365593	-0.0789741369401075	-0.175933299115109	-0.0184644120528191	-0.0105302552374722	-0.0188027910242297	1
-0.0768434834938238	0.356726544571989	0.085606267916942	-0.194420338644411	0.0151981371067968	0.0389244554098178	-0.0470142351005834	0.0125477425875212	-0.0709710479820886	-0.0598673164307158	0.141219982690607	-0.0499139137064744	0.0164595205665232	1
-0.0918279667046667	0.232204324293439	0.189588946157256	-0.0974718143565271	0.158583824074464	0.00623753755312756	-0.0905153642747847	0.09990221963931	-0.0172685049409692	-0.0237503666296435	0.0215468700409127	0.0798702173894513	-0.0486138238031877	1
0.0863315977688867	0.0138950911802798	-0.0937885762576259	-0.072320554077654	0.0511636848074317	-0.0127528744039076	0.111364170175471	-0.0417044406701806	-0.0210798107939903	0.0398401450944666	-0.0581636416506698	0.0639269647198909	0.00950941387206745	1
-0.0434217416638463	0.00743656439048073	-0.0797061693984327	-0.027226898673348	-0.00997346113869118	0.0132660796635448	0.0782773024952517	0.00595076221183724	-0.104002059397303	-0.0742637898990795	-0.0152547129880623	-0.0184018603625477	-0.0557676305592464	2
0.0203203981162713	0.0511900172272793	0.0659875372969924	-0.183731378092045	0.00664079067509168	0.0388590244866286	-0.0610766337559891	-0.00182580824330802	0.0227749718774825	0.00237256527406094	0.0189451120362231	0.0269200097609132	0.00697414724989565	1
-0.0404531074846054	-0.0550202141524107	-0.128479635033728	-0.0411474165122832	-0.102237993434203	-0.00165742636677104	0.023984399605636	-0.0751404544967729	-0.00583462317230743	-0.0866151024323503	0.0387396199810326	0.0097647859541111	0.0103913340140601	1
-0.0236804234864753	0.129429078324114	-0.0950523688530008	-0.0552634676004493	-0.00216886477607185	-0.0355588221629727	0.0386737142849202	0.0281644224268514	0.0090147254376194	0.00358026389450051	-0.0743765939199988	-0.0169788593690586	0.0505718671559532	1
-0.00959813502005414	-0.0271518348109663	0.0825051456089554	-0.13385728207176	0.115150674032528	0.00555314354504173	0.0919466753454681	-0.0520759433800187	0.0165531431392445	-0.047237939865869	-0.0975286848729604	-0.0160060133786356	-0.0286215941029459	1
0.104745711496183	0.0154411212274336	0.135514594709289	-0.0456450247007962	0.101024922345183	0.0290896764209367	-0.0974381108470948	0.0223838207524225	-0.0170479697036811	-0.134917164015081	-0.0664594040490848	0.0892821291236934	0.0210092920019389	1
0.00709119981276119	-0.0136600874142149	-0.134626997212965	0.0171585929936699	-0.0374437604192468	0.0653190941792607	-0.148431340560131	-0.0893131975711846	0.0815513442689646	-0.130810586910974	-0.0710939997553006	-0.0973233597028147	0.0819458893550384	1
0.00415854112936268	0.0442466228514097	0.110880440404654	-0.174351523669714	0.0608267428839797	-0.0265547518523024	-0.0705688184375819	-0.0297903528252372	-0.018870727279918	0.035591549944807	-0.0250617323158249	0.0139395458454022	-0.000651639947167853	2
0.0463958361753056	-0.0964414774889368	-0.0366831262477656	-0.035238088126997	0.000932881583754062	-0.00763871878752562	0.0471134701672331	0.0354642067585886	-0.0216575492938609	-0.00498470928596533	-0.045669464601719	0.00423101073004952	0.0774062096649893	2
0.0729155575716349	-0.0691432749302473	0.0679556866278176	-0.0218390979869934	-0.0637445571175939	0.0528614993391431	-0.042409055793256	-0.0104243351194177	0.0297235037800032	0.0333771829547956	-0.0339046740673134	0.0257698838806603	0.0399744930177126	1
