"SV1"	"SV2"	"SV3"	"SV4"	"SV5"	"SV6"	"SV7"	"SV8"	"SV9"	"SV10"	"SV11"	"SV12"	"SV13"	"SV14"	"SV15"	"SEX"
0.0345376574213074	0.0392711564170867	-0.117660194797007	0.0735874105592195	-0.110126227215097	0.0790453998734296	-0.053165024925152	0.00942436821719612	-0.108740670802406	0.162226242561358	-0.0183336433837408	0.0402996606390606	-0.0613988551141929	0.00512366952427862	-0.0117543162305727	2
-0.0595798502911113	0.0190539153949444	-0.127472446885505	-0.0478948674409461	0.0801870802968586	-0.0844353040580995	0.00956248488995046	-0.0208932957346561	0.0426479636739882	-0.021815380686102	0.0252961067869121	-0.0105877947324243	0.00964307376957806	-0.070788339826032	-0.0161233356272813	1
-0.00355868753537414	-0.0203551684558856	0.0187936726940695	0.0428393022984671	0.0334697059207319	0.014560611065854	-0.0654635532307174	-0.0727007815703526	0.0316741008612783	0.0128028843345023	-0.0157253626564352	0.056315083200842	-0.0383309978569782	-0.0451096953708513	0.00260792780858001	2
-0.0453570592449805	-0.0597681768096692	0.0100994613437823	-0.00843318451082781	-0.0847369619835561	0.0503867345770543	0.0555881273491635	-0.0305670330635725	-0.0228829483676497	0.00258699988455136	0.0994624321854732	-0.0180336409682489	0.0836353558492726	0.0366298045993236	0.126633399043695	1
-0.0913081799830465	0.121791268309867	-0.0780904968225239	0.0744238782769987	-0.00857148098213326	-0.0596777514763736	-0.0109107827773166	-0.137356792742142	0.00169232113317075	-0.0253082836629868	-0.00595131620770383	0.0448418585438194	0.0627980956026702	0.0567255194389359	0.00368967142396782	1
0.0355524838501	0.00878091287824409	0.037413246449076	0.0647272952178723	0.0177013682430844	-0.0166273819768736	-0.0234568088820007	-0.0421851861379733	0.0523239366532468	-0.0855429348528126	0.102865223044456	0.0210369046315021	0.000390159886682367	-0.00137553670115067	0.0702651003268289	1
0.0551854745689054	-0.00422559119244153	0.0115046995056601	0.0898543188530409	-0.0309227041439012	0.0224041203518262	0.0304934877554817	-0.0151358502678495	-0.00777047600571013	0.0303546380711948	-0.00423939102733211	0.0046159773390939	0.038226767916001	0.0261287094270647	-0.0428863459280035	2
0.00919646099261756	0.00307817492098372	-0.167578042204451	-0.0182464672947236	-0.106313317314064	0.00206463223220776	0.0232838605224971	-0.0380842166220987	0.0450417708365506	-0.0302145412791924	-0.00017507691518432	0.0618982766502393	-0.0729506903474649	-0.0242171270041984	0.101240521920063	1
-0.0351543840490306	-0.011129073776457	-0.00422569301030958	0.0842293100768284	-0.0080583411101478	-0.010346051768457	-0.0115243398388198	0.0070543088005347	0.0126707323601084	-0.00971898742476414	0.0252426773567399	0.0296040457108466	0.00533696372524722	-0.0207608799211715	0.0444711893701619	1
0.0962292028585593	0.0582644634604059	0.0258014423414286	0.0465325002539355	-0.0510151405034263	0.000596630638022899	0.0392485049880525	0.0366653310559993	0.153907787531306	-0.0346999217166621	0.0104372082966119	-0.00562235410729964	0.129190179778276	0.101419673818971	0.0287825240538037	2
-0.0466877810060439	-0.0440454365884521	0.0429825022309437	0.058495429063862	0.0539268801036463	-0.0554970892243052	0.0099488101915245	0.0840450478358651	0.0769723164039067	-0.0793774225966442	0.0523205999714813	0.0151735031701774	-0.0214040080565833	0.00699070859063101	0.0836477085133722	1
0.125003480061867	-0.107702044750914	-0.0106753550329246	-0.0855509772798949	-0.0520150933431104	-0.0352596317011107	0.0244995892975326	-0.0323388384189104	-0.145922840251115	-0.210790498987664	0.0108111483391382	-0.00532363270302311	-0.0302516277767451	-0.0104444995376341	-0.131218846087722	1
0.0407798248042746	0.022793816193987	0.0398788592822942	-0.106395898206927	0.0980189409340319	0.096137916257036	-0.0398302163352928	-0.0263911631889012	0.113573431605575	0.142995832071015	0.145732417868378	0.231743509762664	-0.0709946671003278	0.108711962561717	0.0108089324610717	1
-0.0695113907029107	0.0571612228272313	-0.262934940093475	0.0793692931304613	0.377673637875101	0.730182410991337	0.0558954095576155	0.212076610684126	-0.0761777151664615	-0.24592402720269	-0.0450265891686755	-0.00931095310604763	0.0345216445644992	0.107334864884921	0.0383539281849908	1
-0.030558452472987	0.061224508415347	-0.0296762852905633	0.0098160999229578	-0.10291005467694	0.00738305499910447	0.0926686918175277	-0.0474509042101927	0.0608893187438179	0.0198746997406617	-0.0191517475899758	0.054418756716671	0.0637924270958194	0.0206720856993035	0.0768406152184002	1
-0.00720972012194007	-0.0813466091938478	0.0436869714452294	-0.00029899892017105	-0.000161003103277611	-0.00359365122879681	0.0498148002673713	0.00818581823425474	-0.0424833523010862	-0.049964785923172	0.00322248231480066	-0.0207957745538321	0.0305252723888656	0.00252717577048624	-0.0976343307702945	1
0.110395260755897	0.0729573520835687	0.0503647333596321	-0.032874659669493	-0.0328432753031942	-0.00553005017072815	-0.0558234692259936	0.0779355813671228	-0.0661643930512012	-0.0451571500262717	0.0795896324511716	0.0874322344614192	0.049487526629113	0.102094087402443	-0.126903773990394	2
0.0107618968606679	0.115628433629415	0.0893902603667059	-0.163763047402526	-0.0423037679403692	0.074039034647326	-0.0461892968226531	0.142230544309534	0.187767351921055	0.00174206727672208	-0.00712470332639592	-0.0312044396579734	0.0224290645582626	-0.12219100464429	-0.316987597630573	1
-0.0168153899910316	-0.118749339634794	-0.0149111149539193	-0.0840840283945657	-0.0210254439491993	0.0287778910661581	0.0200406955763486	-0.00972907422886998	-0.0617224911607078	0.00450361601920516	-0.0092588320740008	-0.0336343556552625	-0.00208223622724008	-0.0586367533767806	-0.0166596933744928	1
-0.0291922565796071	-0.0699785559798991	0.0493653313753589	-0.0257602681389786	-0.050607721462528	0.0431872022840647	0.100371856762301	-0.0534560178065878	0.0152065333992279	0.000965851776557191	-0.0779284586133952	0.0168422073344896	0.0300828567908788	-0.0595550808157975	-0.000342790756433009	1
0.139214268988497	0.0863019289380019	-0.0638827975991396	-0.0338348882876927	0.0139550869544001	-0.0213152684942078	0.0100487727341625	-0.0206137132219924	-0.102285614221329	-0.0615348853585759	0.0711633273220553	0.0703259076458784	0.0108345199226836	-0.126097095035959	-0.0138747245884124	1
0.0496856000086409	0.0213351667976268	-0.0246780734762384	0.108370673716234	-0.0233551907641461	-0.00438875743019195	0.056174732423247	0.00405445103801104	0.0922568758025911	-0.0430443140879798	0.0872718003170777	0.0400520322882123	0.0625382030997728	-0.0297001002896643	-0.00667113556321946	2
-0.0188057998040629	-0.037164389627976	0.00159663216107509	-0.0436755378876585	-0.0890209021442585	0.0512040730882851	-0.0548334039768286	0.0122187759668978	-0.0519920212222691	0.0460223432869704	0.00675291205383977	0.0536493840970187	-0.0367691613900001	0.0877985348439314	0.00465669705662969	1
0.0119298461935538	-0.0527793844791933	0.000912162278390443	-0.0341529808068484	0.0547496595822107	0.0736654362127932	-0.104447170644732	-0.145052300259525	0.128655310519632	0.0920083977991643	-0.0344409243189059	-0.0657138030028465	-0.0291616467984862	0.0289106976062634	0.0454577900600109	1
0.0424720382193094	-0.0157896403729622	0.00129144969355743	0.105793567318783	-0.0435829729746499	0.00684293479809939	-0.0737630287062474	-0.022595130068871	-0.0865911128386051	0.0164643498395873	-0.0431786848894428	-0.0311538318012991	0.0244353320481233	0.053499715740353	-0.0438830105362331	1
-0.0710757886939146	-0.0587212344407188	0.00314906639590228	0.0371929051522367	0.00336999593804343	-0.00949858710514576	-0.00648967760268775	-0.0292340913674422	0.0489874479909492	-0.0317509156176847	-0.0383888502342037	-0.0233181810856459	-0.117407747748139	-0.0390383040986583	-0.0469007683519475	2
-0.0777920096244689	0.0379616948547595	-0.155462892191446	0.0240729265186145	-0.021036697051251	-0.0432899276202849	0.0270831779053911	-0.0561346398005769	0.0757731895178621	-0.0733942740495554	0.0156131368886648	0.0270746201236924	-0.0830965827941964	-0.0452721006356317	0.0650044537497378	1
-0.029481578022592	-0.00424575744854778	0.0210770267437964	0.0693171083612525	0.0950943511764243	-0.0295210752802603	0.0596941286691505	-0.00968677425017248	0.112521630346263	0.0618880276613265	0.122191595322447	-0.00170358506618954	-0.0711805246266331	0.0263891521797205	-0.0422621622219032	1
-0.0419959228675229	-0.0690979841971213	-0.110823742699044	-0.0852374026625896	-0.0672179516853952	-0.00947215669314409	0.0157096377707465	-0.0295518054473829	-0.0494694441614938	-0.025211542409567	-0.0300586370229817	0.00678961237174088	0.0216480907714578	-0.00608460399219324	-0.0559250378300027	2
0.0703404202528577	-0.045793892400154	0.0256187787350929	0.0906503221605496	-0.00943573735437985	-0.020727033569537	-0.0286854082338855	0.0443862000758948	0.0246898048222313	-0.0392231631919355	-0.0644345073754857	0.0148141471581144	0.0660801734714792	0.00953908560070723	0.00536793231109492	2
-0.0305751874097957	-0.0778094179956376	0.0318315566963569	0.0095087332716194	0.0278376401454238	-0.0251345941639927	0.00988362871681983	0.014523237956344	-0.0374081533564216	-0.0393339129577594	0.0635610544745001	-0.0617970577619575	0.0680503308152632	0.0316845743308955	0.0783575940690406	2
-0.0385292239103636	0.102556490746503	0.119499303306218	-0.0227832205820327	0.0267223721907307	-0.00611377341292627	-0.0289236902581794	0.0231135484306328	-0.219052994926781	-0.00461007008210342	0.117781736350865	0.0801786605249652	0.0297506493465217	-0.03161979972529	0.0810315230024347	1
-0.00960881412506814	0.00238412269400536	0.0114654156807158	0.0701524875469992	-0.00648881124506499	-0.0305323053767657	0.0730915555637948	-0.0107000762870837	-0.0314012769798432	-0.0343684263461389	0.0882997148288752	-0.037240288424379	0.0454152739251375	0.0330631451571516	-0.0378530423859602	1
-0.0860282346738815	0.0805402293899572	-0.0780871732650581	-0.00935393162434065	-0.0215298589671318	-0.0675363548050259	-0.0439340848217679	0.125440991166855	-0.0827349510951433	0.0643045699132708	-0.0311886306753497	0.0450896016974981	-0.0380151907499543	0.15110753746832	-0.111163306824167	1
-0.0213087144012669	-0.00122166052687676	-0.137660634329127	-0.0227683156049911	0.00244556939577188	-0.0801501500169317	0.029136151214271	-0.00321778834291999	0.0350457371426837	-0.0469149762490898	-0.0498566021663467	-0.019657072398996	0.00875125276047412	0.0287658360520335	-0.0247071820847673	1
-0.0425665806136801	-0.0422575089713093	-0.105280213634408	-0.0512297959573576	-0.057209549442234	-0.0370448010827429	0.0207299670546259	-0.0158575076109617	-0.0275421176500465	0.00582428190679085	-0.0345787764764399	-0.0753140478286419	-0.0165397362140504	0.0580222897558174	-0.0950346546333449	1
-0.103117696139821	-0.0180957040327122	-0.0352538345182163	0.095736421268296	0.0961930274063386	0.199571207957164	0.0264924509920417	0.0575770720230794	0.0190833023759314	-0.114323140330474	-0.0374412318068005	-0.0324474567460778	0.107452465833564	-0.0124382861897222	-0.022984159785037	1
-0.0227478049984266	0.121192655590462	-0.317831719612936	-0.0913992856676583	0.0598865376467537	-0.157579774865833	0.0630524005367524	-0.00182235207483562	0.051129655862135	-0.160214140566509	-0.0825529895725734	0.00123781835890965	-0.012527285805568	0.119598064518944	0.0299479014136366	1
0.0855479854815896	0.077166665171647	0.04064304678696	-0.00090302139435941	0.116655365999498	0.0457952165454555	-0.127399869512441	-0.234656331532631	0.17868600821067	-0.0158960815351948	-0.0424088309381246	-0.0467495978844408	0.103147199292387	-0.0320998383500542	-0.139786073098315	1
0.0464929096879734	0.0701770810334347	0.0367157900643145	-0.0103738560719825	-0.0879625514287559	0.0107606741084956	-0.00846693310845938	-0.0154530841236844	0.0349952040877777	-0.173654715438634	-0.0153169735178389	0.0187291188458802	0.0440509795546227	-0.086289664875555	0.0334960475173589	2
0.0206347919209975	0.138206551586558	0.111773702761279	0.0343552686440914	0.0122911193536335	-0.0188838033296015	0.209393612711269	-0.0176626172617486	0.0964253188697192	0.0373291883425709	-0.125962811760279	0.0141406967547789	0.064585231148109	0.0637484297544489	-0.0139530463324268	1
-0.0312650624894104	-0.0157586129282848	-0.118894868275914	0.0153993472195696	-0.059768071824632	-0.0249517058996033	0.0289260022748223	-0.0449112767079312	0.0135249593581467	0.0104690925067389	0.042454440040355	-0.0585735488821919	0.0106336687358577	0.0778236491403465	-0.0648006930222188	1
-0.104732974098274	0.0771815332129155	0.135840243676628	-0.0794510283488466	0.0476195694179017	0.00993626772520411	-0.152135660262049	-0.0234817355134163	0.0553236069011554	-0.0664895333053176	0.0240741800207141	0.0209274578144492	0.0641537205766636	0.167036672518675	0.163667669916359	1
0.00768502837659572	-0.0587357548463239	-0.00218624715025108	-0.0155977577216224	-0.0690313978535555	0.0391122514241137	-0.0212371909506508	0.0645360355492259	0.00289187737093131	0.0809345139184214	0.0674454621446553	0.0681875152877605	0.0321435652373755	-0.0158368955146376	-0.0458866186151207	2
-0.00432202479713256	-0.0790356063115873	0.0136605122146983	0.0175224188801294	-0.0421463186522998	0.0236675260120402	-0.00577948882782876	-0.0377589302656257	-0.0281534361103634	-0.0128268270763836	0.00716047636290922	-0.0033253762534656	-0.0436715848353815	-0.0128965599509444	-0.0451817319930012	1
-0.0489167446979485	-0.00609925579717008	-0.0409217244932766	-0.0069868524260263	-0.0326236139534629	-0.0057972893596936	-0.0415519486716263	-0.00986176157413621	0.000582649416704436	0.0247424117448128	-0.00357620041357372	0.0424969757610156	0.0614769449788681	-0.0146137232894821	-0.0279483754480499	1
-0.00830684389449697	0.201900814764838	0.0128974527272073	-0.0140545170347818	-0.0690046773419319	-0.0259542202206237	0.00866546762676277	0.10345235699037	0.156851803535006	-0.0387755928712125	-0.0462141376956353	-0.0512243784884085	-0.0196770302975878	0.117555634732004	-0.0688089964813036	2
-0.0793814833545238	-0.0103967399897112	-0.0390736025790296	0.0677509449764878	-0.016616072682329	-0.0411993267257305	0.00549249151101036	0.000437177671817034	0.0422837306638623	-0.0194037603624118	0.0227977142038254	0.00269777790515097	0.0463427533232352	-0.0288786593527552	-0.0741511253813004	1
0.0692220027024634	-0.0203204974334891	-0.0383126916245499	0.0728423905977024	0.0302537988999094	-0.00443254012965034	0.0275362005382389	0.0107579456939051	0.130953126929813	0.0484864534446813	0.0502865516950874	-0.0028322229463668	0.00499615503264231	0.0196929115736359	-0.125691043700344	1
-0.0385659346556141	0.044391337981419	-0.104604040001219	0.0311764502255235	-0.0832091002707877	-0.0246313506506258	0.0158284319292607	0.023566617012513	0.0635752807070438	0.0541760882099815	-0.0398979543694329	0.0715417675497921	0.000650999021388927	0.0655306554864924	0.0492571558030476	1
-0.00184169247407455	-0.0319086056346846	0.0190875356615214	0.0424493867136466	0.044711961724753	-0.00304153874997544	-0.020042328768352	-0.052838248163123	0.0636887387843539	0.0615701394639057	0.0749354751203509	-0.021711416565606	-0.0593077994180207	0.0825102154217544	-0.0252105807074312	2
0.0534572648233438	0.0775473125344135	-0.0387975575632345	-0.132243366669777	-0.0654360199676215	0.0253691000739065	0.0300439377082829	0.0630149946332143	0.181090651989336	-0.00908553908536889	0.0244394577510012	0.023175737247381	0.00086167410509355	0.00947937039209715	-0.0194686823941444	1
-0.00909134445429749	0.0120015563513496	0.0311968276818543	0.0798132744314041	-0.0362636890894912	0.00531837397291672	0.0545810154035934	-0.0210513746831172	0.00309161145216613	0.0246767911531738	0.0991734372286354	-0.0240155689181075	0.0801057821574775	0.032964881221012	0.0576378847262602	2
0.0366347185682832	-0.00116910094860486	-0.0115829747896333	0.0900739026119978	-0.000315062576165365	0.0357418329425896	0.0155653043041002	0.001679127637959	-0.0229879435205217	0.0883873045367045	0.0775652806046855	0.0563145335633843	0.0460544384143395	-0.0534982883874767	0.00939697585644793	2
-0.0439259326200455	-0.0652056941748546	-0.00717189974492907	-0.0436246802244284	-0.138702174131438	0.0852616235180056	0.0167408041745778	-0.0456077131018836	0.0794887445048006	0.0509360476494846	0.00826392989254946	-0.0222223206168503	0.0109452390331217	0.0665329563715991	0.0116747494814951	2
-0.047154340100885	-0.0546288676118667	-0.0224319846961173	-0.0389685620732473	-0.038304183609646	0.0576823034135691	0.0575095146465097	-0.0218897402665211	0.0199250506746437	0.0674907117976115	0.0492413417629157	0.0143073613362455	-0.0770807372343771	-0.0789823044068369	-0.0433470309961881	1
0.0613873410988005	-0.0879070377864819	0.00806086121989523	-0.0381430387737737	0.0403946012219138	-0.0270243896283596	0.01778628361944	0.0434215127176336	0.016173439003117	-0.0236069848043895	0.0486550750067392	0.0113474284037391	-0.100277045735975	0.0008470855795019	-0.0573159951836755	1
0.0446587232500115	0.0263002005564698	0.0429319813048773	0.0445307375778082	0.0673919027048537	-0.0592212928526235	-0.00294582272931417	0.0678416246399048	-0.0419983455336633	-0.107984782794656	0.0611530431583342	0.0312136976865964	-0.101293357686088	0.0501474329874718	0.00679295883496009	2
0.113598718147023	0.112365654462954	-0.039815401196531	0.00604032021804842	-0.0439542510327955	-0.0116540583337955	-0.0434975011783115	0.0146373915084883	0.0372259082877308	0.0146136524378547	-0.0602309825088707	0.0817353860147373	0.0667066484168139	0.00460978657008147	-0.034297521349835	1
-0.0111361340453893	0.201154899717214	0.0531433753492635	0.0437858889899195	-0.0695827001418289	0.00798955611176	-0.0142950741864717	0.0442654543932723	0.011221214881826	-0.0432786178694335	0.0346334945853229	-0.395774937242139	-0.189375437204126	-0.0847723291947424	0.0612620361664492	1
-0.0136986772580371	-0.0670757404521202	-0.00876761139301679	0.0589956079519025	0.0406019286066596	-0.0156375062660631	-0.0171149303728832	0.0254691780648207	0.0610988719770938	-0.0228677139659631	-0.0204340749153926	-0.0179204611330903	-0.118539548443294	-0.0469809213518619	-0.00198178933453389	1
-0.0144393642827288	-0.047986757940642	-0.0551747632666746	0.0243555361550911	-0.0642492720563084	0.0348495605849738	0.0105868087830345	-0.0120959156680595	0.00556592317720931	0.0266898571145072	-0.00186587058334384	0.0221950051216108	-0.00745617926828141	-0.116738265486693	-0.0566801029888637	1
-0.0249613145703379	-0.0470177902482469	-0.0103908534508797	0.0757710366519172	-0.0377244920278711	0.0105301761117757	0.0146912859079306	-0.027793352430345	0.0502931070005595	0.0257335470710129	0.0665943865168907	-0.0722680667490819	0.0213229541514475	0.117773715848606	-0.0699261633141049	1
-0.038319719300818	-0.094132973664171	0.00808907003131881	-0.0208486613856753	0.0331169078340867	0.0023359430652474	-0.0071090330017102	0.00680889837089969	0.00156900694524517	0.00781349007930543	0.0339905122722034	-0.00699894990716767	-0.0797785855457093	-0.0387860864434826	0.0118386492329514	1
0.0884292726994169	-0.0555187445247777	-0.0857624884393463	0.00669393881267505	-0.00830689725630453	0.0032256934674101	-0.0333736329927421	-0.0549927856180617	0.025875965187073	-0.0322516589024053	0.000355002851166396	-0.032681658289615	-0.0857961445421687	-0.0482715782034042	-0.0208210857336716	1
-0.0801353098888971	-0.0316812054356304	0.000364144914531356	0.0719910176640403	0.0316129024680543	-0.0122561689152801	0.055346844323523	-0.0276845870096181	0.0556656207997849	0.0260254917552246	-0.00363579320615739	0.0182142223191665	-0.0474122754306045	-0.0222452523123302	-0.13229243506752	1
0.034635992235272	-0.0133559840230391	0.02269871130723	0.101963966768639	0.00934939578800292	-0.0364639015228735	-0.0325021640275372	0.0218984337868393	0.00604264268542896	-0.0282364723244566	-0.0778267698730985	0.0082760183498773	-0.0153665593026254	0.0441216405175651	0.0503436920120734	1
-0.080706348482019	0.042952827864107	0.0546539342744124	0.0414018152927911	0.0100599229218314	0.0164334815895117	-0.0431408226480937	-0.074877592299828	-0.0609466608481441	-0.0200889702256562	0.0210936137805482	0.0775903584256231	-0.04675605624537	0.00490227101750882	-0.00476734068729601	2
-0.00759593261178857	-0.0363308262353363	0.0435958552259582	-0.0245274473251543	0.0309948562224329	0.0170440494820417	0.162887466518013	-0.0728672097101641	-0.0803832435306472	0.0441812020986	-0.0484556261684697	-0.00550540455624135	0.0328501626140322	0.0443485326131803	0.00273773954597655	2
-0.0932904144012247	-0.0406710504569374	0.00698492716206472	0.0565382012434074	-0.0106953790670865	-0.0276668968256908	0.00285203727639769	0.0414244713670543	0.0349983470694108	-0.0225890280494838	0.0649633032589499	-0.00358108080689552	-0.00508551738381078	-0.00170998021681746	-0.00854485700704214	1
0.0026526921534196	-0.000761089731828444	0.0145923994812004	0.0969566894124564	-0.0333161243550982	0.0124002331365335	-0.0618361087608703	0.015634057086506	-0.0740347163122198	0.0376021940554093	-0.0859080108127807	-0.0471445902042656	-0.00840790711855727	-0.0437731597675591	0.0749479645691556	1
-0.0383670153358197	0.0646406140138886	0.0957516901531389	-0.0422671760437995	-0.00526660773550993	-0.0257294349327505	-0.0957956979894904	0.0707665453473801	-0.12644283540677	-0.133614984261168	0.0890465902388796	0.10739291674419	0.0977601288841395	-0.000589300958909283	0.00949945644000281	1
-0.0444291396098925	0.000173754593470012	0.0840593687986157	0.0496411459230724	0.0460763935976234	-0.052005625071626	0.153084890877612	-0.0286733146284602	-0.020197912918193	-0.0649655997202857	-0.0702680568371042	-0.0193579919600879	0.0521527139451216	0.0504919738530396	0.0315635838462648	2
-0.0303646379201636	-0.07921118988861	0.00585352503827976	0.0198351383682952	-0.0117666692077604	-0.0318164188595561	0.0118828383333466	0.0608875288952824	-0.00775670679266017	-0.0403608866712598	-0.0157790090931658	-0.0300166302328796	0.0571924074688083	-0.0418116652911319	-0.00125129887505762	1
-0.0604093254370294	-0.0273151939117305	0.0359747069424404	-0.0285562626706493	0.00781919718963719	0.0398614458600187	0.162416311506989	-0.0614044320351307	-0.0469725220930891	0.0349409703274866	0.00296598077537299	0.0049964636761957	-0.0307294973752554	-0.0618079631168356	0.0515901041869005	1
0.0394786668806292	0.0117826216817577	0.0567384684462126	0.0025214251455794	-0.0179103387590169	0.0334669631111439	-0.0891620827348293	-0.111870952034072	-0.0612164264260298	-0.0672117321888832	0.0837808419962207	-0.0723365749647166	0.0663836085152033	0.0184077403555183	0.0454864108843521	2
-0.0173393750162932	-0.0580024508109201	0.0634078481272425	0.00674463458826956	-0.0412341993387755	-0.0225056678894703	0.0100761223221495	0.0426642418560278	-0.00627382839728449	-0.0901212791848462	0.0564319915484638	-0.0373373111457366	0.0932878353707288	0.0180516360983075	0.139678037619172	2
-0.0279840462710155	0.0312313214413595	-0.0684991071458181	0.0314492418005085	-0.0501557636140193	-0.040296027077131	0.0164546063765218	-0.0388230279145945	-0.0355776957110658	-0.0302313911943969	0.0414438585893342	-0.0346789870463266	0.00740587220270104	0.047604330217232	-0.0351046599683725	2
-0.0571850893065571	-0.0374037462609468	0.0347408077729806	-0.00893698253505189	-0.00359902453519022	0.00709426807788816	-0.0258509944702985	-0.00722265522529663	-0.131253998036812	0.0481359893309431	0.0111544946542005	-0.0358915608509557	0.0198149764327498	0.0687801503345269	-0.065056641557791	1
0.0107525367353626	-0.0515921727815561	0.0562068759661458	0.0255076693195439	0.0808033382349041	-0.0648540181276172	0.0418870744366032	0.0345969478630428	0.0384233181101648	-0.0625807510466989	-0.0428937908198575	-0.0800009740684063	0.0196294576735778	-0.0157410692778753	-0.0999028762912166	2
-0.0286587537985648	0.0446307908290742	0.0636283367231126	0.0432228656377687	-0.0162559276033496	0.0495936100583104	-0.069554131882641	-0.15549817513443	0.0180808510437496	-0.0328495108324889	-0.037234294134187	-0.156943794812796	-0.00726611114386423	0.0803077075582783	0.024773575519821	1
0.0601996814262086	0.143854877005122	0.17433797482114	-0.077341938778411	0.0561218797408272	-0.016739547870982	0.162381618162517	0.0282746970250934	-0.175185295963809	-0.183389471779525	0.0085124371970006	0.126917007553619	-0.0546063696370545	-0.0160975687918068	-0.178374486792631	1
-0.0176173959064199	-0.0317807890638673	0.0337629157917971	0.0372876778278123	0.00792016586254363	0.000157655964686935	0.11675850884977	-0.00506321117203675	-0.0726870449826262	0.028630778341558	-0.0811798721181511	0.0158579129620852	-0.0461691317219103	-0.0542413232565376	0.000639037884405457	2
0.142790916382194	0.0228213043275959	-0.0374059807867478	0.0511703501130908	-0.0331284246342918	0.0364805795036539	-0.0229420080856345	-0.0434821572545096	-0.0870868557008585	0.100880508754204	-0.0503780365935448	-0.0405331380570164	-0.0120137863726645	0.014550731059549	-0.0400694838716185	2
0.0987503188323731	-0.00482893629387669	0.0104244371215662	0.06657965733125	0.0383303955649039	-0.0452253893611129	0.0310471631441176	0.0380736502350402	0.083640654826406	-0.0611142309363694	0.0871018077009956	0.0442469495601107	0.0715943540939506	-0.0879440534132469	-0.0132381716887784	1
-0.00794223827533626	0.0227640623872668	0.0608146635712212	0.0428688808177013	-0.0526711307613149	0.0395389049509996	-0.10018659163664	0.0358403487282601	-0.0456377378868343	0.0416299433731985	-0.0587635856562831	0.0932239641749011	-0.029825754261377	-0.0952878738203558	0.108797172473008	1
0.0116650333049469	-0.0593439480141118	0.01708559783568	-0.0338916651590394	0.00949747632705284	-0.0125273103835987	-6.88743840045863e-05	0.0365099818373633	0.0360649841885309	-0.0905181069673709	-0.0407617383710589	0.171485655481272	0.00747085275345294	-0.158877876028661	-0.00667458188919532	1
0.0663418321351027	-0.0800302994745664	0.0106815055337692	-0.00262085254382583	-0.0235270844832348	-0.0193709503107958	0.0219290182924229	0.00688430485870817	-0.0870377177456409	-0.102215915742218	-0.00787088263027407	0.0315568532070788	0.0134776175168232	-0.0400893140640346	-0.0222750493086853	1
0.050893368409057	0.0194456627607192	0.0123669271274786	0.0109082038905512	-0.0342081337774973	0.0021975258127557	0.01805711115552	-0.0368151063492954	-0.0315554618341155	0.0162282338019084	0.115557853762919	0.00406253585230793	0.0803029844715511	-0.0548366497624958	0.01403982947082	1
-0.0562474700234152	-0.00598421006659975	0.0344428907832917	-0.0398043938988541	0.0407942138697726	0.0139473997922599	-0.0550770440472431	-0.0195493732420548	-0.0247211010024779	0.0440370978388082	0.109998304668064	0.0115146416348788	-0.105745538473042	-0.00654103856820917	0.0958610092230422	1
-0.075946003338555	-0.0344221986217185	-0.00439579694867851	0.0363000859706108	0.080195839599617	-0.0763217741150402	-0.0121909878078931	0.0501125468764074	0.0883396592669731	-0.0345302934633394	0.038874807917077	0.0299377414327934	-0.0637082685974736	-0.0667736558357429	-0.0483263633239391	1
0.0215839234549144	-0.0313124112323652	0.0289294754763019	0.0698270488323225	-0.0784976134903882	0.0292231729586157	-0.0195617251262522	0.0318767572530015	0.0612521856351321	0.0166131202454044	-0.0401358421130345	0.0952157400041415	-0.0642149472340025	-0.0317501286235801	0.0256952348657095	1
-0.0332081728984839	-0.0383011971342345	-0.0382967950047563	0.0449179770045891	-0.0184211571813852	-0.0414866744850601	-0.000187385700974963	0.040938689277945	0.0246369439286224	-0.00644306883159695	0.042163651714795	-0.0373556536225785	0.00524457292788476	0.0146436664214126	0.0177605871859121	2
0.190657346889795	0.0284078163493768	-0.0545459727607061	-0.0331036933341852	-0.0353975319079735	-0.00931792552702674	0.0173860926571663	0.0785557532272809	-0.0713457773045618	0.0357617588325951	-0.000648454173912878	0.0435662469442194	-0.00814165721346837	-0.0428236683951392	0.0221141703456882	1
0.0222087328447293	0.0793701212868913	0.0276708063245236	0.0279571171775515	0.10630572864464	-0.030847617845751	-0.0436257297027014	-0.0802358255428097	0.0238479790082055	0.013495488336593	0.067026093725694	0.00956918302681528	0.00194020273539893	0.00664747170524512	-0.0552117384530143	2
-0.0530220764309459	-0.0870504789886049	0.039694404546575	0.0774996492807375	-0.0227500393618764	-0.0145248801234277	-0.0361452062714083	0.00467744126849041	-0.0242126882533032	-0.0858514173660523	-0.0836745096119665	-0.10252431966848	0.0284783385820875	0.014338221902476	0.0374270289559207	1
-0.0298605948393331	-0.0432736031912899	-0.00922030646077029	0.107156362515895	-0.0222134009742584	0.0312770058720859	0.0131576723064062	0.00302166160784623	0.13141293553903	-0.0218528932510762	0.119318639226845	0.0844359067004304	-0.281093614687732	-0.0799226208240664	0.0136818137021836	1
-0.094251571259675	0.058213233538968	-0.0286034674966743	-0.0486503939943317	0.0246192669038413	-0.0417272590494622	-0.0725166096184038	-0.00780271589352376	0.0117099339238498	-0.0437144958410252	-0.0211766521486458	0.144468572159679	0.00396594048409944	-0.149814104626798	-0.0449714311168158	1
0.074933121671603	-0.00119056518505842	-0.00919575192815916	0.0503724537932011	0.0147695410553412	-0.0133672920760827	0.0705659028793994	-0.0179102489591491	0.0632320611537939	-0.01870084157012	-0.0124871057429697	0.042317561443552	-0.0447327255645941	-0.112925853875899	0.0709655594752505	1
0.11817109334133	0.0105400917759891	0.0357237767797611	0.0128678869569539	0.0362351051826566	-0.0165645477758248	0.00281499405068969	-0.0716128220463585	0.0512587586563837	-0.022598367787765	0.0818852294092608	-0.0148139696729117	0.082810369047702	0.00322067760939866	0.00492931840914373	1
-0.00777683251603495	-0.0821690727378622	-0.00524649729269426	-0.0345521424790874	-0.0242340215112146	-0.00148834512135782	-0.000861747452253651	0.00972237507013378	-0.0788998505796795	-0.00388043801236055	-0.0011501554120065	0.0357276646999263	0.0121201706616399	-0.0953871702768024	0.0229905411770539	1
-0.0173800351881435	-0.10308144109364	0.0500043333940393	-0.0179118941857605	-0.0381854715419511	-0.0212343422841237	0.0233874750661666	-0.00589060633947576	-0.0865667888878534	-0.11156774196272	-0.0263269718213518	-0.00167988614360392	0.0188910480757914	-0.000457199787205616	-0.0520956648177278	1
-0.00727479501846853	-0.093561820416722	0.0402383430490626	0.0188475202402355	0.0142834549330789	-0.0343580645943461	-0.0134920902565164	0.0159281310302044	-0.0022346757263287	-0.0488675442605214	-0.0742018548165366	-0.0246139432295723	0.0159116832122482	-0.0407851323158549	0.0528589752641925	1
0.226261302229963	-0.11023594409003	0.0450512634902658	-0.157076937201522	0.119039183818932	-0.0262539788216617	-0.0111327468112066	0.126399565804966	0.100889815779459	0.0203366117989158	0.00889326615978616	0.0323530840480135	-0.160891207271991	0.124171907993219	0.169500874856304	1
-0.0468521860869882	-0.0975189798693462	-0.00802095149621298	-0.146259031681805	-0.000481979552399919	-0.0236794622102541	0.0268534838480587	-0.0257388790804992	-0.0968871818728713	-0.0301459419177427	-0.0265157127071914	-0.0446974496862849	0.0225246874929856	0.0527767475978321	-0.0899888751767542	2
0.1863613234743	-0.0805789025359183	0.00630414491625578	0.0380864954665563	-0.014042492839768	0.0139861674496853	-0.00390467572195074	0.0352841640465067	0.0713690745965834	-0.0987617763183601	0.0218556186455501	0.0431929309855233	-0.161520952780843	-0.0775197851127919	0.0614318087905131	1
0.114535533583738	0.0249808354767636	-0.00269656507265674	0.14569539393357	-0.0289679017188841	-0.0244529680065382	-0.0697058663295593	0.101019732552533	-0.0360372135137585	0.0299827662887288	-0.118887946925129	-0.0746288507454652	-0.0719066642807068	0.0972040315593578	-0.0693248087058904	1
0.0412021540660485	-0.100449903902062	-0.0317310017113504	-0.228208416630838	-0.0993562280037119	0.064859303235045	0.0666759074055953	-0.0815219508122744	-0.112660169294091	-0.0266040329880623	0.0205784887431793	0.00940254626704202	0.0367270310570161	0.0554974641118002	0.070158008551564	1
0.028966691588739	0.090715967180459	0.0834000740853661	-0.0478655044980862	-0.056342007091602	-0.00408348745066546	-0.071383041003484	0.00518308617881646	-0.13022515965066	-0.0738142284835913	0.0836299961083248	0.01653144476077	-0.0516516375062461	0.0892291956879813	0.0361540663215021	2
0.028998298748699	-0.0355496187388743	0.0541516489581909	-0.00663232205694722	0.0103789568813707	-0.0468885930476892	0.0160971844388695	0.0297276059800507	0.0843720384749443	-0.0146728312887082	0.0222879752555987	-0.0229696508367142	0.147865360822591	0.0983775645624732	0.0929181465759691	1
0.159721786458262	0.063332424714442	-0.000293386652570248	0.00186468631423751	-0.011776348777948	-0.0280382129158336	0.0394052061245443	0.0157668841371534	-0.0494704217523681	-0.032716016900842	0.0131905169884756	0.0160948445066745	0.0402504265155972	-0.0390157888360837	0.0294127337914356	1
-0.0266734958752258	0.0369000520176853	0.0350722738873604	0.0799697702828242	-0.0353727188155474	0.00168887024893969	0.23611878431239	-0.042975298289272	-0.000757751701362691	-0.00644290811943664	-0.0513130470349715	0.0281595775828119	0.0209156731141338	-0.0543613146726498	0.0415878499061612	1
-0.041874421929394	-0.0730001371877974	0.0245117060219904	-0.0746293116119275	-0.117983973288966	0.0647427488117589	0.0278119414059232	0.0170885911857194	-0.0150457621814313	0.0428759541469261	-0.0209138946914681	-0.00382774558400381	0.126529555493327	0.047049489153839	0.0680810970370669	1
0.0425626068246884	-0.049951846184841	0.0269085759746791	0.0480389407532106	-0.0267038198384648	0.00634895715601562	0.037444750088359	-0.00575402575642382	0.0584865537563975	-0.00894793325966158	0.0690596465751802	-0.0435312831355917	0.0193260495379252	0.0359988621340739	0.0448034700761048	2
-0.0389822685222616	0.0595884597118237	0.0893322626158061	-0.105008661351389	0.103812560894051	0.00952058605325408	0.267323062289856	-0.0556708965890787	-0.0531313917111606	0.0999494688110607	-0.0476256170274478	0.00943721330120579	-0.00940053452485035	0.0289126299988982	-0.012520394468011	1
-0.0597325237065705	0.00689829331306097	0.0523638269194433	-0.0215787600962232	-0.0564070042365061	-0.0171224513649063	-0.0664638192080795	-0.00514331742481601	-0.144272068976832	-0.0376486422927379	-0.0451015617804581	0.00220252567124325	-0.0036255969750632	0.0903733879966896	-0.000787403366068498	2
0.134048021206652	0.00964178251963098	0.0173393409862102	0.0245570197203776	0.0345276480194019	0.0248217114584217	-0.088904103365614	-0.0938157207995203	-0.00841239664688234	-0.0171382198012096	-0.0401135096604858	0.0148417503229444	0.103879022214574	-0.0564277236028885	-0.0800138757420439	2
0.081446849492837	-0.0848316059270064	-0.00897216788188894	0.0522315737954846	-0.0531041344518544	0.00605066701652304	-0.0124834179509692	-0.000919876858423909	-0.0332766527808494	-0.0738106942816173	-0.0406094310739419	-0.0358657611262014	0.0160709204646245	0.0242433038779475	-0.0372174903108965	1
0.005205401937563	0.0187869617936007	0.0937820280011403	-0.0511999257861836	0.110537056659595	0.0362148848317279	-0.142055752552756	-0.208629585153565	0.0204547340349713	-0.0194280637028202	-0.0503700507399365	-0.00703085216011658	0.122668070614952	-0.0456733972454541	-0.126532836210315	2
-0.0738420126442119	-0.0804127489654391	-0.00408386973259055	0.000180231492822578	0.013980414447895	-0.0153186598479891	-0.00119273217909992	0.0163022950086558	-0.0243797347708082	-0.00480240404771509	-0.0471993533907697	-0.0348311196091486	0.0427188427437052	-0.0426224710433188	-0.0358763480408965	1
0.0863846652260938	0.0391476806052772	0.00751153019042364	0.0637160301230013	0.0939246791931339	-0.0320832136643922	-0.0717386632853635	-0.0643133562425242	0.0282482348759505	0.0665295737921409	-0.105225098609435	-0.0762472924649917	0.044304026085425	0.0430623491062891	-0.0033175908488797	1
0.0282744696971667	0.0210535416286388	-0.242302202629034	-0.153603151082161	0.0600171290857015	-0.147940710233319	0.0222551646496227	-0.0446481849508576	0.0271538794968138	-0.0971016795198639	-0.0414259497791399	-0.0520861353745675	0.0201346995616775	0.0973251441622857	0.011024954658985	2
0.148853460837239	-0.00554189334426059	-0.0232121565231653	-0.0374395811090295	0.0859528352157461	-0.0158693783563809	0.030554354910497	-0.0829397295575798	-0.0240644702790054	0.0628775713108012	-0.0362509724159882	-0.0269029633622055	0.0475435755284048	-0.00936495305083218	-0.105457575800782	2
0.0250687047363504	0.000157247127250812	-0.0274589795046823	0.0218486162364246	0.0191061137059622	-0.00674304233817875	0.0640372471684751	-0.00641864698257206	0.0563741647768903	0.0826438549547834	-0.00418552076250186	0.0198843265540771	0.0769822062217891	-0.0117929721026666	0.103251662758016	1
-0.0372155589917844	-0.00197112544999961	0.025584962931393	-0.00389504601680157	-0.0567203885560731	0.0561634682913629	-0.0961710323879156	0.0388953304403682	-0.0447072064690102	0.07415841106266	-0.0927727960070143	0.00302009634298816	-0.046788210907238	0.0407367989861691	0.0271607168653056	1
-0.0403827471423117	-0.0361104385835149	0.0402807046802626	-0.0384665223651765	0.0385860123786681	0.0261726445471605	-0.0928377819971973	-0.0140080747150198	-0.0301012484910704	0.0533062538472202	-0.124869750433333	0.052125821574274	0.0376369301408602	-0.0331432522170586	-0.105338385126553	2
-0.0724589818389103	-0.0120565327566318	-0.0340240891030221	0.0232746427703015	0.0157723424548585	-0.0318519323622667	0.0245719100298048	0.0265857177778288	0.0569598746640211	0.0705748804275071	0.0753735600233071	-0.0453694710365661	0.0793322171619892	0.0124269761154266	-0.0327175278639929	1
0.223939922742654	0.0182615457856409	0.0132330466181413	-0.134713154337743	0.07060777224213	0.0313136120198165	0.0459910118846113	-0.00140405344036493	0.11782231051981	0.0516958569648823	-0.0394002783087258	0.0829202742337072	-0.070119501228485	0.0608716298474178	0.0665271576183915	1
0.0659749593976555	-0.0307926001759276	-0.0399640398474127	0.0491960009366964	-0.0711238183475753	0.0309212446624677	-0.0136962355929143	-0.00628894316212101	0.0487392689295975	0.0111419838783966	0.0153500557165479	0.102697874778106	0.0658851509667829	-0.0584266603027976	0.0596050544609476	1
-0.0382197304421777	0.00871877415801696	-0.0071559447245804	-0.093839510705135	-0.0971152390338291	0.0747305888893029	-0.00974574643908462	0.0880131434544354	0.129094129806861	0.0530546649360255	-0.0575541613191965	0.0718943614359151	0.142312084572796	-0.219059041588546	0.063671946456352	1
-0.0615041953053157	0.0146955566129935	0.0684401345320347	0.0884402195406711	0.0248844170568724	-0.0866412578907966	-0.09861708295235	0.0608949909622134	0.0442475220795083	-0.108905868516017	-0.107813294171558	0.0716652887842486	-0.037830776110655	0.128021959798225	0.115192085299967	1
-0.085999467171087	-0.0135868838178682	0.0493568440168346	0.0970121492504007	0.0953406925626917	-0.114592272860592	-0.0346715690331951	0.0550824287353354	0.0623172502401437	-0.0764318901415692	-0.100913361078359	-0.0292760011238844	0.0683632242950098	-0.0118637986551099	0.0576372120164453	1
0.168717160648702	-0.0244589189965325	0.0288808767290129	0.0676012611668323	0.0098993144632643	-0.0427196989943946	0.0440159510384109	0.0697077335861949	0.0558602482933349	-0.1101218417975	-0.00820958582413535	-0.00986943303786393	0.118110426602872	0.020800933554011	0.000754700866287085	2
0.00992285273176173	0.0476883467787313	0.0193322458729559	0.0517911382917164	0.0508701344688494	-0.021997433093232	-0.0342480808047394	-0.0131159209270132	-0.0632931067300962	0.0186956591244051	0.0728249821155394	-0.00578844502623601	0.048496400679864	-0.00251772081772698	0.0594705260829575	1
0.245198857919125	-0.0221754164029825	-0.00614994904730798	-0.113323837051266	0.122922471370977	0.0143070592984949	-0.012416948376034	-0.0382860852822788	0.0131868239484013	0.0497877284806996	-0.00339964213873223	0.0131897709485157	0.102277101438824	-0.0546377241464359	0.0415685511402021	1
-0.0297692511754079	0.0253902714078157	0.0629647975746625	0.00118683259978362	-0.0309696579805705	-0.00649432647099995	-0.114929374992246	0.0606249250141412	-0.0151775514326395	-0.0310922771612608	-0.00674349696541966	0.119570502861394	-0.0336180019322028	0.0804509626422086	0.0553009355726742	1
-0.0171864918968681	-0.0186080945768059	-0.00864500084291904	0.0848750917599127	0.0192860110375895	-0.0242739616053148	-0.0119423305950061	0.019111955521321	0.000422144077200301	0.0279651669587769	-0.0289582272775645	0.0147437902789404	0.0539748396729826	-0.0933901816633258	-0.0276454568782086	1
0.000830132053663447	0.0593471857573574	0.0317112365056763	-0.0302990855034285	-0.0159216728490201	-0.000258551365596891	-0.0856594617293131	0.0691266225608539	-0.134833150149696	0.00721117306339376	0.0526501658001884	0.0785962374514833	-0.0026304960532291	-0.0396050754853127	-0.0382899582422848	2
-0.0852904785365296	0.0968130254509262	-0.0497604241386883	0.0655829423040483	0.0336024919856796	-0.0775529506814566	0.00782109935475698	0.108470915044676	-0.0935581355912186	0.0839361762923891	-0.0128297507014169	-0.0440680090433812	-0.0335072893065236	-0.049637543623723	-0.0895033884969917	1
0.0424663814927499	0.0761505603522088	0.0157514912768017	0.08767184387174	-0.00828274974972956	0.00645815694906368	-0.00362582598185452	0.0127486209044928	-0.0801308679554138	0.0488435630414651	0.0691455204935026	0.019114424414624	0.0223643646769228	-0.0928927431381638	-0.00565600061530461	1
0.00578350830299367	0.14314230026018	0.0631122883120913	-0.0961762033025564	-0.153496307743227	0.141970274841362	-0.00858321891591097	0.128527647734655	0.121045756299852	0.0290017110123465	-0.0682036757845769	-0.132538381040225	0.0136763955756843	-0.188552820191201	-0.208823735855996	2
-0.0406720824898945	-0.0645822859908332	-0.00231215567970301	0.00899586861514352	0.0300509355891449	-0.00707705967021024	-0.0148677890587417	0.0479690345407085	0.0338158201146894	-0.00624097401771532	-0.0522935736335577	0.00302070286555506	0.0915889300823661	0.0485176465682714	-0.042806891403582	1
-0.0463021909213525	-0.0959011021702987	0.0472463485741803	-0.0155370992912233	0.0392801905658647	-0.0142291634896796	0.028259464516709	0.0326752137519703	-0.026460386455859	-0.0206082280278193	-0.00693605252000699	-0.0656675043643758	0.0295751274663853	0.00825843597181732	-0.000706051230789417	1
0.110750014107111	0.0850030741707948	-0.00527284609757119	0.014218867014097	0.0270993314684623	0.038322778471104	-0.0680556650129171	-0.0215764631174313	-0.0434384842257645	0.0866105688998785	0.00990004802948888	-0.12642284650016	-0.0665722567236565	-0.0324940418878788	0.0012219907792021	1
-0.0442025962294773	-0.0821409365753024	-0.00565611426431433	0.0454487100928052	-0.0480074753903015	0.0222859749270364	-0.0420036596023546	-0.0218857932378745	-0.00179558662524541	0.0421539809285411	-0.0668431155132242	-0.022167017058576	0.0513354281514108	-0.00364822953287022	-0.075054771882367	1
-0.00339082080004933	0.133013157915428	0.00924054493423346	0.0752043855945974	-0.0209097671243202	0.016271195696152	0.0142176517252007	-0.0133474306723551	-0.110424638161521	0.161638107775015	-0.108817730962252	0.0269714616256621	-0.0358776117435679	0.0727987693404602	-0.0285894830373155	2
0.115708124415792	-0.0287509900683048	-0.0705309442603455	0.0326001286352985	-0.0375480005307635	0.028695991256777	0.037088820945892	-0.00660673835029032	-0.0130472910472776	0.0533841199688882	0.0615522087264981	-0.0606976878712963	0.0559920179908247	0.017271415683327	0.086515916127474	1
0.108538401062549	-0.0290951541961209	-0.109403826970233	-0.0316932042156708	-0.0970292035214632	-0.00608200397193683	0.0221972840111667	-0.0245382143865171	-0.0623032869454428	-0.0205949519752067	-0.00253246092340259	-0.0349784185662462	0.0167857733836528	0.0417668941549091	-0.0133038869506167	1
0.0671930312137143	0.0247969651297897	0.0304704486686158	0.0545741036236485	0.00763059023566051	-0.023341299935205	0.159611024324954	-0.0216643549014955	-0.00797814455908323	0.0532657418474361	-0.0938097329570147	0.078528538158028	0.0630253338371478	-0.0443490968087267	-0.042905897333089	1
0.135566571628209	0.0612175368314575	-0.0425720515498689	0.0873779593659905	0.0158410681288977	0.0367853957471555	-0.0802554725896948	0.0340196006322021	-0.0674917309555916	0.15311510427532	-0.143928857951188	-0.0782217834172805	-0.00158294656933724	0.0121350499786219	-0.043553822066032	2
-0.0623092580952002	-0.0364952740454227	-0.0380494695798269	0.0574702645712557	0.00276537080302034	-0.0201945347572679	0.00524371194671934	0.0230363399709972	0.0127403644530872	0.0392600449522786	0.0152412868650819	-0.0444293734175874	0.0274430084684963	0.00402203795300379	-0.0017217840408625	1
-0.0428691891974687	0.120942009956676	-0.0859014431945347	0.000724067803746505	-0.145989808478928	-0.0141925417463827	-0.0136241369367044	0.102087872912189	-0.0248061769400027	0.0710591363962765	-0.141928629275893	-0.048836267279585	0.0160329921936711	0.0194579382610119	0.104628103648619	1
-0.0177001324747205	-0.0345189970150849	-0.0012535706028267	0.0782892751404838	0.0240862469804788	-0.0220086199580329	-0.0325610104046473	-0.0174573807167597	-0.00664254318753092	-0.00635773480777521	0.0133411536774557	-0.0363576193952633	0.0238553419195702	-0.0455827740592999	-0.0402236777835227	2
-0.0490754985332114	-0.0341291164191209	0.0735767925056388	-0.0865284478372019	-0.104925693187716	0.0849067249367061	0.105471853897081	0.0154144250244397	0.0202365052894169	0.0460868270759823	-0.0436790646674528	0.0279075502144277	0.106027084909468	-0.0143483778599449	0.13509303259839	1
-0.0181318033238645	-0.0418942801672992	-0.0513664310923691	0.0285195330856051	-0.132598341215049	0.0461218275641843	0.0268994163829757	-0.0246279157115909	0.0250199050001615	0.0600091400491629	0.0360259258656728	-0.0399888975625502	0.0769065276560111	-0.0537600673705818	0.0591157582033449	1
-0.00466512270601985	0.183087656750819	0.0194314089243623	0.0389617302294589	-0.115764297803135	0.0308329820097667	-0.0295196818061361	0.256721659288362	-0.106769196874083	0.0714168623980833	-0.0408458140508165	0.031543479710965	-0.0367091830253513	-0.00912534842858264	-0.0571338374757434	1
-0.0853762400490733	-0.0198493339838665	-0.0342743474733606	0.0701178624805237	-0.031391806884428	0.0109160825451709	0.0131180001117743	0.016840732519562	-0.0167440511535198	0.0854382331836651	0.118396251745329	-0.0316372607669584	0.0704493099061631	-0.0279128554203786	-0.0635978953765855	1
-0.029248752301831	0.0997005451488895	-0.289568379728836	-0.0880385436257801	-0.0275246502432275	-0.132497741330136	0.0608606123532361	-0.0190672778304779	0.00287432381001316	-0.137242157468798	-0.0474235628241233	0.035951052004581	0.0410900815211819	0.0736142211872668	0.0626984443397379	1
-0.0262655525132015	0.0183072639851713	0.0199868381747704	0.0581955776368514	-0.0850385741672448	0.0475399704438393	-0.0155954838077667	0.0541601727054946	0.00514296764613347	0.115800771473146	0.000868887230530988	0.0826525135759226	0.072261516321725	-0.0457686470014051	0.112676038083732	1
-0.0868812560137425	0.08908257267431	0.11380557261489	0.0325720972583626	-0.0125007199285781	-0.0303083413698887	0.0695658268338736	0.00981573397697133	0.0367517212754053	0.0520317271232473	-0.0282797653427279	0.0326669503194491	0.0892057056844684	0.07109990752531	0.111247550415275	2
0.0680897073502753	-0.089168407721104	-0.0121236442348762	0.018911938485346	-0.0571695721939424	-0.0160150730593969	-0.020895278523987	0.048662982461218	-0.0129904532103333	0.00325987385113114	0.0163441969402858	-0.146318555693953	-0.00152090984836672	0.0555247025763077	0.00734161161072195	1
0.00762736376289376	0.128722255564523	-0.167914286915609	-0.109460745897371	0.0196114942047429	-0.0601405601969474	0.0322342165582265	-0.0689739908010942	-0.132185716741128	-0.0442002279598256	0.118122060120174	0.0653114126782826	0.0353011897022321	-0.0886182232788125	0.0501762030854954	2
0.051536303906791	0.0522925572706382	0.0164533082952616	-0.0573972380097533	0.0352887090107242	-0.0215038558570465	0.0406354564250251	-0.0423059902862164	-0.127688012866187	0.0566211204921444	-0.168051582496953	-0.035077024511526	-0.0797994876690333	0.0126921943234649	0.129499019033915	2
-0.0888246350490621	0.17650635819892	-0.0339718540418549	-0.0350154108487161	0.0411173974150454	-0.00518953225116152	-0.111291096645154	-0.239631020130885	-0.0417762104497002	-0.0486347859663364	-0.120296934840693	-0.129498024552911	-0.0355339841988293	-0.159583272010229	0.150459364987731	1
0.0118466974405349	0.128652197800369	0.119059850975595	-0.259282417570387	-0.0464870302328527	0.00434919924596811	0.00770518509525863	0.20947697943228	0.0746467651136673	-0.0728764630367263	0.141498282258306	-0.422516634182799	-0.0758821268402754	-0.128589120287541	0.141174710431248	2
0.0418476027141936	-0.0327803698472942	0.0398588734163777	-0.0245236485491029	0.033877498992857	-0.00518738669639012	-0.114673397570052	0.0151909314929411	0.0587695652935117	0.0465619922491211	-0.130438467439715	0.00620156705541611	-0.0651583752278677	0.0353403701038237	0.1061631952677	1
-0.0129563664915216	-0.0300700128447434	0.171105909075481	-0.137218668578658	0.00206426174854528	-0.0143308405665841	-0.0625790825405746	0.0346346624138912	0.0146986951732543	-0.0818128784612399	-0.22373656339908	0.0729077510996213	-0.0517082079427089	0.056621753328754	0.0864027609274316	1
-0.0763849944658892	-0.112485667123664	0.0144297662512114	-0.149045203879775	0.222703983112358	-0.0725162616223713	-0.02359545843487	0.058924380967487	-0.00885288461894078	0.0995749662578513	-0.0321278251132443	-0.0800304908192905	0.00443193473279388	-0.0382751389761575	-0.00352948349364503	1
0.139978507941491	0.0379612901979022	0.0180595065875046	-0.0312642879484702	0.0756727484186144	-0.0266791303306176	-0.0593514622663927	0.0106311344666788	-0.0630338397289893	0.0146237565271281	0.0589555725267448	-0.020201250380019	-0.0183047272636304	-0.0186044756607787	0.0402050715244663	2
-0.00645583781861647	-0.0312341054431935	-0.0481770363938272	0.0135471890161517	-0.0413084435478476	0.0429580385568701	0.0296479955324117	-0.066510161306377	-0.00940085833242263	-0.0121639566558736	-0.0184554087047137	0.00223929773187495	-0.0654234663319906	-0.166931416182878	0.075795944710036	2
-0.0237789074711916	0.0377109318510334	-0.103965945297958	-0.0038987732606341	0.118803058308953	-0.117855194453208	-0.0443109455441104	0.160653545767122	-0.0658850489183202	0.136488133577763	-0.0247602342468901	-0.0694115415777603	-0.0505215971507832	-0.0262581992639709	0.00982328635195731	2
-0.0725028994031899	0.0340723251306919	-0.0235287495136034	-0.0111645555198962	0.215417044553657	-0.153394045665959	-0.0699705512620218	0.189713778124644	-0.0666026586349254	0.128542451638138	0.028233240624327	0.0592906732207758	0.0397903702690926	-0.0832195377397838	-0.000634086281115081	1
-0.0384041838321141	0.0104825407279262	0.0501800695368599	0.0398593471677912	0.0482301649672282	-0.0557971096194342	-0.0383280411673521	-0.041770419827508	-0.140755296541247	-0.0787065748952894	0.0276694141450582	-0.0685811856027026	0.0112407574061785	-0.0441422713180196	0.0332566685673471	2
-0.0382386831211899	0.114821792893316	-0.0803362672430325	0.0402718397479028	0.0584079052961628	-0.0659716609034984	-0.0013049688344962	0.0116382191485686	-0.0150894019924715	0.0410567838724636	0.126778900088839	0.0978442393488301	-0.193296924169314	-0.0147229060898598	0.0127469168508701	2
-0.0579233929090955	-0.0689996303367369	-0.0159950223830256	-0.0070924777703612	0.082853047260519	-0.0183030193684435	-0.0202740520357555	0.0203128068026096	-0.000338004404947472	0.0520541976978582	-0.00513111487980204	-0.0558938919579324	0.042612271205859	-0.10881396738978	0.0688565903645601	2
0.0136938610144301	-0.0300185426491741	0.0288712292550929	0.0627129874375778	0.0145631753281431	-0.0306427574535232	-0.0638465276753959	-0.0156466588564441	0.0131545566329166	-0.00434329121747179	-0.024139765004905	-0.0513528862603604	0.075537336850009	0.0635763891426738	-0.0121014697215193	2
-0.0282383018417873	-0.128018324143372	0.0278132339712748	-0.0921248003706017	0.0930757600903448	-0.034352695910512	-0.0049594579252202	0.0663177157217526	-0.0454606693458445	0.00790384277779312	0.0036206999187919	-0.0590938852795852	-0.0142353373723476	-0.0603468753471923	0.0307003282113254	2
-0.0786953213610388	-0.0545732194085196	0.0039264565141773	-0.0543349269512443	-0.0653693158219751	0.0338326093428299	-0.0555133351152362	-0.00305392821808664	-0.0272397501475477	0.0102333182622575	-0.0119327997523805	0.120404088620378	-0.0426992851379214	0.0336863975583826	-0.0317061121643179	1
-0.0566253089959154	-0.0560666159930066	-0.0598378614726656	-0.0280848663880246	-0.045257105099148	0.018556795351983	0.0306565195948773	0.00891673415794442	-0.0131843461808354	0.0739194979457514	0.0243744230287248	-0.0104140484026482	0.0516376376870487	-0.0602351980088493	0.0617097886008941	1
-0.0553065497058129	-0.0566242330977014	0.0462263464343395	-0.0608175947983539	0.0919604240266594	-0.0112867445018588	-0.0548974672345428	0.130400470590971	0.0784663283853541	0.132506718391808	-0.0726231355416453	-0.00571970030048504	0.0906164873179145	-0.0619049070868578	0.0437485560248694	2
-0.0633126484945342	0.013876858422959	-0.095535693426839	-0.147285662795395	0.237017650301171	-0.0949280683947897	-0.0895135668096677	-0.00599656881489059	0.0224093964688517	0.143017456542747	0.0480369326243868	0.0223180642744986	0.0792775565700958	-0.0232076552964989	0.0522388047450948	1
-0.0755257636335081	0.0100831362579848	0.0261357385329963	-0.132757578490874	-0.12373715986251	-0.0126674636788705	-0.0445233090255572	0.0618027256619406	0.120421850538958	-0.130584915513411	-0.153504627087037	0.104429351846927	-0.0451009107921249	0.0296907621819511	-0.11643108083737	1
-0.0754259063144691	-0.078343812683092	-0.0680265202053555	-0.109378056519974	-0.0483805375786633	0.00772783468569954	0.0402752097600984	-0.0410642957942935	-0.0397132080007159	0.0273907538144829	-0.00340190652117795	-0.0228429008551474	-0.0364146266563048	-0.0122172796078155	-0.0775776377545492	1
-0.0565553373220896	-0.0989721474938314	-0.000495602018170801	-0.0512740865496704	-0.0177815194609732	-0.00663586048798742	0.0149660667884121	0.0209851075964909	-0.0137678599035599	0.0111469149487959	-0.0128446850605965	-0.0558271142341265	-0.096149545600397	0.0802316984327705	-0.0817093114161331	1
-0.0753940753146937	0.00619544132682028	0.0942381300932495	-0.0976269240620267	-0.0118711864276176	0.0373189441097793	-0.131130929141323	-0.0967333804695112	0.0512265736562403	-0.050830425303413	-0.0241078184555908	0.0834605585520401	-0.0799595052882597	0.0769743085183762	-0.0644942519785318	2
-0.0923104870602207	0.00507012162830143	0.111532176071416	0.00348882098994141	0.0742843406433513	-0.0444543063700666	0.221020557404774	-0.0327338034854987	0.0283424041070091	0.00332866574138523	-0.125251529355523	-0.016341973420953	-0.106355516828174	0.0577759427186612	-0.0914437773756553	1
-0.0870646631491104	0.018299197805879	0.0259580027022166	0.0512651555198864	0.113249534819367	0.0179855831386189	-0.105502295757775	-0.163356001429797	0.0291725920227685	-0.0194930352862151	0.0611657545489491	0.00131088012507757	0.0370162665511583	-0.102050913503139	-0.023947867872827	1
0.0534543638573148	-0.0952493581112311	0.00940946996048305	-0.159524424726794	0.0171315452305988	0.0804303089344552	0.0744939321977019	0.0282584738514071	-0.0568253190532406	0.25635207959107	0.197967458914532	-0.05260807662739	0.0486782349092377	0.192302415698598	-0.0814530789257267	1
-0.172248489023032	0.186983998554492	0.104861312142457	-0.122619040937885	-0.104940632828701	0.0657853958739599	-0.0452616119982996	-0.074267879498559	0.0643353503968753	-0.0858377008479143	0.288909825316357	0.0165087551832717	0.085593473970543	0.0809040175162987	-0.0448966656681712	1
-0.053974175098088	0.0238448853403449	-0.0281197353497221	0.029334183005189	0.0152776395709938	-0.044022664407276	-0.0528697064840964	0.0539675402990932	-0.0458748072302196	0.0641613131276446	0.0674630045844506	0.0726751798483988	0.0423381837937953	0.0728617589474797	-0.00963272046513114	1
0.0103908971927341	-0.0757244832143608	-0.00914411954726176	0.039934927508946	-0.0636160809060321	0.0321872662169755	0.0243504185927554	-0.031990834124142	-0.0183563808943072	-0.0837437689936116	0.0346745930627535	0.00511359065631571	-0.102795908136267	-0.0710259331178353	-0.0294203340817765	1
0.0017590990549017	-0.0781360527008745	0.0246740213152804	-0.00891060760906655	0.0270489008222737	-0.0437558028755182	0.0114940720756046	-0.00184640001905699	-0.00402168844739188	-0.0459736855706092	0.0892257299773043	-0.0278057312695629	-0.0948694679984118	0.111755446994807	-0.105574782559506	1
-0.0728116851634092	-0.0195419699269679	-0.0743285470748675	-0.0362623086307467	0.000810209260862984	-0.0291357027090744	-0.0107579130560125	-0.0174255515613754	0.034884744536156	0.020573478737668	-0.0650399848974467	0.0272261197978616	0.012464671994702	0.00495583414822876	-0.0852402249617557	2
0.00453402579680504	-0.0847578135649466	-0.00835248421229885	0.0546500632214713	-0.0623435987771563	0.054399878880606	-0.0116129682284312	-0.00495731735416231	0.00246900504392453	-0.00620842175990449	0.0418134574673051	0.00500868764634543	-0.149284109041183	-0.0212734528356726	0.0712946055664132	1
-0.0176209723427296	-0.141478108943339	0.019397006445258	-0.0497695070387642	-0.0433076055203169	0.0630872403254464	-0.0222191479836606	-0.0520063692058433	-0.094093116382766	0.000353675380113592	-0.016382563644551	-0.0446335224362457	-0.0866424284503895	-0.0177687811789719	0.00517058750631069	1
-0.0250043606260618	0.0770357642665558	-0.114341438663543	-0.0993894979717641	-0.0748123613855812	0.124647772117124	-0.0647685302039974	-0.239760202091499	0.0695884145513429	0.097667736506222	0.0046167181276929	-0.0521801335498204	-0.0925008488001658	0.0365766071432531	0.00325011494411412	2
-0.0696017704626119	-0.0224464392954685	0.0192753615358741	0.0374392553234803	0.0845725076771449	-0.0665281149701305	0.0182599227446038	0.0620843027691873	0.0511836895686393	0.0303523714277282	0.0650904506419401	-0.0286084298955296	0.0840252639671941	0.0303800850296647	0.00119693622574532	2
0.0215588515141604	-0.0241425091641992	-0.0394214515020805	0.0519002636861371	-0.0138893588223526	-0.0352676062530275	0.00644287481001615	0.0230371334020942	0.0349208156896354	-0.0463551311151004	0.0580071593912532	0.0523136023840619	-0.0918380777970842	-0.00898207217125319	-0.00777916460290761	1
0.0466132307216889	-0.0377170104011084	0.0164944357299324	0.122080066982241	-0.0405200498553804	-0.0134542669883355	0.00648837587342589	0.0147017561241995	0.019960036061842	-0.0483630708213981	0.0253438864572616	-0.0911580055315361	-0.0167375963632849	0.255931405141117	-0.0459099374195702	2
0.0291547629736545	-0.0230568855626216	0.0386201777260449	0.00220950617655835	0.0426383332974252	0.0336859401616128	-0.129942681626658	-0.146659051993151	-0.0198090741965325	-0.00942274506810233	-0.0738830133922324	0.0177330226848957	-0.109384260267276	0.0455377136888018	-0.00950407822738223	1
-0.0412743909671448	-0.0817870145195436	0.0135714738309196	-0.00497676258817681	0.0224069292616408	-0.00985448540030887	0.0127572663205181	0.0405113410820853	0.0122304944857733	-0.0415300902810245	0.0191861154954195	0.0113746364699566	-0.0890159856264445	-0.0873584690031123	-0.024549579037001	1
-0.029297948767618	-0.00337397115255582	0.0106314505638536	0.127961085693976	-0.0111022615124135	0.0237045234650647	0.00484362444716924	0.00355179777204648	0.060844298312764	0.0506786928424991	0.165645933887169	0.0179721189220081	-0.165930625862099	0.0459409450747944	-0.0166026624266019	2
-0.0466637788550777	-0.0189138162893591	0.0369481813793611	-0.0624547679190134	-0.0824849066748373	0.0719648949359315	-0.0746385894662582	0.0124591388816574	0.0829757852688451	0.034779386439946	-0.109382651186375	0.128689089850858	-0.107662680977282	0.086788332096404	0.0719470775977329	1
-0.0399654785865689	0.173761524648048	0.166436766125995	-0.00478183714524198	0.120352200179693	0.0310420439149569	0.365187978195089	-0.132004407205862	-0.00782435689034401	0.0896366294677174	-0.0662996804195299	0.0328484266506641	-0.166397034578289	0.0113414521344034	0.0531625318407195	2
0.0117658963351814	0.110264822115401	0.0482364657872861	0.0506278198336391	0.0166017830635074	0.0360988097136958	-0.0329920772153545	-0.122092607638188	-0.101044025544055	-0.00803467067636645	0.0171528105593441	-0.0385593158439323	-0.0538874793350666	-0.0374388154407298	-0.0273695398609662	1
