"SV1"	"SV2"	"SV3"	"SV4"	"SV5"	"SV6"	"SV7"	"SV8"	"SV9"	"SV10"	"SV11"	"SV12"	"SV13"	"AGE_GROUP"
0.0580565333095791	0.019337185157874	0.0066966242687903	-0.0506363030786427	0.00804909068263172	-0.00831536578736198	0.0946556901771124	-0.000692943326163577	0.0673028662622184	-0.0444926459182254	0.0264840993609388	0.0356055985772539	-0.0151184532605981	5
0.0449365358183147	0.116899035791308	-0.0783794938723532	-0.0187868780846694	-0.00281274079803434	0.104663955925974	-0.000473601350086061	-0.116602679544625	-0.0485986626375904	0.022677797376156	0.0186507859515089	0.0624307098310451	0.0186484031334688	5
-0.0411392748226512	-0.0854175512777493	-0.0153330946343272	-0.0569002113723491	0.0454974114356048	0.0181862307728108	-0.00739165128156327	-0.0398245460344509	0.0549456167798187	-0.032894709450199	0.0336006377194006	0.0181232310477688	-0.000382846997863132	5
0.0189079710475595	0.0565845009692068	-0.0285149566220378	-0.00341279488432714	-0.0317641417437548	0.129767814924367	-0.0348022221347015	-0.113313299541357	-0.00976956141529645	0.16195092006719	-0.175470401190609	0.129241960897845	-0.0440276653103321	5
0.0574903844590018	0.0333126105739773	0.045645154800966	-0.00530670536336231	-0.0400767552670042	0.0971712503416828	0.0226235733163532	-0.0926043842354899	0.0402352720038191	0.13994782437625	-0.0376689677793673	0.0231587774723353	-0.0198145385199408	5
-0.00585686638960658	-0.0345333225505751	0.214916399935116	0.0582358687770332	-0.0797630084621887	-0.0852442785939113	0.12617554347014	-0.0652143578228563	-0.0240989867563812	0.0391350167970046	0.121873688564987	0.0220581602805611	-0.0860294804491645	5
-0.0479569512958706	-0.0926769202854839	0.0167089225785867	0.0990918881754763	0.123148848118869	0.00906001883676579	0.00930177260606162	0.0474235065810091	-0.0798128555359972	0.00739425609432992	-0.0599340373675843	0.0308671558908864	-0.0137892780612593	3
0.00704487314416835	-0.108896660656247	0.0049467538755118	-0.0238589225427751	0.0113575204358477	0.0947991551859985	0.0850674308512481	0.129518676221678	0.0882482107591694	-0.0835761242157552	0.0218880363442833	-0.000859406757223791	0.0671927461223487	5
-0.00627365906862616	-0.0861823335124678	0.0450211980939049	0.0437573987817525	0.100766906708259	-0.0915035325390026	0.0468314443918754	-0.00708818312217015	-0.152862548531942	0.117086082464685	-0.0869833502028537	-0.0445975315089121	-0.141282461483854	5
0.0532225638756975	-0.0980442035465058	0.0419635147040517	-0.15768563853294	0.063776134039262	-0.0225868952454826	0.0350238864667093	0.0698508877025314	-0.115903568881494	0.0390685839630032	-0.0508527133248139	0.0715586865537932	-0.0239338113643521	4
0.00312871233843907	-0.110436800183629	0.00875966781031439	-0.112601057026436	0.0290143979358984	0.0360823406012609	0.084200542069959	0.0446083740162635	-0.00595961389897731	0.147106702647751	0.0139146349962383	0.0655450254078001	0.00423780455133459	5
0.00271780252170832	0.0304762347855569	-0.065347656633773	0.0906472412819921	0.0337259806554702	-0.0126351753520003	0.0249929208606414	0.0424111360187224	0.0640137021983627	0.000627267213424626	-0.123173482205037	-0.0209395966012689	-0.0208511380530682	5
0.0164009402939962	0.0908139999121384	-0.110601599438575	0.0300772696187898	-0.0355687341220946	0.0298391101984665	0.0694584274862866	0.00551383890124869	0.0216128302798083	-0.00103943812839971	-0.00149655879725696	0.0241749024257084	0.101298943166008	1
-0.0104060786363252	0.0164453132205014	-0.00630220639123227	0.126013105267206	-0.0175522706247685	-0.0891858232241817	-0.0414642716244732	0.147295931464551	0.0286352058868367	0.0409707554997041	0.0631572618171056	-0.106367497444591	0.0708368925255	6
0.0054702277369683	0.0144010415822906	-0.0466256798393055	0.0771164393355425	-0.00306741162466488	-0.20088857782454	-0.132392992390728	0.0996521916061631	-0.0335854456739651	0.0405210850745599	-0.0547366562151569	0.11700423136186	0.0216277641102072	4
0.0327682153725067	-0.0042196758971201	-0.07865328690114	0.0397864996272979	-0.0746551132878466	0.0716340974448188	-0.041168589403015	-0.0571442439927031	0.00158217382248832	-0.0311555945365392	-0.00667148041820828	0.0278792140293942	0.0032285367695441	5
-0.0801165642200627	-0.0146506327190718	-0.0842534710570006	-0.374479050431239	-0.0231025838403299	-0.105415620276933	-0.0575080662425392	0.136652405807776	-0.153242373746309	-0.0532779153643046	-0.129291002719505	0.0875810373571924	-0.00543222213652801	3
0.0909707543043371	-0.0189796101655522	-0.0649879536062224	0.0463729191751459	-0.0659128722830186	0.0407594767550361	0.027389389820498	0.0412450055218546	-0.0617349414744714	-0.0195455127184534	0.0364894813614433	-0.00373124604978375	-0.0202953273696653	4
-0.011846045102675	0.00189346467192008	-0.0645657897111004	0.0642039466674446	0.0525412272880399	-0.101596785932751	-0.00509098936731572	0.108442106443355	-0.070931502591383	-0.0389825326255237	-0.0521200190562142	-0.134201775220389	-0.141664391357843	4
-0.056405196390246	0.130456093743021	-0.115710567496811	-0.00669079401295534	-0.0396234718659874	0.143802003781665	-0.0466895452655885	-0.115752964031636	-0.0447995527498727	0.182385561554512	-0.00207992461232002	0.119630332005501	-0.0288780054419358	4
0.03733123636975	0.0468179399370229	0.0840693194737043	-0.0315081592608346	0.0381950522926163	-0.0477259628179696	0.0504889994791789	-0.00784387481366522	-0.076104863757131	-0.0497985811661631	-0.017261629139505	-0.0340859843762686	-0.168860054126413	5
-0.00316567140607712	0.0227515170874047	0.107662364408997	0.00634622689882265	0.0917291530378313	0.018339764300773	-0.0614283873908332	-0.135266569780716	0.0398525354996374	-0.0685142096711615	0.0914570886160383	-0.128928256198235	0.0333863808889564	5
0.0404343942235439	0.0413712585576309	-0.016997485214337	0.0167954677831708	0.0363231848029289	-0.0885107340498278	0.125129681120493	-0.0331372118284848	-0.0207778804978624	-0.107379240575058	-0.00690791509245575	-0.125630153688125	-0.00904028933775874	5
0.00774043832423829	0.0537607122825327	-0.119798920271827	0.0820571087321159	-0.081726276393924	0.0678507060886735	0.0144258927351028	-1.34292384585122e-05	-0.0478994608043175	-0.0817475804544881	0.0956697223839162	0.0377997095464374	-0.0585320542723602	5
0.133953564376735	-0.0483348144154784	0.00409100413262719	-0.0267190346427693	-0.0219891822158237	0.0593197457683178	0.0699454830819642	-0.0165274105746292	0.00666269014765332	0.0124566301191041	0.00294244731286341	-0.0374067600755118	-0.026352007404551	5
-0.0611830478925394	0.0595727734843305	0.0342784999696145	-0.140181428313504	0.0612994223515688	-0.00816511448485988	0.0126893521445279	-0.0896043221207624	0.0904650200045138	0.00351391047915844	0.03022993417278	-0.0649989309706111	0.142848821395837	5
0.147791542934226	-0.0352381713548599	0.00343410895756448	-0.0326830028837707	0.025408369562887	-0.0414618699911449	0.0726753959736161	-0.042127845410496	0.0272066924318176	-0.017107513465811	-0.0195358079948981	-0.0146237477359092	0.0126050907372497	4
0.0629120052321018	0.0627185447381352	-0.0811181424333452	-0.0124747515100705	0.0536812802768663	-0.0759188116001328	0.0194350636863539	0.0567762248514971	0.00942040640575588	0.0566407253019151	0.013243883942454	-0.019520014299887	0.0274334317735631	4
0.191794254437646	-0.0295729873661887	0.0657476624117694	-0.0562811762281202	-0.0117442052957588	0.0182579094585354	0.0786247651490786	0.0154124848225886	-0.00578107458259764	-0.0554041297081468	-0.060894581309251	0.0310419225824983	-0.019892745428764	3
-0.0144313797697548	0.0558788804995059	-0.115004113410258	-0.0151059565487919	-0.106620323942082	-0.0523453160863477	0.042766688603398	-0.0204094223347603	-0.0274971013508369	-0.159135836164854	-0.0254322324487681	0.034471775604221	0.0585267420012674	4
-0.147026729954512	-0.0257450052824262	-0.106291600059027	-0.0588111362465332	-0.0329577782401819	0.0803229016347445	0.0103084444029951	-0.0620173958169914	-0.0309458879272232	0.0588256824422864	-0.0483242942467342	-0.0399974750386712	-0.042510828605029	5
-0.104375667732951	0.0509120386868772	0.0816913627115764	0.108730549754129	-0.186697214512006	0.0379065287369876	-0.0866773739936821	0.0466026210447558	-0.0742033837787716	-0.0399978282191234	-0.0179396115558957	-0.0718105867711703	-0.263929997266654	3
-0.0320451325358891	-0.0919521323535566	0.0887879906934087	-0.00840707497855009	-0.00894594681266964	-0.038752183176681	0.0644072066306638	-0.0352033219827094	0.0908626853725696	0.0636972029624962	0.0296254097538705	0.0562087804002799	-0.113144016834979	5
-0.157864737928672	0.00737618885767613	0.0816513933361083	-0.0453964704482975	-0.271437568655163	-0.0956672369200531	0.0708814279670102	0.0430845558281657	0.114527404711281	0.0684657164199837	0.0426889420655663	-0.0368430085057899	0.112822043190507	6
-0.0649840306924807	-0.0123137497142577	-0.0458815961729662	-0.0819501280539022	0.0186957749185627	-0.0120510762491214	-0.0103413136497618	0.0353891980844989	0.0785244732909715	-0.137467860177873	0.0345711532289956	0.0922067114943934	-0.000975454430447647	5
0.0447774637009427	0.0598184273126787	-0.0455904657670161	0.0381964547182449	0.0546622200814288	-0.0807456751813326	0.0970436933399036	0.0640392618456226	0.047618498460137	-0.0403365934275798	-0.0239849581775802	-0.0795561644171293	-0.0133510525606675	3
0.0908688514961481	-0.06544948679872	0.138663521464348	0.0718405782361942	-0.0379574084654038	0.0664655771057499	-0.119707270813849	0.262698254365223	0.116917767924565	0.0423929508032307	-0.0965493743666788	0.317585409977363	-0.0466670491585351	5
0.0334635485137387	-0.161414106646738	0.0605462239982869	0.0189994595176566	-0.0202606230003186	0.00669626688842393	0.0252345558849373	0.0741792187696673	0.00993545280933731	0.146680264216418	0.00161316781397743	-0.0168852139101782	-0.0227493499438954	5
0.00321525829319371	0.0850007999321525	-0.0949096810551569	0.0761318396449022	-0.153090105249413	0.057875534989617	-0.0528249276131336	0.0413622628016265	-0.136296696748026	0.0582954160306543	0.0415520671376684	-0.0050379486425837	-0.129089518771057	5
0.0619888760476245	0.0950160679643031	-0.0639825692441473	-0.011337936543822	0.00943325018804626	-0.0769702038505226	0.0746562352787241	-0.00942591494815912	0.0456058794191239	-0.0794234192871514	-0.0165216153016994	0.0373584304298334	0.0289180840397525	4
-0.111485258858684	0.098256264780455	0.196244798003611	-0.0911726378320701	-0.0412419046425206	-0.0655167786844475	-0.00752216998023851	-0.0561448878965266	0.010890021648615	0.0189464093219113	0.0143959498928003	0.0756371243277681	-0.146727870919234	4
-0.0848479413226269	-0.139618742621453	-0.069166218728268	-0.0641013098336679	-0.0305348083272495	0.0137881284522733	0.0753597792845879	0.00757966866098438	0.02748277178933	0.0304979827865418	-0.0681755790587078	-0.0433068996116713	0.036260565592326	4
-0.186839053523609	-0.0354133258970011	0.0889825449931564	0.0220863265143359	-0.128408144472986	-0.0840573678944907	-0.0907681912061214	-0.0707290562278032	0.145269278532258	-0.0121040351643186	-0.172113209053557	-0.110332181287984	0.0289625430858791	5
-0.0749569946966465	-0.00338614609502799	-0.0834819576172426	0.114205557768609	0.0544020294447495	-0.00747199660142274	0.0647673804890541	0.00849146034915572	0.0976610443891074	0.0842024146007715	-0.0471868932131122	-0.0197124583382006	-0.0225535995246687	4
-0.00284384215492082	0.00614132972785585	-0.0555699017138372	-0.092007584493788	-0.154221494289815	0.0726190819505049	0.0864070945213784	0.0261269023230806	0.0840368799163951	0.134684061993041	-0.134994552236511	-0.0302295519803334	0.111178180954689	4
0.0290730895647746	0.0119735523986828	0.107302075374944	-0.0740780300649901	0.0798030771809397	-0.000744360516320421	0.105179559133121	-0.107896433550119	0.100723860134133	0.0607600629300992	0.0708139736513008	0.0443078793267295	-0.153097116724076	5
0.101118573713391	0.026138604011785	0.0746239769000639	0.00369146348101055	-0.0496432891589189	0.00288551555891659	-0.0967453096972088	0.0765456069188878	0.176817667480844	-0.0326320145668729	-0.0421019852239486	0.319598363280985	0.0295186619786391	5
-0.111657101461896	-0.184438968685067	-0.0148984807472117	0.14058181290952	0.0246863313932184	-0.0447233966078037	-0.0262167791387611	-0.0898648895931335	-0.0244390946978683	0.0535665811366148	-0.189510516602532	-0.0197638942011584	-0.0524400829356058	5
-0.0547580056696781	-0.118338908086305	0.00664773409253436	0.0699431423245465	0.0146270983659942	0.0112079727251144	-0.16624398750769	-0.086632168075567	0.0350902049648657	-0.00535438046578037	-0.187353070863178	0.0627413090814614	-0.0282936621048425	5
-0.210972286375957	-0.099903242559468	-0.0392501637590883	-0.0328025870894046	0.0367941361340775	0.0607526181126103	-0.117561569220664	-0.122720471558984	0.0294884288865046	0.0452745087244906	-0.0487962702507869	-0.0651018736474364	0.113595329644101	5
0.0481862386737615	-0.0869401145404661	0.130192087370503	0.0163667422968268	-0.193403413717928	-0.107293993047549	0.00997842806826044	-0.0029613141943832	0.0481259599573612	0.100708044986692	0.0386512633287546	-0.0577141456560107	-0.0343193260240217	3
-0.0334044144375667	-0.0918454292982986	-0.00595558830598238	0.0457732096462717	0.0104884112962181	0.0433432723590759	-0.0656672774493737	-0.0235316413883511	-0.0176338416082537	-0.104886563907731	-0.0435645772816942	-0.00696571028460965	-0.123331449367694	5
0.0518986121017182	0.0359657418979475	0.0452047250795337	-0.0271746127711088	0.0439784955840132	0.0589961594295313	-0.0528261772186826	-0.152286143818665	0.0540278442004393	-0.0306508793845133	0.0360781480399833	0.035506729408595	0.0746201213965449	6
-0.0166588340797992	0.0294183185603332	0.01288709655558	0.0547538793802931	-0.044761085415639	0.116978861552269	-0.147312897132884	-0.0196461713139718	-0.00177564209218675	-0.0911830345825478	0.112704084304229	-0.0328702952239955	0.0129554150318183	5
0.0591091546579435	0.0393380803958482	-0.118596405076297	-0.131475877770386	-0.0733929427376177	-0.242853666458412	-0.038498536488359	0.00290700018614222	-0.187870912659324	-0.0778933073317296	0.0232831702533901	0.209227735962574	0.0889572819858701	4
0.128129437330832	-0.087369727100845	-0.0604523419770571	-0.0111789805107154	-0.0592031286760704	-0.110685945204394	-0.113803267807669	-0.04266750583598	-0.219305197535492	0.10545087649746	-0.0297067977055541	0.0114517981102817	0.116791543084108	4
0.0276067173945954	0.141506896341758	-0.0716794388629641	0.0273797058374777	0.127928327191721	-0.029257591072424	0.0298753751420077	0.0969896793246117	0.109026903470926	0.0599480947749118	0.0136021485660154	-0.0438253725233386	-0.0120093837163367	4
-0.00194329037786777	0.0438506958862544	-0.0904322238309111	0.0178890345591815	0.0977493781418377	-0.0899047945964304	0.0208931061741916	0.027290007733092	-0.0281977617166783	0.0480086896955956	0.0695422411932062	-0.0323783930736968	-0.0222739244727113	4
-0.017765043901839	-0.00282499542836844	-0.0750622975020245	-0.0582907211785314	-0.0101928722381739	0.108921898733375	0.0386035856551997	0.0886234898640764	-0.00262715500541496	-0.0633989847489414	0.0989809512464797	0.0871058105623368	-0.0160927898009823	5
0.125437718912098	0.0678288754723447	0.0226489059649052	-0.0329179209719275	-0.0238867793944643	0.168457756047301	-0.127404982197514	-0.0627830215389519	-0.00257231083737826	0.0259695482172906	-0.109856629398989	-0.00207718397421784	0.113369669655022	5
-0.0972932486708525	0.135484392414446	0.0205471826189258	-0.0304816442432096	-0.110127919278289	0.112183697977032	-0.107239171734081	-0.0834331314293315	0.000361719584684482	0.0934366531964008	0.0640727966686507	-0.100553586571394	0.0588593594110937	5
0.0418764987156865	0.00440138847406663	-0.0347139170023275	0.035864868289705	-0.0250724086018408	0.101026077102133	0.0469565203318288	0.00969440458029117	0.00566704677569674	-0.0539914178393151	0.0982706005465709	0.0139762276868537	-0.081439871149948	4
-0.0893850046038317	-0.046963978814848	-0.0134328118216507	-0.178900597849819	0.019745892244321	0.0471181351265096	0.129357895794666	0.10393222713164	0.0446687404310285	-0.0190603755798018	0.0601534368979181	-0.0683690833212083	-0.0334521107642795	6
0.0194641730497593	0.0721951781399092	-0.0810237697242634	0.0142745610491224	-0.023121665682104	0.0918744074882973	0.0383464099844433	0.0154585929600005	-0.0743332734698626	0.0338187046305376	0.0647884578813682	0.0497495638100022	-0.0569362636191121	5
0.0175559482902124	0.159786427821935	0.000713136221922408	-0.0170473789861948	-0.00772740194133392	-0.361472861098138	-0.225045239606598	0.0254928788091187	-0.205821185222046	0.00899208765623118	-0.0348295642208115	-0.0425788207825462	0.022326735080469	6
0.0710765793359092	-0.121406085839814	0.113731754837005	0.0955093016090552	0.00763654353820375	0.0796907116742979	-0.0905442499730989	0.16050333477985	0.0523998771890744	-0.0855498731018957	-0.00609904062460929	0.0159373731857251	-0.053487556003045	5
0.00214713370087643	-0.0293525691423397	-0.0401562370497555	0.0283191293127294	0.00355012066145859	0.0416423831056283	0.00195912523168365	-0.0753782420731054	-0.043604765911496	-0.00804844541022141	-0.0928905052831629	-0.0282298512230901	-0.0357525547509954	4
0.0234191091268369	-0.048404703715857	0.00164650487614877	-0.0125144937645674	0.0969014119079104	0.0130482989396313	0.00272421284825716	-0.177393075365405	0.0212188192781884	0.0252607168083558	0.0333756077052427	0.0470990883792326	0.0160341350987245	5
0.027026198731679	0.0657931972861683	0.10225062469793	0.0200824412802337	0.0322760027611584	-0.0567562796075845	0.0315090383880074	-0.0060454637313057	0.00996730337830518	-0.12478005935899	0.127842230702972	-0.0881082918092129	-0.0310362287655632	4
-0.0419042431572847	-0.00126498975671182	0.0957944991979317	0.0127087178415578	0.0737304309065729	-0.0232488631307591	-0.0875545235095402	-0.0814365769241063	0.0455421637074629	-0.0894987108473846	-0.0612941891638152	0.0233203189206418	-0.13146338545302	4
-0.0694185857494855	0.0496886124692289	-0.0367803805907395	0.0159130349625412	0.0657366622631542	0.0257769135893894	0.0693709581828695	-0.120335256497204	0.0378895582407985	-0.142366421850349	0.0304417650505405	0.0176177905362558	0.0486447863220536	5
0.0813887010456825	-0.0139974669023342	0.00848577528172762	0.0159861848784574	-0.00217061096314427	0.0284008108736587	-0.0242861965457404	0.00834888821876187	-0.129930659690481	-0.0343386458456147	-0.00399601804738964	-0.049456561763521	-0.0773167018368129	6
-0.058199290550688	-0.056278288068307	-0.116807359474764	0.0634640164067139	-0.0455786748862401	0.0715028491414613	-0.0633165995832987	-0.043321080212199	-0.086484687289572	-0.0449250642620733	-0.179057118572676	0.0560693755273658	-0.0339129747046296	1
0.015169197595555	-0.146810284746033	0.0399308459457867	0.0211503694996266	0.0314035382879789	0.0239510715289311	-0.0865172978245782	0.0461931696051558	0.045036789067265	-0.0949624396113331	-0.0214503816799184	0.0116519494933289	0.0162265686462275	6
-0.0462765529340233	-0.112009711043819	0.00366562018283462	0.14973627646285	0.0961598984138203	0.00574984357705329	0.143600851857905	-0.0111466942685483	0.0587413844405227	-0.00249496406976186	-0.0108331618798473	-0.0572085936156989	0.0134535766788643	5
0.143984165770958	-0.0945067184240271	0.112223240866551	0.0349045927330148	-0.020854259367173	-0.0163193341351972	-0.12879078470145	0.00413439851794487	-0.0549276499305714	-0.043419515143134	-0.0490523648151878	-0.111234598973244	0.0910318609277122	4
-0.0860327488368637	-0.0200277842811099	0.0740501897790428	-0.076679620332625	-0.160069275391856	0.0157476666739618	-0.0376136855815835	0.0628802449023844	0.0868010368375841	0.0241736123346891	0.121018434785712	-0.0916427319289917	0.0315303412127022	5
-0.00684718887573229	0.0689711725776136	-0.0206736196375124	0.0386929953338211	0.0130825562228203	-0.118618001872537	-0.012044070202679	0.116767592248957	0.00405714427578169	0.187060360021028	0.103210754248112	-0.112261770119053	-0.0508711356884405	2
-0.120849889804406	-0.128096123793402	-0.105670988491799	-0.0186508345129146	-0.0715706185571338	0.0113670657770922	0.0305482776245493	0.0100528605888831	0.0113937843020839	0.00626438509326495	-0.0853846590689459	-0.0406513768499098	0.0653998440501212	3
-0.00483400632909058	-0.104409169904407	0.00705490943545932	-0.144240868163929	-0.0278513757219693	-0.00963372606283119	0.00830014772350714	0.0615719087644412	0.0234516812807927	0.00498453438973706	-0.00366593942110914	-0.126678045060251	0.113417649779047	6
0.0683308756148683	0.0652064949370683	0.0602566486400627	0.00718024941294884	0.00437513681845695	0.0628587417403028	0.0268307742102484	-0.0999562751872077	0.0337606710265721	0.000574039170529915	-0.0607249108735626	-0.0456365624382811	0.0615299655843918	4
-0.0545210694622284	-0.0388389723800016	-0.114797287624145	0.0830887851501476	-0.0657552492745963	-0.0357715398892912	0.0705576277885781	-0.0502639204307298	0.0137174628516253	-0.112508313450974	-0.0353414587516424	0.0505673198462777	0.0435240350388966	4
0.0748130800366545	-0.0867546171119374	0.0587051015069663	0.0675277626273556	-0.00283645698964279	-0.0572091517431277	0.0325884035837955	-0.0100900884161782	-0.00575012879969928	-0.0200289792176462	0.0292271559887726	-0.0708771875422856	0.0746031992693501	4
-0.00454358318961105	-0.0146163769553532	0.000180933541934881	-0.0151260079545092	0.0806750573218203	-0.0428928365057522	0.123992168738081	-0.0737588227389891	0.0387269539373786	-0.0255923248199631	-0.0670842100674894	0.116769927594392	-0.190586298910521	5
0.0717373478483078	-0.166577577577352	0.0264386593897553	0.0701175115545137	0.0224115205132029	-0.0233185342355926	-0.0137709637994198	-0.0441943311691871	-0.0293007092397365	0.00367440805689686	0.112137020000349	-0.011508531476696	0.0737759721478939	3
0.0700947485529431	-0.0832127288197775	0.039027473300689	-0.0291707325299351	-0.0162705597318232	0.00243373391285008	-0.0607997069338295	0.0689905131026973	0.00478038465103046	-0.0924190208577673	-0.086256810951317	-0.0707082185028171	0.034676088150583	6
-0.156307078303539	-0.186190056082434	-0.0786651012664992	0.188327472431746	0.0518421090517329	-0.056783998365731	0.080550596310624	-0.0674864792028127	-0.0275750750787732	0.043482243128386	-0.170034785942827	0.0228578755134356	0.13177329673457	5
0.097144035810953	-0.0450911083112314	0.137015751375237	0.0362763884744	-0.0970793869900535	-0.0826352414865935	-0.0307274800355965	-0.0465000989178072	-0.0534449462911777	0.0629048468837106	0.0173948953830166	-0.0639872617895537	-0.105472368778129	4
0.0452027306772016	0.0719292865709492	0.0194877839843788	-0.0599035974487322	-0.0465286148543393	-0.00855208408831098	-0.0942754002761482	-0.109150853162155	-0.0219954802950057	0.0597753423216889	0.0484188663059518	0.043666472406224	0.0479557666499972	5
0.0743138834398875	-0.0491369823060305	-0.0338010136407333	-0.0676248660788703	-0.0656097373965818	-0.0660956147590846	0.0150905411193493	0.00357984392969369	-0.0460877817877222	-0.0485900585304512	0.0181803854915556	0.0731246227686829	0.00443481750355486	5
-0.0750381971587351	0.00232743048419103	-0.1202311748901	0.00734166910008212	-0.090066729843757	0.0350077298282622	-0.0513017927226145	-0.00755275551541717	-0.092084827997597	-0.0298295465909115	0.0841903940595502	-0.0398772114234037	-0.0110273595391892	5
-0.0185313989058355	-0.00100997792455673	-0.0185567323043257	-0.00732870103844562	0.0784576670815714	0.0259863855214155	0.0759311251096367	-0.0346658513407522	-0.0157792124055607	-0.00995021600841815	0.0494034398430747	-0.0236465651819962	-0.0465228423756659	5
0.0149555991176524	-0.0360493259555478	-0.0802195528916971	0.0194998388825121	-0.077790475313751	-0.0104064360941163	0.0310022013711442	0.0479904487259043	-0.0282092255445955	-0.0718952665284021	0.054031387208309	0.0168689658168713	0.0450517573946215	5
-0.0804187756435088	-0.0145327196881088	-0.0515763588990716	-0.177606879296462	-0.00344084617874259	-0.0445917340337245	0.0416422714213729	0.0357781878957827	-0.00183980224571239	-0.154353609031222	-0.106562049728466	-0.0285936578609668	-0.0709030180285179	4
-0.0492792237453035	0.0578984645742331	0.0945866055513615	-0.0497043058088606	-0.166858800063042	-0.125351329135233	0.054084879623246	-0.124670522128222	0.0233686075322745	0.00480287398179769	0.0459653573314906	0.0626857405871119	-0.00809570412106084	5
-0.00746726719117966	-0.0683209664763126	0.000424431639081989	-0.115956022172821	0.011087814179616	-0.0294447200609237	0.080005937694861	-0.00469484099882087	-0.00127572775493252	0.0266483719176518	0.0251213516671365	0.00110699665993866	-0.032884218567103	6
0.0543965337765277	-0.0515496667516655	-0.0316111353666357	-0.0629336745127505	-0.000426483501441892	-0.0503299672629474	0.0609568212975651	-0.00797568809240681	-0.00180636928637535	-0.0697031673664718	0.0012220485430003	0.0686932118564232	0.0809656657202408	4
0.0630266988379287	-0.128418817825831	0.00222178074471099	-0.118373066428496	-0.0775662782136194	-0.0434944519971221	-0.0548997272733725	0.0443390822253833	0.00869655652446205	0.011563358013309	0.00978118822062338	-0.0372940946556356	0.173805640677266	4
0.0511606459122097	-0.0422668808069689	-0.0616018654363373	0.035401508599197	-0.000475106781919123	-0.0397454110715489	0.0514055295273175	-0.0450115881435312	0.0287854358141606	0.00905640172613423	-0.0413437144025118	0.0703719350585077	0.033591553273938	5
0.0174928931999477	0.00821452093250731	-0.053888746097393	0.0306508394306762	-0.0190598650474668	-0.0376476715268519	0.0729437972750621	0.0526652305814668	-0.00377409967187324	-0.120732857486969	0.0941710480939672	0.0469090676007101	-0.0217116113573006	5
-0.155096697318776	0.00233070862472194	0.232358378910932	0.13552722539776	-0.0139617641612077	-0.069943155489085	0.136578248961689	-0.0325277334434045	-0.174710211774431	0.0597514371329016	0.118123609428781	0.239562067913237	0.0745473529632251	5
0.107935911205679	-0.0711819010852347	-0.00109498933828023	0.00605843022859112	-0.0906807462748229	-0.000327983361678922	-0.013599156890502	0.0061522846469119	-0.0422775484443699	0.0606741347958577	-0.00717461439251886	-0.0377573071671115	-0.0386907375078745	4
-0.00274151062342378	-0.113779019285813	0.0794583195739587	0.0451310722011224	0.0142087948693967	0.0184417231642991	-0.0207761163661108	-0.00177710857431403	0.0764356803618596	-0.0793158208844876	0.0768993312878193	-0.0459865545368714	0.0118538391407423	4
0.0525607684361582	-0.0543489271285511	0.0544511222738608	-0.0660831086839892	-0.0398316820533807	-0.0132515227831213	-0.0671514964076107	-0.0300760894726834	0.0591568106854389	-0.0844514169982491	0.0640741193932849	-0.0689856411597206	0.0321428786652243	5
-0.0226228937384986	-0.0343545639744425	-0.0519097958541424	0.0108807898499321	-0.0187498261423941	-0.048616456140915	0.0747397536287222	-0.0837516290554063	0.0388890148699311	0.0120556086678558	-0.0135434143614889	0.0313895309165029	-0.0480069270638113	5
-0.035612372516891	0.0781822865994542	-0.047511941512565	0.00993546125731664	-0.0933086097302686	0.0437077257522761	0.0101977511839751	0.0160862604414794	-0.0707667738063864	0.122304218025522	0.092085343925808	0.0210582607565159	-0.139237485892335	5
0.0908372993240347	0.160038462141423	-0.0522349149184092	0.0289144251148402	0.0618616058200317	0.0404565093112314	0.0836794705077099	0.0752358521677776	0.110232290803097	0.0314524509615779	-0.169394451850737	0.00150977807200817	0.0783380509217205	6
0.0439532569107598	0.0562105225664226	-0.0347957953310062	0.085304325223451	-0.147298591865594	0.0681180502062815	0.0570961349907621	0.0339921557931214	-0.00430204026945993	-0.0235797204036514	0.0584846892895059	-0.0365478908503641	-0.023898597598211	4
-0.079064451257835	0.0574175058002207	-0.00562485356001988	-0.063983208614661	-0.0195335096882108	-0.00403503302999789	-0.0708084491436163	0.00867369256310154	0.0172282323237719	-0.218132219468924	-0.0200841470477899	0.0222918975178803	0.0196611975137821	4
0.0303540493641283	-0.0138447107913856	-0.0689874689622493	0.0576390985513512	-0.034166933106937	0.0210293054571698	0.0646530924258892	0.0252023972332981	-0.0319389684940095	-0.0626442315128676	0.0722324234602137	0.072300663950154	0.005012110144511	5
-0.0733208481344831	-0.0433144472494325	0.0356786465605427	-0.261565684395811	-0.107962071291051	0.0185764798757855	0.0714424817707449	0.175630291552537	0.101578952563107	0.192847627973708	0.0183858261563117	-0.0470155245993994	-0.0166318456519032	5
0.0183202095755767	0.0668013884518683	-0.099103448930617	-0.0337157282269027	0.00371022874952551	-0.0797520629564742	0.0597951909057474	0.0019212428395532	0.0293404531694911	-0.10362413246671	0.0242149963224963	0.00877131614055729	0.0611944837317382	4
0.122521425294058	-0.00801528698333538	0.0302401543294517	-0.0723465761441357	0.0504279077783335	-0.0105027073962746	0.0512970828281406	-0.08644034191417	-0.0404830750481215	0.0654397955817896	0.00551595702699033	0.0284752939817466	-0.0500092014681542	5
0.143106288190165	-0.0298811458849694	0.0212413245292502	-0.0287586922324395	0.0150565084505201	0.00385482135816848	0.0477544450648599	-0.0986786580384999	0.0666550854723073	0.0163148411569185	0.00424976599434426	0.0200756126465515	0.000422048923023886	5
0.00732315234431843	0.061891973408807	-0.00464498639904973	0.0796098057059841	-0.0394407023640837	-0.0679311338302067	-0.0180321734620714	0.00925139172967252	0.0977877102216254	-0.0214075260572159	0.0442559113506205	-0.00716067038945211	0.0836777254624703	5
0.0639807301350018	0.0705197487095063	0.0577975147554546	-0.0719875843799507	0.0445658849036494	-0.0764628331436618	-0.0379384045576728	-0.10250344237035	0.0556703225930475	-0.14732133120117	-0.0295980906503178	0.0730003641603863	-0.100441517587775	4
-0.0803722314978001	0.017115944965366	0.00034325245910978	-0.0215287756020747	-0.097725817269543	-0.0281614816910747	-0.0553956258402527	-0.0989246664881619	0.0385273779051507	-0.140227861185259	-0.093448984336243	-0.0866427589992505	-0.0730518860164444	4
0.0663563984288122	-0.109645110829883	-0.0126655345399012	0.00219200583961478	-0.083662282190865	0.0232317820361628	0.0148402979789025	0.0034729809754548	0.0501258830508159	0.0273530214844224	0.00494338304405075	-0.0995514007183213	0.0212203386028221	5
-0.0228521408713599	0.0178143037763213	0.0579678178452224	0.0512310283059075	-0.108108188243304	-0.144873169871961	0.0330650184798328	-0.0716705049570661	0.0451259364143003	0.0675014432605787	0.100304590940944	0.0182111993291695	-0.083720288469305	5
0.0418132896195685	-0.000815095837703069	-0.085285000139382	0.017737164659245	-0.0709443565806689	0.0334056797881355	-0.0136279021536421	-0.12575510072879	-0.0285958904172296	-0.0420996866994726	0.0361730182790877	-0.0240683351916701	0.0179588045475042	5
-0.0624397318567108	0.0359823203187376	0.0107430743136228	0.0252196368123625	-0.0362133676535419	-0.0501014786114396	-0.0281252231584713	-0.084514288129976	0.145747103657183	-0.0923067337994799	0.0587364332990285	0.0448414799538204	0.0339313555183697	3
0.0950441299222383	-0.00563286580802548	0.127821542643465	-0.0009949310620916	0.0214871283360053	0.171402356679768	0.120309018668784	0.0793632780879378	-0.0137208109841246	-0.0789552228893623	-0.0416057785625101	-0.167047589737233	-0.035308197373445	4
-0.0145220698352573	0.152710311363835	-0.0364225815173579	0.0235995869835384	0.101315221021574	-0.0512851931065725	-0.0799020592406168	0.0426494006294115	0.107789789742122	-0.00217892520716141	0.0491902774720977	-0.0350985565406431	0.0889588736865793	5
-0.0941261571948816	-0.120610323756315	-0.0586284276439799	-0.00724398700104673	-0.0345945208459607	-0.100678974415413	0.0415175621702462	-0.0186089024673151	0.023520283400456	0.00867683696027201	-0.0340519758795018	0.129200761962482	0.0186823664243452	4
0.0742005589183615	0.0872300976955705	-0.0357654291929504	-0.0429001648154556	0.0891182149875918	-0.110414893993803	-0.00661752791177136	-0.073757598858213	0.0219190092710723	0.0267090511584936	0.0115716881343185	0.0360945624918894	0.00145345186274712	4
-0.0141997097577703	0.0285642607658721	-0.111425439761922	0.0906153453901724	-0.101358462238064	0.0782362081138208	0.0193509549337168	0.0427992238717378	-0.065694735964198	-0.0463808662201813	0.0668784966800365	-0.0527109607985261	-0.0728571144026475	5
-0.0544473327503317	0.00866410856781345	0.000791856385417054	0.0668190716254768	0.00979435192661192	0.098971825819145	-0.100053430292518	-0.00912855277470024	-0.0609753040060219	-0.134943634492557	0.00439955824869999	-0.0634267982738745	-0.0838793847782403	5
0.131791037147179	0.0736589098309048	0.0251141852879169	0.0471848909452251	0.0174681314780985	-0.0465491193635047	-0.0415244697215671	0.137929819495988	0.116254611629094	0.0120874410985316	-0.079586064048465	0.0210802704730789	0.05566082859256	5
0.0179857189205791	0.0507835785973433	0.0180826912083558	0.0172238785365515	0.0674009481302582	0.151422959801163	-0.0994940348762406	-0.0683799775456096	-0.0847849237498344	-0.00134463872043936	-0.0441016481954513	0.00548024665325137	-0.00330399744443697	5
0.0249390535974765	-0.0840882261928859	0.111135875279227	-0.0377403470273004	0.0821951456209457	0.174574961665897	-0.288062594698571	0.116221089208573	-0.0391777164978221	0.0670557961895425	0.165665343419957	0.143436293343728	0.0649551021324083	3
0.0964648766886259	0.0390101200856194	0.0857639323831148	0.00341256256323044	0.0105355610039117	0.0145435839325013	-0.0280877075477821	-0.0542450050825057	-0.144714292616109	-0.0913036484866291	-0.0550243335286874	-0.206719026867823	0.121694692588679	5
0.0176293941369704	0.184276980874822	0.0269191579634046	-0.00186589475643769	0.0250351483505241	-0.0513524365050446	-0.0705222045228039	-0.0374074018241635	0.209821163830371	0.112412577799796	-0.0157858050426465	0.0806579373218719	0.0664959699744953	2
-0.104136740374489	-0.0431916316855288	-0.0235552633024582	0.0173278316938924	0.0355038331658161	-0.00359987961846055	-0.000381437031979811	-0.0908286586364809	-0.0189851202511991	-0.0175153495512745	0.165690264925212	0.0532223009810632	0.186394664017758	3
-0.0309234276646403	-0.0100957023297674	-0.0700053587747662	-0.00785585392473809	0.0456881266944525	0.0924063619054639	-0.0164248854021477	0.11593746040264	-0.0485507026368496	-0.0020903140222028	0.183036967094806	0.0903007678577355	0.00515282418479377	3
0.0248908744960163	0.0544227460515425	0.0713818087336961	-0.0457494486561725	0.161275454047911	-0.0712403047930598	-0.127858029621913	-0.0337387076900175	-0.0960262382440323	0.0150030518617889	-0.0348212243834738	-0.0590607807706083	-0.0606890318106042	5
-0.0509291821851495	-0.0178323338434065	-0.0802851449947426	0.036285255753853	-0.00593543207971518	0.0516503339415187	-0.0202901844218848	0.0903566132067267	-0.0208246916575758	-0.152843379270847	-0.0172316266898545	0.079434351190249	-0.0983632762897813	3
-0.0252776162407621	0.0273846783014664	0.0298484852221255	-0.075743136288141	0.173508203377963	0.0404618254664885	-0.0605517681895212	-0.0344642575311876	-0.115279729549779	0.0637301478287311	0.0468063157746729	0.0129698549647339	-0.0574447392583126	2
-0.0670362767071666	-0.0520914135201804	-0.0275467776963133	0.0210434963307391	0.182818764256229	-0.091739095890761	-0.132605062776659	-0.106771545975366	-0.0983910215805564	0.0769708879176532	0.205270348501017	-0.038668578857753	0.136119363921665	4
-0.0954839293211081	0.0486020308703346	0.0322687870990365	-0.185921001501253	0.15058491417906	0.0764896955770844	-0.0347391520151292	0.0824401240197751	-0.0171972561790005	-0.123756488153974	0.0144732676198242	-0.0730871535968888	-0.087286539480123	5
-0.203649252778616	0.0394015701027341	0.0487282404727144	-0.292442528409543	0.113186193429803	0.120139759428325	-0.0493370400482816	0.0235800424402626	-0.0695305248115451	0.0695715317544695	-0.0954352205452674	-0.107812672605362	-0.0658867156602568	5
0.0112617067869253	0.0866437523009112	-0.009298598719949	-0.0171384659924747	0.162791124487688	0.011890957697955	0.043774306284435	0.0637790763932123	0.0669440647295678	0.0627143977016308	0.0614115696797637	-0.0411480129065378	-0.0486295880317924	1
0.0303962945932437	0.08810622671757	-0.0656905137038206	0.0609062270159185	0.109070164703704	-0.0428115798327856	0.00521601370239266	0.159314434232571	-0.000144275865946092	0.0500093462800414	-0.0637148770855101	-0.1039744707442	-0.0444586978133123	4
0.0316596736599549	0.0553526566653798	-0.0598857223090739	-0.0300558048654832	0.021346239462622	0.140354725187052	0.02834038839396	-0.111459488565081	-0.0329047271931654	0.023783294681581	0.00847666101590176	0.0503783610165162	0.0490249134569925	4
0.00063084465941874	0.0857124701091142	0.0483235058080972	0.00959391188198227	-0.0567311021046815	0.0554779641737594	-0.046274763238625	-0.0781560066710475	0.044256184416016	0.0313613941102195	0.00529347281946387	-0.165555766622731	0.0112535613118799	1
-0.0819615518849736	-0.0192719143196304	-0.0936986643991693	0.0937342766331079	0.049369620011406	-0.0268208155114305	-0.00310523021077	0.165881477582051	-0.0896227950977794	0.141943897358149	0.080807206794969	-0.0588694658139371	0.0656329092432071	4
0.0386937283384896	0.0959014100672972	0.0380804417452695	-0.00353510667142489	0.0252306001592107	-0.0694964462965156	-0.015025861210563	0.0159645607910302	0.0393348610362039	0.0930517936577616	-0.0803701067679632	-0.0189323469476833	-0.0698458856861382	5
-0.0841309951998793	-0.11478692061154	0.0546761771987265	0.0270372636223416	0.0946551322421615	0.114240712943802	-0.11520724760416	0.103827293106367	0.0256417938907933	0.0668816396852305	0.137447324351955	0.0633761337350475	0.018944683875196	5
-0.0358974850395527	0.104707305395413	0.0259708288638308	0.0649767734393782	-0.213995198363593	0.0415407888568213	-0.00779265310335926	-0.0405759571286798	-0.00147206786291102	0.089012415943288	0.0563178235877561	-0.0442751011654571	-0.0772749215977873	1
-0.0476424998157335	0.0441628043081397	-0.0849275248981967	0.120568344619976	0.0951462115427018	-0.0666167014226048	0.0648693653436536	0.112853113556912	0.0790445668450706	0.0790471678685587	-0.0302798236618252	-0.136328076013702	0.00470587411538435	4
0.0106042866685009	0.0485369687571498	-0.0134665079444925	0.0211118196470601	0.0596920369760388	0.0867141151627196	0.16551333333654	-0.0756121702858373	0.0612311863605435	0.013319033157326	-0.0241397384194159	0.0514373193480435	-0.0251630758559636	4
-0.0686423071636085	0.143919145308756	0.0181098048371221	0.0639612605330575	0.00567348756155736	-0.0216178068401245	-0.161160209870961	0.147591426411987	0.12710337558229	0.0789559338303015	-0.187656495189663	5.52407014422605e-05	-0.0318189292941153	4
-0.0997630436289933	-0.0873844000575324	-0.0684907335686984	0.090373112923292	0.0878176630111416	-0.0234869333274603	0.0720105056644332	0.0208505008111308	-0.0147720575715494	-0.0153488270857986	0.0537221040520829	0.090148628760892	-0.0152661567364692	3
-0.211938761600501	0.250975521531652	0.438462597301515	0.114424725795615	0.0240543458827771	0.102918063227021	0.288303930045936	0.147232502657737	-0.331697616921367	-0.095426514496168	-0.191891536692248	0.092792754185962	0.316129264492405	5
-0.0522777238587265	0.0517631728772971	0.0158492779041754	0.0716118719409086	0.102954837514483	0.0102780824099124	-0.0480135277084088	0.00280994725889023	0.149298069098932	-0.0358234815942173	-0.0688049484448951	0.0646660647623357	-0.0483741116697974	5
-0.0896308764225513	0.116522683246284	-0.0361330273226495	0.0399415597578646	-0.0399841235769688	0.0646003582936346	-0.0703146076968446	0.185910019251514	0.0636487634674832	-0.122920292387966	0.105683804323794	-0.032692298419178	0.0955478779312733	4
-0.0582301812652296	-0.0675003339924956	0.101469364963142	0.0737830475269786	0.125712370171231	-0.0418606807169922	-0.10201181525398	-0.07098962105682	0.0867781213164467	-0.0693406271077883	0.072214954263912	-0.0101410560176499	-0.000811055322361253	5
0.108915359743383	0.0302520543211154	-0.083783396733038	0.0372087455533708	-0.02428330446808	0.134593230007569	0.0317073854725738	-0.0603789263734012	-0.082519163716208	0.106025492445623	-0.101732543923763	-0.0226597582099369	0.191476652574923	5
0.0134846599599596	0.0467263820447519	-0.0456443906210182	0.053797839202503	-0.0364817805879386	0.0664637075669619	-0.0174378599564935	0.0329301282561688	-0.109849872572275	-0.026622417514844	-0.0286435202890971	0.0521271322472222	-0.109605764428041	3
0.125283205171129	-0.0350798424734072	0.0129696329849366	-0.00880788965662084	0.0162713239590597	0.0768239507380927	0.0593140080925898	0.0635195566696967	-0.105076272887199	0.0667329534005161	0.0887501293328604	-0.0523901668928081	-0.0190017907590865	5
-0.083182669809977	-0.012930758611661	-0.0449449875622437	0.0639082249691664	0.165874459162245	-0.0345960944669587	-0.0282112937583397	-0.0212575831402071	0.0105301316505571	0.0952845026870418	0.0887385178897343	-0.00621389769975666	0.0568846489554238	3
-0.00406538994444359	0.0646734546148609	-0.0491048540698737	-0.0229346514143448	0.0972983690498727	-0.0444400992504745	0.0518714783949258	-0.0351242175211265	0.0281729369348684	0.139327760355086	-0.00345280020436178	0.0161842418954054	-0.0273800234973238	5
0.191964769589945	-0.0428297560738241	0.036718038107945	-0.0372040626791824	0.000745349979862809	0.023356939246115	0.0343298117522611	0.0154388824359801	-0.0273546966438483	-0.00382568806208641	-0.0371131939186566	-0.0537272003072036	0.0238083548944361	4
0.142926820715448	0.0329939469690288	0.0385437208951672	0.0141177393031275	0.0296508289398015	-0.0183839910448299	-0.0423363234011465	0.00996157125711808	0.0727489778226946	-0.0121231772122961	-0.0456944300437088	-0.016869391644188	0.10234566874031	5
-0.0320753625299649	-0.0316319015699707	-0.0314982896746279	-0.0309276394157538	0.0970877391541659	0.0126356056148655	0.0959115152656918	-2.61346559712754e-05	-0.044770180059056	0.031803055225642	0.0769547549244105	0.0447366348722144	-0.0191962283147514	3
0.117096833350694	-0.0455231212670891	-0.00410088035577262	-0.00135034832398104	0.0110537269574249	0.0443366540870236	0.0228242924327068	-0.000175919209817167	-0.0720233253033538	0.00477738449160115	-0.100130273688298	-0.0748925886158857	0.00242281543216478	5
