"SV1"	"SV2"	"SV3"	"SV4"	"SV5"	"SV6"	"SV7"	"SV8"	"SV9"	"SV10"	"SV11"	"SV12"	"SV13"	"SV14"	"AGE_GROUP"
-0.0984215719767389	-0.00113795210318005	-0.0098415298441682	0.107240389417883	-0.0636837021846245	0.0261816572655886	-0.0542161514690022	0.0384946759965257	-0.00534084455449532	0.00684287024267692	-0.12406496191965	0.0143380614675519	-0.0203658641417029	0.0513897009471334	4
0.0946325066554538	-0.0219480300966164	0.128847507531623	-0.0249168305568163	0.0399697642540653	0.021243812054964	-0.117574485292937	-0.093746525432742	-0.0557249832145082	0.0337195408119506	0.0948929397141772	0.0028003651769058	0.106122781419313	-0.000553239221969971	5
0.0085200498295567	-0.0691813049323391	0.0641127611233319	0.0291861230906056	-0.161475600992984	-0.0563115599256128	-0.195670910623783	-0.0413297405360648	-0.0970058356109067	-0.183095952188946	-0.0105156667577772	0.0399027472892525	-0.238814320600666	0.0481997491136688	4
0.158613044645793	-0.0409312327018835	0.029461495536673	-0.0457650577173495	-0.089294118190373	0.049624438224415	-0.0544848563671595	0.0116610291138106	-0.0458589954397768	0.0359325432469309	0.0148384674480947	0.0569530929248995	-0.0556015999184679	0.0739350626971661	5
0.148375909103362	-0.0903849064590215	0.0196981283720528	0.00194805019907807	0.0763374887068486	0.00237227523648917	0.105206887142872	-0.0156628411269179	0.053295138445502	-0.051123279815139	0.0201492740982765	-0.0106560153998122	0.0415500987087678	0.0159095671702364	5
-0.0547719344263701	-0.103140710825832	-0.0160984933962479	-0.226389690815922	0.0880260555042434	-0.135654958341308	0.00934142351377479	-0.020606014459242	-0.0163420485805586	-0.0621294580111283	0.0386054001152079	0.0395196303383422	-0.0390556695859623	0.127342068099908	5
-0.0386016463892209	0.104464144428418	0.0440510683411658	0.0170488457435262	-0.00182471339360102	0.0429107240336343	-0.0269138388594229	0.00855849616230001	0.0499044941336183	-0.0172208085234124	-0.0331379461267191	-0.0759416160319174	0.0207091929815603	-0.0420858148415517	5
-0.0392404875237778	0.0279309542543923	0.0644328140834902	0.0186786185558315	0.0142172221875162	-0.0870698520633215	0.0843968819637655	-0.00608342090355678	0.0679777539440293	-0.0406649757648977	-0.0650761410861627	0.101531788972652	-0.149496114701744	0.060645500729093	5
0.0077466309335697	-0.19757687731382	0.0657287763189339	0.00891683813483081	0.0715351934155036	-0.164198875951636	-0.0855600351477243	0.0745099498430511	0.0646186341927098	0.0498429121839136	-0.0367875799792585	0.00469749811317711	0.0906826791104374	-0.0771118829699245	5
-0.0189700197153089	0.0621807338429939	0.00103879584014113	0.0426255748871135	-0.0499291757943183	0.0654090378046755	-0.00994404662572312	-0.0516499311570231	0.156032648292441	-0.0599999071051943	-0.0345933801556123	-0.0972505569826874	0.0223813604054477	-0.000617415875305755	5
0.116282560976642	0.00996467249364533	-0.0759319892292161	0.0729003496833468	-0.080999110703474	-0.201849206929756	0.0266463616914137	-0.129581985526006	0.0608806920575106	0.033324849400186	-0.0114363554254669	0.0111836645785988	-0.0292163901897525	-0.0310554684865385	4
0.0792837545431641	0.0468108935732342	-0.00743154224246051	-0.0706577167153396	0.0696854162757634	-0.0896074471586943	0.0539926428310186	0.0762325318487461	-0.0307825405981123	-0.026026815664707	0.038741748859456	0.0602119299534948	-0.0641987034983147	0.0506808484580396	5
0.0546122589104459	-0.0183471580630505	0.0883135663085274	0.0276168272296142	0.0101916517698609	0.119127928456383	-0.0498780203079393	-0.225382800295218	-0.117989419059435	0.0682564589565573	0.152181096562144	0.0224493025595953	0.112858000997743	0.068219094336459	2
-0.00595034987011073	-0.145076105806199	0.162886985438252	0.0226134020712468	0.0900390502294772	0.0515581433163991	-0.0352611032793437	-0.0794370734279848	-0.0110478539149647	-0.0889777438219142	-0.0542995773013318	0.0559650234918845	0.160394708816093	-0.14483148375821	5
-0.0589655747863788	0.0724553654991538	-0.0777483715428542	-0.196580269267885	0.00693603282709938	-0.00366376570457932	-0.077782439980148	0.0265189143817232	-0.00517898060437164	-0.0718546712814057	-0.00606844342511312	0.0192799770359885	0.0212756595207411	-0.0512421020904571	5
-0.0504313892461494	0.0732620658017084	0.0303040083066084	-0.108932706270661	0.089297868652341	-0.0800388816614404	0.0841424764558691	0.0843430358988129	-0.10785182878059	-0.0388912789973239	0.0675836596928895	-0.00739558952678454	0.0433219691472558	0.0695262856966342	3
0.118025012344013	-0.0371615917733956	-0.0296208387668232	-0.194765719549772	-0.00697628554581045	0.0177619031118042	0.00401459971827853	-0.0301828303347246	0.0602722446100108	0.0304219533965673	0.0524499805640271	0.0326148477021795	0.115893419264945	0.0647348799872555	4
-0.0171742576439267	0.0566506038858646	0.0601755548000953	0.0371184887632899	0.07441663222044	0.0630264861409615	0.0127480037460689	0.0952288207292059	-0.0482758366285768	-0.0715090784076469	0.0107598404987932	-0.0843597277575509	-0.0283483103438919	-0.0273147568366679	4
-0.0332325713585758	-0.0254984965676809	0.0887590947739473	-0.0881477646831657	0.0803600492356278	-0.0411241319952745	-0.166954342072502	-0.103471973133862	-0.0430316625958552	0.0485406433417604	0.044037987122303	0.0819726002411817	0.0596813213688049	0.0822860343256347	4
0.145108343306374	0.0703080212317275	-0.00668196335552906	-0.0525233669173867	0.0130863391519584	-0.0651711991375186	0.0419620330702191	0.102537077034846	0.00625463671312892	-0.0171608253092512	0.0460363093593478	0.0473451935903345	-0.0243713264830258	-0.0779364471613069	4
0.0462160456256902	-0.0578863635093897	0.0258169288845336	0.0391245646056738	-0.0776127498620547	-0.0203700449468949	-0.0511423934659672	0.0974690743507075	-0.0884406095807468	0.0587967961648456	-0.0640319932520141	0.128243338301488	0.0189536428975235	-0.0911662542164383	5
-0.0472687015250114	0.0886928665011849	0.0946451290047615	0.0128423604489287	-0.0402109065556249	-0.0106564481552153	0.0641378700425881	0.0302977525655766	-0.0291642342409865	0.0641486109680873	0.0407083055371097	0.0341970799552864	0.0283101108776818	0.0225503042765012	5
0.140293259015115	0.0760607320584164	-0.00337374043601927	0.014790890545956	-0.0453972708643962	0.00165596454626059	-0.173259959150676	0.0180244604419712	-0.0757655123440542	0.179186460807456	-0.0220076904567756	-0.212437417509062	-0.0626389205835412	0.07369376597859	5
-0.0306362820732509	0.0556169899416159	-0.0218303327298049	-0.116431786510222	-0.0488905497929089	0.0185582024958223	-0.087936124215774	0.063837462209049	0.0427639443031069	0.00789045933724855	-0.018437278463612	-0.0388854134784894	0.00924478506112046	0.0699940433791895	5
-0.0761491534551839	0.0299101153625447	-0.0319036173729738	0.0992810158475153	-0.0702701027216274	-0.130457035462152	-0.117496569233099	-0.0339492482509007	0.0554447476723915	-0.0490469998745404	-0.096750404386084	-0.0749512712856453	0.0798570568533628	0.0809870298108495	4
-0.0295931999605865	-0.0347548959710757	0.0597158514647866	-0.0398104112886255	0.132464496288561	-0.113526537774704	-0.0149945082719296	-0.0640951834418909	0.0280030665194154	-0.0184919727998154	-0.00547622352554555	0.135479466688605	-0.00700594372406294	0.0853159437977203	4
0.0328140818995127	-0.0356815959843101	0.120759402065539	0.00319601569488986	0.10865694237008	0.0835660957854608	0.00770020111256694	-0.134006357261671	0.0121697116306208	-0.0330386680236574	0.0286609830492951	-0.0454880208408321	0.187406846053188	-0.063967775235803	4
-0.0506207273896242	0.11120515020514	0.0711642149547132	0.0352756170089305	-0.0150168595123496	0.00940350836495842	-0.0535157521811576	0.0210750529262204	0.047791293939216	-0.0733391676523136	-0.0309474258654708	-0.0351545227341543	-0.0626759258988571	-0.0316940453089955	4
-0.109657095396182	0.0659947946942539	-0.0722089288318895	-0.118295983189923	0.0692860349538341	0.123225034826051	-0.0484931138233166	0.0472378888237312	-0.028268610262302	0.0268420934384488	0.0626856750418171	0.0581856914824228	0.0570791800983694	0.0525965304396045	5
0.028447023148129	0.0360262826476465	-0.0968540941928282	0.121977511733437	0.00214746662568645	-0.0371013767302837	-0.00205284656751572	-0.060658440393251	-0.0487778525776447	-0.218848026721701	-0.0732597992165644	-0.0567454458347942	0.101805578249288	0.143953131228867	6
-0.0317775898564732	-0.00657556803494386	-0.116648104613007	0.0526736802764929	0.126765288663679	-0.0170662974974513	0.0163538944157764	-0.075923703913282	0.0727000430264165	-0.0326397267114205	-0.0298694439662069	0.113450218504021	-0.0332164394805309	0.0367608220257488	5
-0.0787127545631344	0.0456070728703035	-0.00189864570869689	-0.0185490729894979	0.0250889998836919	-0.176036081563011	0.0766871198255904	-0.164171868177082	-0.104730439520292	0.0573831592616044	-0.00839609925538481	0.0481887703700746	-0.0528961717891463	-0.0683367231198101	6
-0.0231711076380453	0.119700243481114	0.0709934038068074	0.0253554488130152	0.130859014938286	-0.0398207748962798	0.0163931888520488	0.0142601534889034	-0.0401094091307078	-0.00934535828577055	0.0316032178855852	0.00210583916538121	0.0423278449499375	0.0100035855813163	3
0.112213729979752	0.0362030545973381	-0.0816528326346218	0.051898463061071	0.0706418746069812	-0.0979406215882913	0.11276222318335	-0.0110287832671408	-0.0910766080216267	-0.255959137862503	0.00498285264975532	-0.0640990069335261	0.0911134285490888	0.0826722380456411	5
-0.013934533618282	0.0701821943032983	-0.0484351043562602	-0.0743562326913344	-0.114681278175643	-0.0568491956682963	0.0454015472840047	-0.117825770587525	0.028433187316944	-0.00539558145905815	0.0209578006399787	0.0027247355427927	-0.00667552499940125	0.00375582244530523	5
-0.0322312684131834	0.0304512627257913	-0.0586597225839047	-0.142218806151118	0.0296512658218531	-0.0435994465833368	0.0118077529848373	0.0890196262071472	-0.0510195700510616	0.0200962094040707	0.0580427083537016	0.0153231734555457	-0.0228700108751989	-0.0957780497519022	5
-0.0880955884187443	0.085417086435366	0.0340986301165405	0.0425423262303485	-0.0614689144805686	0.0435244919240681	-0.0507752228999241	0.0308711597652628	0.0923653196914984	-0.0144496792393125	-0.0705219599915244	-0.0766913704489572	0.0560495197797892	0.0275579819087372	4
-0.0570033946754502	0.076475602080874	0.0138969954082075	-0.00292958248964532	0.0528367158381925	-0.0333371157177258	0.0254201539490792	0.014584210459058	-0.0898296391257472	-0.108034466622027	-0.0940611214537681	0.0483980012232566	0.00690568879128266	-0.170850456259899	6
-0.043490861129736	-0.1666209176604	-0.00680017769790388	0.0833846911735382	0.106041060575403	-0.220714885048592	-0.039877536556795	-0.0668770130844593	0.0328444294653964	-0.028571977342003	0.0107560560585778	0.0708961140023951	0.120420156035869	0.107552882823464	4
0.0783295422719422	0.0577686802668273	0.0184610562615327	-0.0119349914236393	0.0331153033471066	0.0242379224018592	-0.0558512711663542	0.0194871838427082	0.0593125912729784	-0.00629009372499576	0.015719538704035	0.0254549789164756	-0.0618106592263426	0.00209737822164314	4
-0.00778716684770969	0.0073007764669191	-0.079902162526394	0.111391016233211	0.048261720683058	-0.0760351769336856	-0.0665267366658382	-0.0127368149475914	-0.02069551654764	-0.0663627286606192	-0.0883631802877739	0.00641178838413137	0.0519007116694287	-0.210008761455827	5
-0.0823890762830598	0.103123903416844	0.0516135052959422	0.019141360601657	0.0624164812856413	-0.0506237446985269	0.0238781362050974	0.0289879729160409	0.118334992572216	-0.0206339769582031	0.00275523345607113	0.0721902849530642	-0.00719681956919768	0.0444726202664225	4
-0.0623426974837014	0.104476726442959	-0.00193936754477763	-0.0186830093748161	0.0689743921874393	-0.000327291755394371	-0.0706818881389071	-0.0760443537059233	0.0822591583123367	-0.111670633897291	0.0635174393424482	0.0801355978202633	0.0121256211022035	0.00716992799971608	4
0.0905673602292217	0.0260005961600922	-0.0823305301140449	0.0205502970772076	0.0951589154160989	-0.0524572881030064	0.00950235367589765	0.0749258963549857	0.0141630106264939	0.0554575547346023	-0.0412011280407791	0.110829065473503	0.0107746104649862	-0.0367659832475201	5
0.0615526310676099	0.0535947118984132	-0.107045179137737	0.0347408467953353	0.0465350853750577	-0.0382373102913767	0.0309131159102933	-0.0222955620273272	-0.0737656981526323	-0.184818570040344	-0.0225813241973471	-0.0387582752809923	0.106692812923305	0.0828466777299997	5
0.0057763091086602	0.0586611406761145	0.0782108223473466	0.0365558689714017	-0.0307448475254062	-0.0325069963284433	0.0738501856568821	0.00345147403571942	-0.0496267887046831	0.0580424719847941	0.0587008864389342	-0.0552219965706759	-0.0717140525735179	0.0476857179511161	5
0.112228605234939	-0.0237961046549384	0.0189006115872445	-0.00700846079528774	-0.092409114198966	-0.0227589311555567	-0.0242897471254593	0.0856399255691532	0.0810433280339324	-0.154511416954617	0.0698898324887079	0.0958872680708227	-0.0483400464794836	-0.021520862222108	5
-0.0684504027866682	0.0742905691774693	0.0330679712993545	0.0284956504427422	-0.00491595953181233	-0.0228448157548996	0.011872159298782	0.0680479556896173	0.000647458269060016	0.0509754245154403	-0.0607351829741873	0.070889972642817	-0.0174702936318081	-0.0230498121160662	5
-0.0658360868295843	0.078832057274636	0.079475512787727	0.0150268057698035	-0.0678468056004967	-0.0810162492585011	-0.0360432832345017	0.0472007369850077	0.137847764232124	0.00616545489776265	-0.0013986755184084	0.0372600976309563	0.020940494475095	0.00619331141886463	6
-0.010868997405703	-0.00851322197959702	0.0471835198624736	0.0471635955908765	0.189018237094182	-0.043900404163209	-0.0119722555218797	0.0425849451658463	0.0167386618935924	-0.126247741620569	-0.0382258645876874	-0.0390220947702968	-0.115702505031073	0.0979815724260025	4
-0.00453216322790328	-0.121361616881078	0.0509546175207011	0.0412344619391203	0.00211788965263696	-0.0165349812539979	-0.0109329469360599	0.0436460110314762	-0.0908406054031363	0.0506227289378084	-0.0665475249952394	0.134942836335731	0.111555275592881	-0.0129597165605777	5
0.053376409320976	-0.0130019278829354	0.0826119834955619	-0.0177774078182812	-0.0261686578547551	0.0419749777678576	-0.0785676236374662	-0.031452413332964	0.0888644480795106	-0.0559166114176028	0.0414107268037975	0.0456686295128767	-0.0827744288280896	0.0465802496956731	4
-0.113272835041723	0.0341556641938783	-0.0100396960123841	0.01462409636331	-0.111740466296079	-0.0201394133227915	-0.0360891579937396	0.0991300986268836	0.0314856993459613	-0.00828993937141836	0.00766702543190782	-0.089452188494523	0.0500449251515311	0.0470846016664522	5
0.0237145014031623	-0.094267179856516	-0.0843812218512013	0.0063215861473222	-0.0960203667925871	-0.0911879189355412	-0.118619108053428	0.0502534639965477	0.0304242591054356	0.0378919193449111	-0.0747133124320937	0.124398427646174	-0.125635491809954	0.0224808762871369	5
0.061810802482133	0.0680820569047442	0.0803574786788174	-0.105361037766077	-0.00313973056256286	-0.0396694545400555	-0.10961263762945	-0.0218266307394966	-0.0964759403964177	0.166946309741473	-0.0799560729927403	-0.298607004574441	0.00653361520339873	0.0836722628542822	4
0.0208415280839567	0.0482597838436848	-0.00384344507784676	0.0568324848684285	0.126436023167632	0.0354232407801751	0.0623283629622604	-0.0239654765936045	-0.00435153538801315	0.0526027395947814	-0.057457948515492	-0.025836466156051	-0.0692418504756791	-0.0105556281847584	4
0.0467206649018953	-0.0324712236487307	0.0921755643589911	-0.00230167673871095	0.0234376693737715	0.052372547755167	-0.034917576558712	-0.0863859111897147	-0.0335769795595558	-0.0656815731817782	0.124632125548543	0.173021929216109	0.153062833836503	0.0482571207637375	4
0.0754504306211823	-0.119734602191615	-0.119843557760844	0.0805853920599262	0.101896080692628	-0.0756626353613859	0.0558826949059739	-0.116092057669518	0.0345094516115893	-0.140278968363819	-0.00906472372512489	-0.257243194751917	0.068665426526778	0.0513351082498035	5
0.212629843763428	0.0500965414569328	-0.115962013421764	-0.0695764705790598	-0.069343527107504	-0.0229503884350986	-0.0832098514452756	7.88781150586871e-05	-0.0211795335056058	0.118737435944984	-0.00214697492749912	-0.0436063620095714	-0.0823048612549598	-0.00834506882356308	5
0.0426706714716592	0.0386282217086024	-0.0282810515429591	0.00869375326518378	-0.103810070013831	0.0523719710726631	-0.0330122898278687	0.0823285538045123	0.0576029209525273	-0.0198087265976725	-0.0569338679140233	0.0241088418399945	0.00360279267693354	-0.00240356074309195	5
0.0496206515482173	0.0340749918695442	-0.0150061125522949	0.0271087398806088	0.0245851679439144	-0.175057907218287	-0.0956990782988303	0.0395336781486156	0.112935045829184	0.0393473354106527	-0.00554661148841311	0.0380568751874608	-0.0663429545083562	-0.0890434702621046	4
-0.0489429483910503	0.115742371782437	0.0221560964922684	-0.0501428085802235	-0.0246334708657911	0.0213409985881375	0.0207319668205502	-0.0217730366520778	0.0667984037417024	-0.0801362767731196	0.0151820878311756	-0.0189225013932672	0.00317183773139801	-0.0561295756622748	5
0.0545596452504282	0.0713444296633896	-0.166558468532106	-0.0755497597315599	-0.00460929098485994	0.0512595854207228	-0.000882364174264348	-0.0335872041417495	0.00765822276620235	0.00855667889837534	0.0735845884025407	0.0602464382876588	0.114132371043176	-0.0638905845576319	4
-0.124947397247446	-0.0497935895227255	-0.0163577652574289	0.0612698137031059	-0.0722824061984292	-0.0326712361496158	-0.0620891681437961	-0.000347942009954334	0.00600065915632043	0.0832232730468706	-0.0307497041318919	0.0896413639602983	0.042779860673725	-0.0793198233019122	5
0.0093676994083291	-0.0221597605988605	0.0883571923207791	-0.00481379687133515	-0.0162308604112795	0.0638191125194995	-0.0532045377174276	-0.093595287073154	-0.00552913836447118	-0.0826106694264109	0.0729409250610851	0.0943859472419493	-0.0312515890986379	0.0253920653417026	5
0.0166008129234695	-0.0878049206403656	0.140032417263719	0.0465806303444653	-0.05502610815485	-0.0918147515722957	-0.294046979712456	-0.051177370601003	-0.208416640197389	-0.0229007025182414	0.387739062596179	-0.258030682917038	0.0289786879672306	-0.172643644839247	6
0.0243797139902923	-0.0173356260993094	-0.0420992693188417	0.0762039487734355	-0.0175734457129013	-0.037284912407068	0.131710770634934	0.119161225861585	-0.0855895305888621	-0.0896795158769336	-0.0334881780617941	0.0178918560708417	0.0532038169617815	0.0226920557424385	5
-0.0232297485976343	0.097246749216854	0.0467988508481607	0.0129486967804754	0.0704397720032548	-0.00163027294115974	0.0476630345152586	0.0617787271889814	0.0376561676075089	-0.122141757496278	0.0794130310218602	-0.0296872189876328	-0.0434813336232138	-0.135060574836995	4
0.0300166578495216	0.0488875772695213	-0.0200130337070801	0.0353189534355186	-0.140239222951608	0.0363902432151979	0.0217053243223818	0.0159608329654045	0.0872353862744006	0.00843553825063309	-0.0565159402491009	0.0267948202173775	0.045184971581623	-0.0898344870826517	5
-0.0492635365615923	-0.10367246118929	0.0433890010897235	0.0889774862682692	-0.132916312009767	0.0962029459383389	0.10152081956805	-0.0338478615187217	-0.129451953980301	0.111239511901758	-0.0238764065516947	0.165073160214952	-0.0410224280047963	-0.020467304729906	4
-0.0504059656474161	-0.0592449265743909	-0.11982485387497	-0.00511972308945924	-0.021826920360312	-0.0315400244513034	0.00367591380198019	0.168277429914857	-0.10634548443848	-0.00515874148538342	-0.0316428686570819	0.0298255717880227	0.0499363541377255	-0.00906599711903574	4
-0.0602263791102827	0.0514862891650137	0.120363476885659	0.0428183581277258	0.0147790175356903	0.0462685943645261	0.0883384031256294	0.0378124812556864	-0.0379109851573205	0.0211475630483289	-0.0581568045873613	-0.013351081586869	-0.0324503019882835	-0.0844634403963165	5
0.00977494725593382	-0.158083973424946	0.139811072466928	-0.0109847084208496	-0.024476299969147	0.0621207702578949	0.00361607578279879	0.0982022877594621	0.00108814137848582	0.0330436074495144	-0.0749380756369103	-0.107234493421514	-0.11206824598555	0.056126747800806	6
-0.026887983420411	0.112392092851671	-0.0103052622012836	0.0478713633475487	-0.0530505867328452	0.0262094808215378	0.0736426803110053	0.0147567141232761	0.0471505607600572	-0.0749064725680048	0.0626842288333896	-0.0958061511163968	-0.0136784432685828	0.0162647159503183	1
0.0236330357752984	-0.104094413124205	-0.112760297849065	-0.0368979023083265	-0.00732840091151794	0.028719601212392	0.00565928867666802	-0.0558030979535189	0.00744502415898209	-0.0230652986411788	-0.0560581961984878	-0.140944909189412	0.0898478447660537	0.04771581442546	5
-0.024670830799387	0.0020385164207286	-0.0530841591284471	-0.0238111341081921	0.0344698225853317	0.141267340883212	-0.00204086636192293	0.0131061857766396	0.0650100026134748	-0.0247656843230641	-0.00419937391853105	0.0818494408951781	-0.0755591141843246	0.0368164346123375	5
0.0160152878657005	0.0158699917830726	-0.119184742441544	0.0415894039067205	-0.115586781943295	0.0222373767032448	0.0656538305977117	0.105710363484869	-0.14281574284265	0.00104156060533401	0.0141269452402258	-0.00867716108764345	0.037688463194124	-0.0849398407468383	4
0.113365561437436	-0.00381089820891388	-0.00122172731753599	0.0179175678528971	-0.129720877714857	-0.0324035696380552	0.0349415276978989	-0.048740545238064	0.0399093478238607	0.0741352670015477	-0.0254004340500325	0.0438559665759116	-0.0193525367374072	-0.0438575743008399	5
-0.0624001129738487	0.0391618040315676	-0.100298366790933	0.11691264958858	0.0193154992359675	0.12253759776803	-0.0528275166550217	-0.126793485131089	-0.0494398157252851	0.129283080164915	0.0479082136510943	0.0854591098788513	-0.0971833067754568	0.116261829843684	2
-0.0507802333788883	0.0658232221880187	0.0644781644627892	-0.0327086003839671	0.0647178124090569	-0.00437220088383545	0.0332233895027519	0.016001015037196	0.0887606142042568	-0.0324307904002738	-0.0607899599349868	-0.0161743132621185	0.0240327721501768	-0.0979986557678234	3
-0.0106518065650638	0.0235016657563164	-0.00395456279879527	0.0725032358437811	-0.0902309874432791	0.126675517828365	0.0209281893971995	0.000836788446947723	0.0464481180314726	-0.00315077087312731	-0.086539891826616	-0.0519762396327399	-0.0238651959909114	-0.0563310159332705	6
-0.0521393377798647	-0.083919670670398	-0.000366601919288004	0.0788122356153557	0.0883070561921387	0.0492665399158022	0.00777340991009431	0.0410349582168226	0.080988386839873	-0.0260966168388284	-0.012408285300739	0.0434532794906754	0.0213588667692842	-0.0241340686099142	4
-0.0443028030540668	0.0752893740867561	0.0097635837073818	0.0218927664680838	-0.0205824357450662	-0.0394593331333333	-0.0151807199518441	-0.000245245470753784	0.0905782225217679	0.0190164518151731	-0.0638654002484925	0.00633347120658188	-0.0883506757253633	0.0416249039959227	4
0.128351035397058	-0.0992090027081021	0.0269749960127384	0.00720929605188441	-0.00316508084868075	0.0463026795997036	0.121343104224444	0.000357708962848731	0.000102210407325546	-0.0792042708017019	-0.0271411489396936	-0.058432965319429	0.0344214870209853	-0.115410637815487	6
-0.100312846468473	0.0381969930117706	-0.112533146616392	-0.209226468956184	0.0832395421295351	0.112576041673733	-0.0450119598588875	-0.0112710591337738	-0.0276867810729271	0.000755805008842593	0.0379023868314681	-0.0131604693193886	0.072986808798076	-0.0383844549903398	4
0.0472709644316159	0.0432152823026216	0.0404324424475876	0.0214645893100838	0.027603976315933	0.108475645550713	-0.0451852375327625	0.000185295570440994	0.0341905603914323	-0.090680614262948	0.00787058910870881	-0.0254444862441703	-0.00108578690072174	-0.112993361312519	4
-0.045966173774186	0.0583445881947631	-0.12955078484731	0.130248046839347	0.0602473400439534	0.0259615157891158	-0.0922308534698601	-0.0784214726913152	-0.0962667740539417	0.148574070839369	-0.00366120062080753	0.0118140577161946	0.0576228201386636	0.0243367640348896	5
0.0898182980596482	0.0285372344751485	0.0929877838369535	-0.00504254809157074	-0.0552157340421985	-0.00701984003799774	0.0482644544111164	-0.103856770955083	-0.0214486121066866	0.146581875664733	0.0100206552844028	-0.0652223423927602	-0.0117187614750322	0.0828659075563709	5
0.0641948329889714	0.0871274785029706	0.0455966193712921	0.00706463451286138	-0.0759345991565877	-0.0353448707797007	0.0542561507527712	-0.0513307032689635	-0.0408609744455433	0.0486602604894608	-0.0331610524870587	-0.0823933377376725	-0.0414970134466829	0.0206384716590828	5
-0.0854554657760817	0.0677149787790714	0.0237873422422542	-0.0351872780434715	-0.0120060713087689	0.050298170479328	-0.0692725763591935	0.0302818940055168	0.0310978251946504	-0.0152354080725733	-0.0587184005821956	-0.0456243878274332	0.00482084426071229	-0.0572743606151929	5
-0.0271492582816005	0.103444292058168	0.112810016149588	0.0283936125343687	-0.0696476597911562	0.0156706332463188	0.078659474899422	-0.129559390713226	-0.0450619967017664	0.113053958875905	0.0374718076446873	-0.0567874725590749	0.00446313003198798	0.0309768450681565	5
0.0436609916530756	0.00217715302758939	-0.0170915775631287	0.0288776084896085	0.101387389645248	0.143610116039058	-0.008983488079295	-0.0161611429869026	0.0412401702380016	0.0141206656322581	-0.052797236896496	-0.0714885495163727	-0.09564482122825	0.00524144780954326	5
0.0712618656783275	-0.0490586106746043	0.0320938785148608	-0.0060528875016121	0.115005877085993	-0.140196782282022	-0.0234514946348488	0.0159668454748921	0.0326486104850934	0.142518195839478	-0.121554093672414	-0.0753758334287352	-0.0303216583717928	0.0804613206413414	4
-0.114232604919524	0.0379524602825934	-0.0393780346684683	-0.137426055028551	0.0956088354827751	0.0640191897413074	-0.0523892849196984	0.117803347326064	-0.150172862832842	-0.00849191991072658	0.0693759195520731	-0.0806352046050793	0.0142771708212095	0.0814157607246495	4
-0.0874429874305146	0.00435413680204976	-0.04760210692005	0.0388161802662325	0.0763654632836189	-0.0420037734420712	-0.0679634956762693	0.00595894898968672	0.0638195558865895	0.0766385359450344	-0.0307876819433007	0.0483927183926836	0.0414067681185861	-0.134280509024945	5
0.0269506952353847	0.0498069766918268	-0.0771444259434367	0.0564469189289224	0.0675655200959078	0.0987133440030717	-0.0426245987112003	0.0238580325835997	0.0229527652399436	0.0303191440867173	0.0192250305576028	0.0639267986818341	-0.013076495829732	0.103940885665276	6
0.186578535540984	0.0230843935383175	0.00527115718901346	-0.015342799275439	-0.0566015707724971	0.0117576351071877	0.0631899148269388	0.0433253833823904	0.0493681384890529	0.0340094999851849	-0.0164714923725849	0.0229694846622671	-0.0495527091240437	0.00543870681325642	4
-0.102033426708862	0.108563770275262	0.00991682309266221	-0.0687218127719228	-0.0997525815698226	-0.0117622741424433	0.010413509151445	-0.173888642578158	0.150235989170357	-0.036247486192664	0.0397950908686616	-0.122675407764824	0.107462256682943	0.0521574024737366	5
0.0844483175249964	0.0195337847481344	0.0319677317643409	0.00813938650795669	-0.14901291610824	0.0604390780767732	-0.113528935884697	-0.147724114582117	-0.0842159642756414	-0.11467651733417	0.0562810704154286	0.028561690037856	-0.382585298485077	0.102845799546513	5
0.215978844154922	-0.0109513333567155	-0.120000637428053	-0.036552081914034	-0.030196715211859	0.0684147930607539	0.093594001148982	-0.00572719428670266	0.0939320839075405	0.0315577944671653	0.0136052931989965	0.0262581396777732	-0.00459220444336586	-0.0028521984580963	3
0.0896430429719531	0.031744420510238	0.0108109884665619	0.016356980289178	0.0700255727901288	0.0583285453603796	0.0542254930216592	0.0597410074601087	0.0750834716369858	0.0230785985173673	-0.0388238442221943	-0.0253391297370063	-0.0196934820728048	-0.00584290580377811	5
0.0790655593923076	-0.0378880612766103	-0.0828606930017197	0.0567253389897252	-0.0243987651137186	-0.0390740652933566	-0.02922124786717	0.101916286620748	-0.0209901248544139	0.0137189916923751	0.0283485541478746	0.0306210811075646	0.0384069123313468	-0.145311425628785	5
-0.0562112251879449	-0.0969448069832506	-0.18832288600583	-0.0296284280894813	-0.0293145890256407	-0.0452627433931808	0.0212387079236625	-0.0674193283801391	-0.0469729832710682	0.154552207080119	0.00251412699122644	-0.09123457133315	0.0330856285185626	-0.201180613839085	5
-0.0354310837847282	0.0696253509088046	-0.0782928799674636	-0.0818352400646779	0.113305755111258	-0.020032204744086	-0.0219753788199023	-0.038006956989358	-0.0738425932593888	-0.00367875952427223	0.000761933285035788	0.0639404698864982	-0.0765755572910466	0.0757304242217448	4
0.0272157698306193	-0.012761271119956	-0.0640022870356644	-0.192303033084004	-0.0854159745494741	-0.0434118983147235	0.102562403613881	-0.0394564324873858	-0.0402156753015571	0.0468248799629675	-0.0206635040966355	0.0559774233752923	0.00047222499786106	-0.0365888001230369	4
-0.0550058945304379	-0.0298475423584408	0.0255587762736104	0.0610547988139831	0.104960037615943	0.0444198654825907	0.0157211113096105	-0.0261749445068347	0.0256276287241323	-0.0153446106779629	-0.0925083212037134	0.0515928624873792	-0.137801397079138	0.0399649723343179	5
-0.058331887174619	-0.0192761515188878	0.0570773526653971	0.0521954693047271	-0.021588088410546	-0.103330402235692	0.0951666389218618	0.132413949808191	-0.0760959273832512	0.109777008654712	0.0205486481469881	0.0260053003241841	0.0701483414881803	-0.0389117066809364	4
0.00737732634509639	0.0549672271040482	-0.0499635111987744	0.0697835488729584	-0.0310603901645545	0.0225912895927205	-0.0461405890546333	0.0727027573902207	-0.0851270455023359	-0.163869480992262	0.0274250162074281	-0.0283242924547696	0.0497645584491005	-0.169695218332492	5
0.0803326927464453	0.0522384880888042	0.0512096411597582	0.0115367056093501	0.0947864597648524	0.00976072214596435	0.0399662241261095	0.0566510009712406	0.015393897194738	0.0606213773947846	-0.0501055939707712	-0.0482060754171834	-0.00760473917340685	-0.0178612929705993	5
0.0175740429517725	0.116939695430071	0.0679591890203594	0.0188917729784799	0.0371846101285186	-0.120715959730462	0.090814339221039	-0.0685790076699396	-0.0443826543133612	0.0760849075792192	0.0199203527490502	0.0739267624754527	-0.0654507518036569	0.0819713567654947	5
0.0677451206757921	-0.0232722744392088	0.102954579079964	-0.0276401793051727	0.0107171063475771	0.0968101518053493	-0.0322846497869863	-0.0289848845614763	0.111128141292674	-0.0251860591719962	-0.00818595590270282	-0.0755472824169234	0.0166516025497383	-0.0703251670961897	4
-0.0110683678331953	0.0877529945196789	-0.0514793475592505	-0.0146374169105092	0.0499012564645257	0.104990269695831	-0.0801463679170887	-0.0107627129538874	-0.0340076698798948	0.0238112613950275	0.0181677198984167	-0.0093581603342478	-0.0206612133859638	0.0548899609158362	5
-0.041522498771379	0.0444490273328166	-0.0625616712745269	0.103924664434558	-0.17664146220323	-0.0400676010641879	0.0139908633818524	0.0108035652501596	0.0440723671533264	-0.137495395119578	-0.0199770513841422	-0.0674639183322669	0.0368865506096474	0.0568633471554857	5
-0.0738561819456969	0.15293373510759	0.000409199115379542	-0.055405137378561	-0.0545516730402358	-0.0385195865144311	0.0908448390449466	-0.134581977700038	0.0699336130635015	-0.0597118509033009	0.0195201877752872	-0.0357992470044823	-0.011730323192728	-0.0652321871141583	5
-0.0643537579865459	-0.0260899175361719	-0.137750615148466	-0.0666167266306361	0.0769919171142579	0.0480911774313006	-0.0246638277620703	-0.0716724798385982	-0.0632550980185992	0.0179366556225677	-0.0812252611809071	-0.06829585557387	-0.026928070445335	-0.120542397786828	5
-0.0498907631608551	-0.0156060481794014	-0.00377877179559714	0.0988574598692003	0.00477482758853141	-0.0254847566719649	-0.116973673854237	0.150423202522946	-0.0270219392537219	-0.0401533280374931	-0.00205679001287199	-0.0427922459623611	0.0121370847008141	-0.0402996091991301	4
0.00665993411428294	-0.0820811338861796	0.0624455669782255	-0.0031906129453803	-0.075159943219059	-0.128260812998644	-0.199546089840535	0.0566799069443193	0.0108348184584154	-0.107002163709116	0.135821977691289	0.0598245323666169	-0.142143133673483	-0.0783428631433263	4
0.132701628311592	-0.0578482846852919	-0.113378207935594	0.0160023480924047	0.0549772294214669	0.0222828142245251	0.053104861411867	-0.119776041976724	0.0444836539307727	-0.024181101841183	-0.0753637653641658	-0.102563276286003	-0.0331327033197295	-0.107078475659478	5
0.0229984960428484	0.0588401407898605	-0.120440654353879	0.0645283065861862	0.076250566779685	0.0783154600383055	-0.0171427434945698	-0.030266790979543	0.00341199091256335	0.0427539644419494	0.0451689191618704	0.150249777172148	-0.0559438940667506	0.00424858277838201	5
-0.121354385462616	0.0466823288202764	-0.0215261713810892	-0.0940400027676033	0.0072569560788481	-0.0599288219061091	0.0324704797628838	-0.0877484338600661	-0.0391735896016709	0.0537045438638079	-0.0900997548227428	-0.0137264589377635	-0.09923331815284	-0.170858176748979	5
-0.0650765881091038	0.0874929306475909	0.0066833136607397	0.0534888673959584	-0.0803254133144152	-0.0183157922110866	-0.0287252173638364	-0.00896595301733071	0.166800730640842	0.0560078482720283	-0.0270919713779541	-0.0307940017877001	0.0627080637867515	-0.0306981909578683	5
-0.00214990648209141	0.0415776965550211	0.0314452904066365	0.0310078096001248	0.0561850356734265	-0.204199732097002	-0.0387379174491681	-0.00981688608135138	0.0295888239342757	0.0697031117029879	-0.0405151317271456	0.0663724695559046	-0.0358035293289911	-0.0426507727904308	3
0.0351637865616945	0.0588133068997916	0.0412199704414007	-0.00788438183229985	0.0702045247897834	-0.0506438416080314	0.0256524854676369	0.0483493550650501	0.007709574280647	-0.0103693924785461	-0.0102950544221649	0.0580797655622868	-0.0137498652366394	-0.0105622564021408	4
0.102394186301932	0.032253792526923	-0.119109273715366	0.0130990881017368	0.0519479155292341	0.0471994782514993	0.00491710572918442	0.0633257738364042	0.0421401170474965	0.00883699063013373	0.13211088125866	0.0774360541145776	-0.0199018756533107	0.106974483735765	4
0.0250642897827363	-0.10331102717824	0.109636439529704	0.00848580298564816	-0.0208544237914292	0.059282308178063	-0.0447117875253396	-0.0406264189580813	-0.046583239675282	-0.0706204465472025	-0.0911024221427743	0.00509927171032996	0.0289785748750375	-0.073280050532632	5
-0.0548997257038625	-0.0566039594201416	-0.0384581805217157	0.106200538951377	0.018366535373989	0.121978037146455	-0.198394121854932	-0.00285583158684333	-1.63913571494714e-05	0.170663701870812	-0.0173993044082045	-0.00646242120697994	0.0354632343814565	0.124728007359369	4
-0.00623524513025812	-0.193944752432806	0.107954817801187	-0.000787504609348686	0.00286390311901109	0.174804094219945	0.0931153009010879	-0.0261229354988684	0.090907241912044	-0.00308538649395353	-0.0923768058667914	0.0314990499120087	-0.0402684972583294	0.0866709643387979	5
0.00582539730619005	-0.0978906647569065	0.0708420786133437	0.0270221827682067	-0.0026599497650056	0.0219082992649124	0.146366970268418	0.116282541773532	-0.0934058759103469	0.0233953179312393	-0.0128214220394739	0.0160696570632607	0.0732259966866407	0.000145441709828355	5
0.101845225940769	-0.113709118989117	0.0397928711617393	0.0273436615741255	-0.0163866251523246	0.00899205354854874	-0.00960718841513527	-0.0525064931856564	-0.0631577837179781	-0.148191020819671	-0.0733320632561026	0.0185343620950085	0.0999078207750279	0.167377407843802	5
-0.0358542004363436	-0.0455475563991369	-0.120093197856261	0.150060762148764	-0.0706895047103184	0.0668670449337156	-0.0538135493930301	0.00631603643916776	-0.0733948233103608	0.0404297408876165	-0.0378172789109169	0.0137029203868511	0.0662666953020821	0.0429777510476778	4
-0.0340122613519166	-0.0314784769505429	0.0766560651259542	0.0362807675337826	-0.0762343783956801	-0.00424316136254268	0.169504365668054	0.0541430464839361	-0.1416847794287	0.0567600917203274	0.0148858690288911	0.0289098824815441	0.0183371521582073	0.00108475802722182	5
-0.123195706011649	-0.003172922077558	-0.0787159319410104	0.0115490277505377	-0.250919570626157	-0.114231689930944	0.0483999932825214	-0.0317741430047871	0.126277412341961	-0.0208558460052405	-0.00128124204221735	-0.0590322143290518	0.231342464497385	0.227362365111278	3
0.134865908219721	-0.147865686377217	-0.0897563012153542	-0.0629536642236371	-0.142497513011168	0.0329248844019142	0.0958665326198175	0.013585474263206	0.116172888187766	0.0961360204372578	0.1066591344876	-0.087310376791614	0.00736516511823359	-0.124439084478902	5
0.141782233969866	0.019474453912001	-0.160134608543454	0.0461823118047078	-0.0438967858290335	0.0291974258639282	-0.0107477317666579	-0.00169190382036882	-0.0181332159593788	0.0156695997969106	-0.00241802999278863	0.0714250716570285	0.0242378717482322	-0.06049154118711	4
-0.0184815883482617	-0.019577808799554	0.106117992936381	-0.00499940744651795	-0.0425325131767478	-0.0548883111639734	0.0233829933203808	0.0221785732186785	0.129585343200429	0.157945861256905	0.0271186704031197	0.0135938304386719	-0.0257264828672844	-0.0942581516320844	3
-0.102088427840145	-0.0695989060712483	-0.0528873130342256	-0.112337405047166	-0.188168250411921	0.0094561255682892	0.105822639512516	0.153378035389409	-0.105363771808474	0.0550211258167495	0.00376169865026198	-0.0170504597512157	-0.00611836310977191	0.124096447417112	5
0.0423130714664915	-0.00309123458183366	0.0424070457747346	0.0326218659570216	0.0385394109474626	0.0924019942509293	-0.0718698771994788	0.12701517104088	0.0196735286123958	-0.0529662785718338	0.0260771421460281	-0.0320652462993361	0.00813182915700701	0.00984124909279519	3
0.0262075918827962	-0.113040376941037	0.0628328330038704	-0.0381359176166787	-0.0315694685573258	-0.0606882011492169	-0.0546837363689274	0.173443720191602	0.236911869312096	0.0102192535335477	0.175749521269029	0.0336875089459361	0.0251361930915934	0.0378835821165516	2
-0.0715930235285249	0.0140544935750191	0.031413673474016	-0.0125165664893409	-0.0683792973937297	0.0378508337762331	-0.0769314703923811	0.0592185720559137	0.209816957635369	0.0900581925720831	0.131471343386837	0.103605634377071	0.123683577199171	0.00659855057966047	4
-0.049442162032363	-0.107517302784219	0.103042207706336	0.0263399535604827	-0.00510244188250222	0.0954344447179517	0.0517615252568467	0.105923966215095	-0.145109431670863	-0.0459753393582508	0.0389688456746935	0.0837014053477129	-0.00142608993293287	0.0239675871430073	5
-0.107046501409671	0.0256513598480753	-0.0812804742882918	0.0712717061857158	-0.0272890885905253	0.124255005657854	-0.0287399553981845	0.138836628938841	-0.0835830054525637	0.0558573334935212	0.0872514567037687	0.026475266619339	0.0455884733130019	0.0325532645274062	5
-0.0115353975900926	-0.0310819966102491	0.0848154619713177	0.0162261518482755	-0.00303298710961184	0.120120149779707	0.0698378956675305	0.106207313329541	0.0492649840383311	0.0415955810543901	-0.114013588354135	-0.0458949249437615	-0.103281095589105	0.0220366249804816	1
-0.00980550022724541	-0.0444009668543458	0.0881353211767425	0.023705892577915	0.0566984325445357	0.0898663389183652	-0.047130287378781	0.168475758555949	-0.0253653242040727	-0.0259817679201925	-0.0566432400033141	-0.127581350519988	-0.0126676867498153	0.00906366171946233	4
-0.0846762961180436	0.0248912712920359	-0.0696208899436515	-0.0334148327403244	0.0830760070477724	0.0255702319467444	0.0130054348468274	0.111086980870198	-0.100001515663315	-0.0616867796070972	0.0427535876777688	-0.0464488756044174	-0.0462425063012176	0.0613813219816588	4
-0.00697232402149212	0.0667285730273122	0.0210271680311396	0.0156584324182812	0.00349705113152103	0.0731503786687181	-0.0422617457266468	0.0190048594100347	0.129110624579642	-0.00156974046377531	0.112684099316513	0.0325704026002542	0.0400082389598	-0.0435980473500842	4
-0.0251634381587915	-0.0272840508444478	-0.0417912778136765	0.00964608868060631	-0.0858189315578963	-0.00241720191356705	-0.045841808900771	-0.149625356289676	-0.100006521784515	-0.119870112366578	0.0535699292847269	0.121069001572101	-0.108887685013071	-0.156988102240948	1
-0.0458185009973945	-0.0137144154463871	0.0454738363637175	-0.0242078601069485	0.121385396511183	0.11687166330935	0.032018457304844	-0.0379055479425326	0.0222737539343998	0.00235205156096424	-0.124862818119078	-0.0940807283843	-0.0868488135760448	-0.0182167538871447	4
-0.0130132651379141	-0.0132734280954285	0.0903963798660858	0.0147776514745723	0.0416038157711718	-0.113522530370321	0.12611476906615	-0.0185769698466779	-0.00941753621335214	0.0181428544633485	-0.0173941959361616	-0.0571901499385007	-0.0829428681295091	0.0734532833084404	5
-0.0832331823006385	-0.0563873736360671	-0.0935478693417363	0.090197307544408	0.110065087066234	0.0169929173794996	-0.0560911422565147	-0.129122907256059	-0.08965005678739	0.0618116348693857	-0.123120752303282	-0.0293769282122459	-0.121406487084246	-0.119864133559469	1
0.0621312602661268	-0.0394164784117467	-0.0689946140922063	0.0720067529726577	0.0636187094320393	0.174954472041952	0.0185441671302506	0.00827443561477269	0.0587779930322065	0.0718523908992535	0.0360433356022613	0.0600775021820198	0.04628853595437	0.117498382843895	4
0.0142939719318704	-0.150716229630585	0.022083088367097	0.0553987190317644	-0.0116096362472918	-0.13650183140027	0.0139546448182414	0.0540889360101189	-0.0540280779291825	0.0165303432797443	-0.0873575056829428	-0.112457723316377	-0.0372515832337177	0.0922897996212493	4
-0.0473757934988239	0.0708414521117642	0.113569596873773	-0.0235105240526745	0.0187478831558202	-0.0124566795902882	0.13867854787144	-0.110492177867108	-0.0509201481501169	0.0486172693357673	0.0519754028925677	0.0216845806912291	0.0330969922867552	0.0127375988303988	3
-0.0973465413222307	-0.048548460183082	-0.109293782607484	0.172284706449891	0.0924345376219457	-0.0600924310722232	-0.104128268952388	-0.0472421559405233	-0.0105714615046796	0.123195410948986	-0.0390228335263452	-0.000738485261420028	0.0835539160220024	0.102279388579726	4
-0.237088592838104	-0.255989257611157	-0.184704500970033	0.175869884813164	0.101551901757558	-0.0293515374062823	0.264925092780435	-0.00769592737429758	0.167613234334566	0.028029709379212	0.492622926630752	-0.167243063517255	-0.250585049046805	0.00133943140380356	5
-0.0616572500435328	-0.00110875684761507	0.0410951190695223	0.0697400140129519	-0.177318357675676	0.0708981347968599	0.0810283741149484	-0.0455797783507869	-0.00125191771304262	-0.13855307250106	-0.0720401196810046	0.0442784910072063	-0.0135441140408995	0.0597809288088273	5
0.163329780754033	-0.0319325794973784	-0.104992914353145	0.0311681984969096	0.0792949477241306	-0.0495237670250908	0.0419324349848682	-0.0358867538322774	0.0334618443297719	0.063618128783309	-0.0765428215997857	-0.00645103882267293	-0.0373824100442227	0.00986947562696904	5
-0.123667883207529	0.0527388865721613	0.0618294265869529	0.0848750497994947	-0.149953481836437	0.026788503877059	0.153442112360618	-0.107190458324403	-0.160951057362138	0.031449549469647	0.00049529528122062	0.0340769284947588	0.0172379849965109	-0.0296757855183622	4
-0.126811505849937	-0.253925831970722	0.00907205369154927	-0.259311084515252	-0.0168527967470201	0.0905913565445206	0.0550874948903172	-0.150765309336499	0.0966112250100853	-0.000279555824425021	-0.0957427830043358	-0.0544780403293202	-0.0505487193778323	-0.0943821881381574	5
-0.18050225467868	-0.209655002830173	-0.0637780150447221	-0.211723423417538	-0.0907723410369209	0.0016081598515064	-0.0788279786987131	-0.043987534888404	0.0161823904607047	-0.107343567204596	-0.159390712898663	0.0109468715302524	-0.0454201595609665	0.0382648402685748	5
0.0998174141575658	0.002614453468921	0.112051996506156	-0.0444123135074126	0.0670357804876383	-0.046945553036409	-0.0224035665162826	0.0306926850643054	0.0152315984927925	0.0757293139497827	0.00522576913764173	-0.0362792068928151	0.0573063425820346	0.0534658947155768	5
-0.0209144037105488	0.000714303862692146	0.110755489114625	0.00701641056735568	-0.0291125434862572	-0.0595262148118777	0.0877221342035817	0.045999797751442	-0.0428190833621546	0.0597016867227776	0.0151832202349852	-0.110022101621815	0.0171123877086864	0.0145260920114881	3
-0.00250786895230693	0.000557030562550645	-0.0431909675460714	-0.194905832473313	-0.0210944866633662	0.0926890476509122	-0.00887591418864486	-0.0218500241873365	0.0215157530776143	-0.0129410055214289	-0.00632841588694458	-0.0404485931634773	-0.00474932068032844	0.0046854177988364	5
0.0149042392090816	0.081706660403468	0.101952364508332	0.0183872450345757	0.0623304227424804	0.0133176363116152	0.116403073066248	-0.0832407574730368	-0.0555525286272935	0.0495085183174938	0.0249066386888251	-0.0253871474736261	0.0361704326303821	-0.0476265863361625	4
-0.0135768897138122	-0.0995656915666329	0.114287299566148	-0.0272390691790689	0.0470999816185066	0.0385469378667366	-0.000912496055880876	0.00516987541570182	0.0829702179848473	0.0327108228518814	-0.0463602319084734	0.056151498254163	0.123511257873997	-0.0586618966189737	3
-0.0260630895503179	0.0398651912453301	0.0105085921446546	-0.178008770303918	0.00445529316394496	-0.137136969901256	0.0122933208884942	0.0055201441413329	-0.0022258569372218	0.0893980428831034	0.00826930130687735	0.094038772143409	0.0142881152891508	0.0578364539026063	5
0.0564878559367906	-0.0458912672608491	-0.0774284326663422	-0.14613558140921	-0.0770183323936447	-0.0544281836021403	0.0564293160058067	-0.0046054568314117	-0.130231812372524	-0.0833512017933124	-0.0515079646070839	0.0370496989496011	0.0680523406185611	0.0327103970356672	5
0.0627870171559411	-0.0222632707162123	0.0714843540340203	0.0202453940290321	-0.0263557956631172	0.105562375304883	0.0794581420040317	-0.130168628056035	-0.0729863556381359	-0.0127207106453875	0.125774378818631	0.133407351191952	0.0657182482914838	-0.0086474037050204	3
-0.0406197648329597	-0.00836377036322835	-0.0483960186712248	-0.208402604821479	0.051892218678148	0.0299248338854692	-0.0132702356757787	0.10251774014072	-0.0766535501319276	-0.00525757764274215	0.0236756906838265	-0.0654222679241805	-0.0617386459877079	0.0462501869002854	5
0.0603119870448617	0.0874111332112192	0.0657280188307417	-0.00803640653374556	0.0110636501675278	-0.0428113692239492	0.0685850050747741	0.128994410387182	-0.0653776610412974	-0.0226973506019332	0.0655902687016285	-0.0290100564278139	-0.0266366370269635	-0.00405103268135052	5
0.0669337226961692	0.0723575558972496	-0.0995814082075583	-0.0212807277511871	-0.00834053059526501	0.0659139667546187	0.0233205570201373	0.0522524713304175	-0.0359363788948118	0.0111057844318632	0.0242063824479106	0.0160951641579558	0.0360540980176198	-0.0120441561033036	5
