"SV1"	"SV2"	"SV3"	"SV4"	"SV5"	"SV6"	"SV7"	"SV8"	"SV9"	"SV10"	"SV11"	"SV12"	"SV13"	"SV14"	"SV15"	"SV16"	"SV17"	"SV18"	"AGE_GROUP"
0.0166781697734672	-0.034883147360812	0.0439060975039487	-0.0879595663499822	-0.0549058407370946	0.0272637386077564	-0.0518191529142369	0.105575488121665	-0.0623026648949625	0.0677647064350526	-0.0678810391464983	0.0182004887027407	-0.0396329940094574	0.0136187179882439	-0.00248230813300623	0.00795350459168757	-0.047145370275969	0.0106071495287903	5
-0.0352517697489954	-0.00929374770802588	-0.00464073977996043	0.0883813894130834	-0.0125330035732066	0.112805701817198	-0.0413299131674867	-0.0458471737771123	0.0422232191501115	-0.0457094874587014	0.0615366762792229	0.067093097192971	-0.0185006113230417	-0.0245151943098603	0.0892327890919924	-0.0467083832668514	-0.0312323075092552	-0.0874517148162157	5
0.0215298559702678	0.0147020471864673	0.0310404663234599	-0.0290096806974857	-0.0473205655164113	0.0245886317377851	-0.0169173381573551	-0.0162549756227201	-0.0713875888416088	0.0786557049826407	-0.0134975662967234	-0.0492356146917315	-0.00499281096676497	0.0294714236911999	-0.0681765381815592	-0.0415729639260871	-0.0707745696959146	-0.0449010192828169	5
0.00979728840085098	-0.031445955290659	0.0738970314778071	0.0883475001725309	0.019707808345926	0.00817348031511278	-0.0986360188380494	0.143621358105965	-0.00110730222513528	0.0173309226189517	0.00269437945504761	0.110331230521013	-0.0358566078821469	0.0378763231010958	0.0359770864394073	-0.108470334442387	-0.0216593597540752	-0.110205646601414	4
0.0391432470382955	0.0329093786466489	-0.0210583459691544	-0.0644671049632157	0.0487860462145931	-0.011025701051855	0.00923757455960682	-0.00139129563239827	-0.0668009028388356	-0.0892597488317829	0.0291137921149298	-0.0437599231578156	0.0347563214248736	0.108440213739115	0.0391234035216363	-0.162492636272358	0.0863204724052852	0.0527875409451983	5
0.000164365763612894	-0.12188621786894	0.0828373611991234	0.138633290662756	0.114108862740763	0.124457331826955	-0.0160359826888717	0.0575405622746136	-0.113252367073448	0.0865180958786378	-0.0752946954284767	0.0953507904967954	-0.0858753490050417	-0.0583574379081764	-0.0242748496679188	-0.0859538905581437	0.0609334722294649	0.00615969566672753	4
-0.140887334892355	-0.0211893685432775	0.0546381885755356	0.0236548856102778	0.020103245084853	0.0142370335070027	-0.0405423062972695	0.106003776334439	0.00325296510108228	-0.0891348184541935	-0.095115674352916	0.0190027165667213	0.0502937161088649	0.0374883625258896	-0.0109037983011468	-0.032961719017426	-0.111731985932349	-0.0136876729939597	5
-0.0214554208526199	-0.0426038627986601	0.00717632619236225	-0.0555524348187082	-0.0460759366541642	0.0498772223387989	-0.047666667510063	-0.0911897732842954	0.113600924803345	-0.0198296325306797	-0.0684475773123342	0.0393520369464778	-0.0365856484855106	0.0732389328148865	0.0504425614349206	0.0526442861740939	0.0112294137636438	-0.0392397660524624	5
0.0221441602199998	0.00469472864374333	0.0144499247060788	-0.0170421623542126	0.000642628336613937	0.00348636799142096	-0.0520400232884432	0.0448349103624454	-0.0415909705529317	-0.0215177254542501	0.0548820066355556	-0.0444903874580507	0.011180150903218	0.109943871016559	0.0635656891450904	-0.0529809599826029	0.0235898324772446	-0.00951969540552776	5
0.0265460705442372	-0.0305782943949103	0.135819859457445	-0.0121157751480499	-0.106221519152574	0.00714704961032842	0.112162814206665	-0.19088833375333	0.0302904272452851	0.0182086646440714	-0.0111298463650734	-0.000160678142669138	-0.034409975271729	-0.00805647247939195	-0.0245372908315654	-0.043825096780641	-0.000991765234764116	-0.063991329014529	5
0.0232178188174601	0.0636146168073002	0.0267395467912349	-0.0241330336899148	-0.0329042480033494	-0.0574555069523371	-0.0446035492422271	0.00822811620903741	0.0224435280603724	0.0247419777300781	-0.0375533351387165	0.090472503895297	0.0381508474045733	0.0253290805657272	-0.0592910579207438	-0.0102500461027852	0.0116063328852647	-0.0699831502521853	4
0.0581607015543064	0.0743843699993897	-0.0101341380505114	-0.013528958236228	0.0918133682627753	0.0392741527680873	0.154908882911044	0.100003337343229	-0.117631245556008	0.0138157962634692	-0.0270683308792287	-0.0482762992297339	0.00521823252736971	0.0376341153310739	-0.0137385983466019	-0.109479533267059	0.0718378641402933	0.0551735156850286	5
0.045787973636289	-0.00294149262074372	0.0300318212958023	0.10299962041283	0.0745246838786688	0.00399627925930329	-0.0316940396542027	0.0085266083458439	0.025651067168859	0.0525016809932564	-0.138588306036828	-0.116269984176025	-0.0266783537881443	0.122896833833687	-0.112138371342678	0.0114510036008748	-0.0165390190673074	0.101845018435492	3
-0.0121986391860541	-0.00694335428524647	0.0393382677885476	-0.0271692339270514	-0.0706728812711668	-0.0384270052658286	-0.0832523715426705	-0.0929621118899317	-0.00177555836311866	-0.0455839874217991	-0.0573009611109752	0.0424684756629344	-0.0107774846217989	0.0405821867161575	-0.0298725020870643	-0.0221187596491141	-0.0998896839088119	-0.0875961517772492	5
0.0426800264199529	-0.00250179361519814	-0.0155577532150645	-0.088007975918103	0.026561788038099	0.0262194911879017	0.0679581066550343	0.0116303625928414	-0.110390787789434	0.00769712903272632	-0.162537325571063	0.0765182656277116	0.103758057946244	0.00575167993167956	-0.0635332472947068	-0.129568071921088	0.0852256153302793	0.12411339783948	4
-0.0224214849837931	-0.118882931607034	-0.00657646992139172	-0.0117814693010965	0.0769861251030656	0.00258779047602292	0.0570718518630838	0.0439394419383878	0.134004088253615	0.148829000031423	-0.0596309043990705	-0.0413551698926695	0.0197096441815392	-0.0214393427907021	0.0560011648110203	-0.0416498116770155	0.00153373539444596	-0.0254695933849305	5
-0.0740190198804382	0.0204911152803492	0.140242423030979	-0.0194568865680254	0.0162673798008309	0.0170140202522736	0.0936115453394177	-0.15974820658856	0.0820571026746605	0.059497436493009	-0.0458522573017978	-0.0354111649685922	-0.00610751759842171	-0.00794929027799596	0.0417253822503019	-0.0905818395753159	-0.149961175694821	-0.0663345337000112	5
0.0399595860226346	0.0854506900256749	0.0148556795375068	-0.0112531473769908	0.0164928983175616	0.000690391632497617	-0.0358250532455882	0.104112034155524	0.0386249230607096	-0.0489121772416199	-0.0148896192243861	-0.0650527633727721	-0.032852755460826	0.0571422804497486	-0.057127163254503	-0.0387717162788025	-0.0262230803549941	0.0391610257706801	2
-0.0802567774996951	0.033396094927205	-0.0147121300731684	-0.0597582676038934	0.034241720420922	0.0910968256794399	0.0618845164487272	-0.0569264949244305	0.0654240130854617	-0.0161823739447521	0.0328141653262342	-0.034256384616245	0.0788841807769646	0.0572658476370229	-0.0370008797503439	0.0300185816494857	-0.0335319583393023	-0.026481925289669	4
0.0108183544383989	0.000265329384763401	0.0261395122145136	-0.0334967411282456	-0.0108402574011373	0.00217422139578054	-0.105799851026271	-0.0667845260063228	-0.060489409384488	0.00835219560803435	0.00292681987154544	0.0374386354385537	0.129004485076129	0.180832289338684	-0.0539447261820806	-0.0578246843893102	0.0156072651051889	-0.0330840284691835	1
-0.185107929424311	-0.0741937339561483	0.0485233289283625	-0.104691704278062	0.0188875112182562	0.101346764083147	0.067980791216645	0.00607557188700489	-0.00975021337868301	0.111278723226398	-0.0252769311253576	0.0634711914945095	0.0064660678908974	0.0520899403751122	-0.0724801046884152	-0.0745766431083794	0.00259766139379108	-0.0915961430541521	5
0.0074969048123347	-0.0112329681714412	-0.0195219973565124	-0.0805008743296511	-0.0756699875542172	0.0323526800314707	-0.0578154027733685	-0.0662914412006732	0.0955426117293504	-0.00486847251755124	0.0604790334389176	0.0497928814408389	0.0851781463756444	0.0515817203364489	-0.00655202915843713	-0.082417491247146	0.0642031722557736	-0.0149913779182253	5
0.0208475973563781	0.145272471045695	0.0831857347146093	0.047834282215806	-0.0591468593880905	-0.0871894494438797	0.0680930008992638	-0.00426543060023249	0.00141335188643292	0.0236195580910579	0.00493058179238509	0.124633271958324	0.04156422239187	0.0653101882662317	-0.000641954948793983	0.0171355917634047	-0.114727228783853	-0.0589747942485991	1
0.00345156836547379	0.027117734742598	0.0664666194452433	0.164320543374548	-0.061134332923044	0.0821444346090645	-0.0753149792100145	-0.0619897949587183	-0.122880478642149	0.00164894607038229	0.0490762443974251	0.0427090904514866	0.0983239516911184	-0.0225061354188428	-0.0729879298503731	0.135003694621471	-0.025969473471101	-0.100943259162286	4
0.0191656927641176	0.037137610489416	-0.000416660597042459	-0.0630487523002672	0.066663424386251	0.0233244548031374	-0.0499096381284347	-0.0802325961679755	0.00642156425948843	-0.0360679662680922	-0.0578226917221098	0.00562305803996188	-0.0477638234675785	0.0172493291963787	-0.0290515343035625	-0.0375123424981663	-0.0832643204077993	0.0809038622629869	5
0.0596275540403143	0.0258254030576502	-0.0582612712333392	-0.0216571017900273	0.0166602305536021	0.126952778385403	0.0920443621334119	-0.0767164471969427	-4.62073967226793e-05	0.0865204387468227	0.000230292605908548	0.0413152265441606	0.0186722655786543	0.0347350104603441	-0.0296955867959695	0.0197081592104663	0.0613606724498534	-0.0325251383247731	3
0.0638397950709742	0.0604338015826632	0.0186131919579558	-0.0105751978704632	0.0112351705503227	0.0268315225121811	-0.0790584411182446	-0.0147792015974973	-0.00108620160953496	-0.00705467118527486	-0.0167347930724076	-0.0420451270590219	-0.0197612996484134	0.0359801314285815	-0.0163784158081459	0.0192989273076062	0.0225546119878879	-0.0445952099994657	5
0.00064562532119184	0.0714035334105183	0.0816146724263517	0.0489682052815235	-0.0525717406368577	-0.0047728591447377	-0.0176892804199369	0.167199529907299	0.00738844150323027	-0.0340940480565462	0.0109429883529749	0.0168146699628987	0.0246678465040107	-0.0574037539461707	0.027882534874156	-0.0505360720857576	0.0604102953175084	-0.0383614239948448	5
0.0150348431278569	0.0492314300809019	0.0392406565622048	-0.052995838753558	-0.016132411879144	0.012009332865229	-0.0846333922612398	-0.0352398536588598	-0.0192227129851848	0.0546584287420295	0.0442973629466536	0.00868405864449219	0.0135151486172588	0.0520572478330037	-0.0346910928647993	0.0478572121192711	-0.0396539387546486	-0.0206534678863943	4
0.0117914940552986	0.0836751700081627	0.0172127558332093	0.0218136745136325	-0.0454109992047818	0.0442442181227102	-0.00042780226314171	0.073401759836521	0.137216756076358	0.0391765576112911	0.0807167365577603	-0.0226220749696989	0.0209287126186306	0.0271258507945751	0.0215679124134972	0.0390336727600633	-0.00708012441576256	-0.0452070965535484	4
0.0338995155416125	0.0862626234136939	0.046296580887453	0.0819802505119834	-0.0594199618046237	-0.0845087230057696	-0.0226155800565641	-0.0220166420590271	0.0334317014436768	0.0201718141592524	-0.130242148793207	-0.0221658616335405	0.0303961707275225	0.148364690120501	0.0903404381012935	-0.0180359567156975	-0.0032335341208963	0.126422929704609	4
0.0202280836156424	0.0485631815444773	0.0429244697110992	-0.0709773326764501	0.0947623229142956	0.0941130947366068	0.0678410961355559	-0.0592708008750494	0.0995969270545515	0.0472849816214986	0.0369429147539889	-0.0683999033694197	-0.0249640295616778	0.0222331798568704	-0.00523465833113493	-0.0454880383571442	0.00516427024771977	-0.0205042540935031	5
-0.00456475053370357	-0.147221572252221	0.0143777237940286	0.0715254960288647	0.204584392622761	-0.0936442606597769	0.10142726977687	0.0783043570752874	-0.0506147824281213	0.0929127440570431	-0.0232604035432106	0.0380474821419522	-0.0397828607677866	-0.030994212626296	0.200130956931303	-0.126809491575793	0.00241983917631871	-0.0607127979873683	5
-0.0252024247051739	0.0685341523766931	0.020332427877233	-0.0589563020570819	0.0473303695757339	-0.0283161539546834	-0.00533860198803981	0.0297698765092781	0.0124755100722596	0.0154042120485831	0.0474709278639681	0.0226618467347865	0.00360767335251822	0.0450681907341927	0.00758142481439034	0.0809758038337469	0.0372295229756485	-0.00674169960208872	5
-0.0473313736445261	0.0343420184223309	-0.0615159054066788	-0.00354068422633556	-0.0272292855100075	0.00894505328736557	-0.0594900628047994	-0.028769487240191	-0.052066411815803	0.053273337382361	-0.0463952492646336	-0.0281710784826233	0.0211301382658063	-0.00753598805797553	-0.0419525032057492	0.058065995020172	0.0206400040718365	-0.0172601145617192	5
0.0530895340624459	-0.0542622343692365	0.0322781302136738	-0.0707263518931494	-0.0958603761734389	-0.00397126385045626	-0.0563444385898668	0.127760818595059	-0.0530950802199376	0.0506882286181367	-0.0671799927555685	0.0387365223338044	-0.032795589029847	0.00939346355981982	-0.0342288336007685	0.0152312805518453	0.0122772898827472	-0.000118121269677644	5
-0.00333662298832421	0.0547865857357495	0.00402503901273019	-0.0604788708310331	0.119106409966989	0.0110993329486175	0.0417219790762109	-0.0643866425068826	-0.0322663645133923	-0.072946093913821	-0.0821573403711627	-0.0125549120311673	0.0594089556051652	-0.025073793232085	0.000472376422338515	0.0763015027718756	-0.0927264336081224	0.0083933245473748	5
0.0225041175119335	-0.0493669694507748	-0.0306903366549225	-0.005950991128878	-0.0117095665245064	-0.126055789916551	-0.100326851961767	0.0144696783998947	0.118035428075131	0.072728956350911	-0.136939128737868	-0.044553084416835	-0.000705710559628097	0.0619939484315347	-0.0860414331227097	0.000969959793544001	-0.0502813434132201	-0.0812857263096901	5
-0.00613875414394401	0.0381900938487625	0.0423493413524439	-0.066764127392433	0.0346971752664364	0.0102743694050181	-0.0299341329639908	0.0357773248646905	0.0104854496947851	-0.0273213620370709	-0.076114840847776	0.0570944577643821	0.0626933749532537	-0.0177528907335742	0.0308996992959786	0.00812120469240285	0.0730905785335265	0.0346107643254167	4
0.0245781309154103	0.032011653373201	0.0248026088951293	-0.0560793160109563	-0.0207327379196399	-0.0232710163126262	-0.0747044255848766	-0.0132867528558976	-0.0491151218073244	0.0100397326553327	0.0878206194766195	-0.00265249629431448	0.0923043562225237	0.0828116427444453	0.151481918815537	-0.0112711055564355	0.161561860619503	-0.0546497289154084	4
0.0309295841304387	0.0611150770137331	0.028712358383283	-0.0752536932259891	0.0681827682759788	-0.00814877859550334	-0.0517727412860197	-0.00657723889196765	0.0444932265689224	0.012908026445085	0.00725417156113309	-0.0663683609433569	-0.0778226114199169	0.00474405996702267	0.0569765364521702	0.0403078168197448	0.0579506960396036	-0.0191773434593649	5
0.0519621547618021	-0.138968983744196	-0.009112091159031	-0.0349406869830208	-0.043010749424343	0.0801589077008745	-0.0573152938082288	0.100320548208733	0.0943498422291688	-0.141559907784055	0.0816303033731099	-0.137661679377978	0.0618199725784973	0.232398670879064	0.0535887471638977	-0.184662450915652	0.0818430398690982	0.00499182362713521	3
0.0527155117636125	-0.0618944167859283	0.163800997375156	0.041472791765044	-0.116720822341692	-0.0499536660961159	0.0610155678189126	-0.101582725540122	-0.0562710048229195	-0.0942679076255514	-0.206033652072341	0.0247247533022031	-0.146886106385644	-0.0265745152720646	-0.0361731329196773	-0.00660828377603014	0.179640850575496	0.0113989616649995	5
0.00502307644911423	0.0123415571840294	-0.0215163951219026	-0.0282457407878707	0.062001362975787	0.045348853647864	-0.0863517770208544	-0.0538166944655557	-0.0210442392565282	-0.0451219474952867	0.0756352423362658	0.0109205689200082	-0.0690670477080174	0.0318088148532606	-0.00872369691948888	0.01049494667921	-0.0106218542641775	0.0243785282954936	5
0.0368689842914908	0.0934982151310528	0.0737868702752513	0.061649414925519	0.00318916545218734	-0.0136143760919583	-0.040462218954223	0.173827257892562	0.0819164900694529	-0.0267229691095763	-0.0336839664591608	0.0666912928676755	0.0502218388495887	0.0639687639568984	-0.0896102623390831	-0.0701656732230933	0.12812571764255	0.0957472356537662	3
0.0104175599732634	-0.00717065158867687	0.0506846208892945	-0.0317515620546778	-0.112794356582442	-0.0869433686876075	0.0824134295094044	-0.0982456001090598	0.0667087321291848	0.154033526449736	0.0607293781258765	0.0911206101007516	0.0155138205458695	-0.0292699612172116	-0.0702796549226613	-0.0633409307709784	0.0556398778477911	-0.0277512998248547	5
0.0498706282505211	0.0522909013585154	0.00553452529752781	-0.0102829703826986	0.0608117471298028	0.0168828817751459	-0.0471742612629914	-0.00862365704275582	-0.00107820926256777	-0.0628829658205156	0.00112528761724196	0.00082910641100548	-0.100474266722949	-0.0216998482720735	0.0323905022280885	0.0468246170388854	0.00883930391833948	0.000372727983193887	4
0.0563908577934291	-0.0036291807247839	0.00259179377525943	0.0089316808181271	0.0725058246461386	0.0108646516872104	-0.0729968028126615	-0.0760436418910465	-0.0238548791759168	-0.0387943578903539	-0.00186438110772827	0.079301323495596	-0.0588222208061618	0.0731808447600946	0.0796991705219291	0.0776386087080736	-0.0305890309177095	-0.0288927379118199	6
0.0411623115537163	-0.175546953006901	0.163337298174107	-0.0206522411538613	-0.0592544732452278	-0.0366007486550014	0.105750412207882	-0.075151945700973	0.105071479474539	-0.259210211860231	0.0389377424665897	-0.0709280257162553	-0.326730809807793	0.0788664764311267	-0.0740865763025007	0.0276150817864533	0.183015511835439	-0.105697560746106	4
0.0466231987757269	0.00362492904523849	0.0440166078128094	-0.123216409769451	0.0307439832316477	-0.0311517760153733	-0.0337189389813086	-0.0499470315484988	-0.0244969737625781	-0.0127757650083749	0.00823088041122318	-0.00845580607565761	-0.00228060566048734	0.0356367435845674	0.0886829808662945	0.00177784986268963	0.0335110965705072	0.00252689512514702	4
-0.0252890461625772	-0.0772231159670842	0.0351205870755151	0.0953837495677079	-0.020777580224768	0.00190062283186097	-0.139596677647066	0.0045081470240426	0.0198045065738783	0.0720900486844062	-0.0421978643049733	-0.0646749213113492	-0.0544003226255522	0.146147415939043	-0.0877813971270955	0.0372710773412341	-0.0595105904572618	0.0534459829436872	5
0.0780868087020614	0.00732333278044516	0.0134256753535535	-0.0335584739752073	-0.0371677849895855	-0.00909891158519853	-0.0679718583625206	0.030461756556988	0.00506318148717865	-0.104935578579297	-0.0819085287514759	-0.00466943513794938	0.0286120690911406	0.0495755534787505	-0.1137740578525	-0.222694210080351	-0.00775036867675654	-0.11044724611892	4
-0.0315823439423757	0.0566811164600544	0.062924720812632	-0.00727454684072557	-0.0783631647844334	-0.0461685814189606	-0.081531592086838	-0.0555774091771423	0.0328251410727179	-0.0785219775101435	-0.0573518856448128	-0.0108401427605944	-0.0081151743875969	-0.0934496537062281	0.0330636166578538	-0.0339906475993857	-0.0192105651864335	-0.0177275445326083	4
-0.0224667369491617	0.00987656827299103	0.0249326589579105	0.0453023406901985	-0.0281706613360661	-0.104564142079642	0.0275102397791716	-0.0468447850810882	0.00338311650787084	-0.0379723213098655	-0.104498349049545	-0.0273710020389689	0.0341772025230092	0.0286767553228256	0.0542343454055663	-0.0288368270796629	0.0228652185902351	-0.0146440424343374	5
-0.121393657127662	-0.00643667225814003	0.109467328902565	0.103505198305332	-0.0598735657871665	-0.0672537843026755	0.0688317334122631	-0.0189031008374125	-0.0362874026302182	-0.151784912174168	-0.0685074856623079	-0.0762256784547094	-0.0497190971133189	-0.0712283138391927	-0.100456660329543	-0.0804346618088214	0.173777541849016	-0.0908536484525989	4
0.0438431146654557	0.024813250605279	0.00198912181904307	-0.015518688394806	-0.00152491800988561	0.0554893628718388	0.0936006512766054	0.00485651772879097	0.103985480527337	0.0390017264706528	-0.0560000548850047	0.0816316650552879	-0.0392333973183298	-0.0135013387562122	-0.0565097357054354	0.00246074302185183	-0.0694938658827864	-0.0790558280393696	5
-0.0139856520541232	0.0255714764543152	-0.00447274080501	0.00884288467444088	0.0928532186528673	-0.0548975051240793	-0.0582213915102754	-0.0285338828681552	0.0681394477447383	-0.0298161917379536	-0.0451465763958204	-0.018984814119381	-0.0792278544308322	0.0350042239896067	0.0760903847822562	-0.0591977470289647	-0.0334593280699504	0.0408915989794322	5
0.0401467750480898	0.0891510160895972	-0.0209772644908759	0.0641484445384203	0.0308453626447997	0.052172411504652	0.103018866814647	0.0151886969135972	0.113197257391543	0.00499949253634904	-0.00566320065974696	0.103577719951325	-0.0208745321922432	0.00236920060890435	0.0813368530857007	-0.0427599071405104	0.00988394636945167	-0.00657449760726407	5
0.0265431859848838	0.0801318537898853	0.155156721471075	0.168326065496074	-0.247904852242593	-0.0287521540155375	0.114919794538449	-0.172493209521098	0.0600013088216967	-0.0460574896099646	-0.0425201373518272	0.0585724155538378	0.139355529853146	-0.0830005103237196	0.0902087738517673	-0.0900024481490644	0.0455582678977695	0.12381735907704	4
0.0172239133387768	0.0728548115131294	0.0854361606978088	-0.0065374036100789	0.0194601246508998	0.00249179567776506	0.0814537978489817	-0.00522978688321939	-0.0509489638596931	0.125863023596882	-0.0285974570929593	-0.0278595346967256	-0.0261080247798221	-0.0239742348316041	-0.0125429912378432	-0.0135749819918312	-0.120523648046388	0.0265508186183198	4
0.0605395764227247	-0.0824109942694868	-0.0424957950719022	0.0514487824949231	0.0606624529311016	-0.0180183919127279	-0.0322491690703671	0.0818848511570435	-0.0333175090847574	-0.0120833268319261	-0.0729775339113091	0.0254745240568537	-0.0328395987946575	0.0553959166914366	0.0532012879363782	0.00917266717617869	-0.0934661130432573	0.0853134822168714	5
0.052912535517237	0.0661617694059167	-0.0618982891012468	0.0118591773400358	-0.0616114565436798	-0.0225010779380074	0.108357417574083	0.0524528277497049	-0.124697638349815	-0.0602860707411494	-0.00950503741459107	-0.111117279984161	0.0402828747283697	0.0539756269848947	0.0204737991735404	-0.0741426839712725	0.0278313229905891	0.0118029184422317	4
0.0406674764399907	-0.0240024185758156	-0.111116197218955	-0.0499820220203653	-0.0628980097630413	-0.00417689711803058	-0.0139843722383211	-0.0372992038407836	0.170854858860924	-0.0411254436913119	-0.0253515436673655	-0.0161705033900145	-0.0320211707072898	0.0365057881552917	-0.0502488982118231	0.0624243199127395	0.0234146033996691	0.0203212686941747	5
-0.0108996492531968	-0.00710849702053096	-0.0336399239417108	-0.0877091239113755	-0.0195208086421067	0.025331735632888	-0.119520449293586	-0.0345200460692299	-0.0324782213281754	-0.033021792409352	0.0550949691297184	-0.00668701984800207	0.0506874938249685	-0.0184487811044865	0.0279505673722925	0.0634120348466632	-0.0648978319479869	-0.151728935184692	4
0.0029537699790297	0.0500453183845912	0.0219448433646279	0.0236300128259677	0.0558999375901896	-0.0107533583946843	0.0169359521506082	-0.0213689193319376	-0.0239003963505949	-0.0302062291459419	-0.129720084650387	0.0194431846429831	0.0301492234832964	0.0270334848103389	0.00977647886728576	-0.0131034738136332	-0.0928163551086004	-0.0210040925820012	4
0.0637232703034256	0.00411886842760499	0.0297728022404028	-0.0830319364594909	-0.0335318424570888	0.0183133471038699	-0.0951894196868757	-0.00570352041688807	-0.0322535879395696	0.0374008919446782	0.0220682849616582	-0.0267597568615648	0.00812511715378856	0.0547670147574448	0.00598430578645844	0.0558473230204187	0.0852063336653383	-0.107611902905059	4
-0.0763287159561218	0.0379740926760654	0.0249489328322739	-0.0320700959631946	0.0304567677971323	0.0367326411587191	0.0235192268789501	-0.00431004772842148	-0.0766038118173454	-0.0239323361515852	0.0188507941243589	-0.000606675362399044	0.129516710993839	-0.0350831782288588	-0.0639473999039634	-0.264072219142609	-0.170681959193435	-0.0473247581412242	4
0.0189439615577774	0.0992278442336382	0.0074112894457321	0.00802635293591084	0.0475577602290295	0.0313532383179839	0.0878616477954055	0.0426288527099235	-0.0931422825005736	0.124786822192745	0.0486251607724407	-0.0830485654072847	0.00174158940087572	0.0149758705293523	0.0547172771332048	0.00961926147901486	0.0519125464194516	0.00917275439041318	4
-0.048180067410815	0.0224426208686716	-0.0244264065650334	0.017769646819187	0.035240291593708	-0.100141875594051	0.0117953445267051	0.0412115423530629	0.033048513914357	-0.029194053037708	-0.0495299177598273	0.0659584653741702	0.102205152193134	0.0275769560405222	-0.0900591426550722	0.0517220984565244	0.0696330442196168	-0.0298234523066098	4
0.0387455906868003	0.030072481392721	-0.00799522543949054	-0.0210475456472694	-0.00435473628252751	0.0890646481641523	-0.0829060552878139	-0.0529255573799864	-0.0548169564815894	-0.0354229989143649	-0.0250369599974238	-0.0217131325330106	-0.00145071505139512	-0.0303507626412609	-0.0439356655866126	0.0607274301292035	0.0277308689018184	0.00619171178077273	5
0.0143061500246507	0.0671321112191483	0.0260109434279405	-0.023829551330084	0.020593326028503	-0.0258134002985123	0.00899593720063364	0.0906518025774735	0.00832697271342231	0.0625653204155807	-0.0229907975628827	0.095966095104058	0.00900879374103286	-0.046037460485368	-0.00613653716194146	-0.0153361886248147	0.0838584620033253	-0.00992500023398976	4
0.0623006197226682	0.0437758647659927	-0.00958816843710994	-0.030922063581975	0.0137306594055272	0.0461675113563059	0.022177029788784	-0.0342394976152437	-0.106190307360428	0.0507865313597596	-0.0608657039926001	0.0313134837947409	0.0918042852664302	0.0196817715493072	-0.000686237975973621	-0.0576779291572644	0.0351324780437331	0.0551362782118735	5
0.0235315278592266	-0.0567889311454166	0.0264215841249992	0.090316844697958	0.065621508481797	0.0840810681441983	0.0450459041358907	0.104055807846287	0.114132079815893	-0.00724973116927409	-0.0563179492692561	0.0710941196195747	0.0355979552447186	0.108663480573704	0.0884376436833411	0.0365074368340802	0.0292115924566322	-0.0474485512953953	5
-0.00783859959740616	0.0681735179191281	-0.0229335731038006	-0.00175952341481223	0.0321048318608935	0.0831200116410841	0.0946692444519622	-0.051697302429393	0.0694075250917424	0.0276384523829427	-0.0328232302217043	0.0372286504979227	0.0113432347592503	0.0212914569923766	-0.0656406699575924	-0.073382304049751	-0.0529786420956386	-0.0653687218276799	4
0.0451427920306795	-0.0810617086641243	0.0308530201849869	-0.0665289896815715	-0.0471158509146978	-0.0281813704950196	-0.0228818290046117	0.143457803318534	-0.0643610455903575	-0.106375926244726	0.0894703356128888	-0.114380380953445	-0.0600692463469808	-0.183495614481512	0.0350022667247104	0.0791207625719562	-0.131001971357651	-0.372918850309555	4
0.0337652578820258	-0.0616745973410034	-0.00395793446203365	-0.0779158012096359	0.0317099411618587	-0.0308258789257933	-0.0442386633620349	-0.0678453469744984	-0.0352875297396922	-0.0795716279958506	-0.0400375736248435	0.122322030742438	-0.0310133218623385	0.0453951776669446	0.0919960185570373	0.0163329200957824	0.101974159139142	0.014174347158992	3
-3.31018241757647e-05	-0.119917609082273	-0.0658044951485516	0.0906436907389788	0.0961089101785459	-0.145143615529269	-0.0566881544560089	-0.0453845863587213	-0.00275123170193222	0.21950367835628	0.00713427083652952	-0.0531548027303244	0.142169576071585	0.0220444192463685	0.101655991964678	-0.11082765617048	-0.0210849176651441	-0.0765446411598154	5
0.0662236094112729	-0.00468628341033371	-0.00813067148588966	-0.0990192845900139	0.00597459953222841	0.0866621891378166	0.0729239590085895	-0.0930959493397954	0.0403377762646798	0.124171824264132	0.0413610821502601	-0.0542574490929995	-0.0478338489285527	0.0158855208186434	0.039170466207277	0.0644482751351353	-0.0129244986799725	-0.00241680375873728	5
-0.101409659434089	0.120051090879305	0.0134515458384183	0.00689844912025509	0.0390342005889167	-0.0343768273821135	-0.00858362857387195	0.0133298281259755	0.0309998534252746	-0.0120108006166983	0.0304179382515356	0.00983182491314595	0.0377971740727078	-0.0370739269129555	-0.0168690252508501	0.0134160977034533	-0.006349845524682	-0.0277937714366547	4
0.0659334294090173	0.0180852326073926	0.0153498876975039	-0.0679521499703877	-0.0148533440149724	-0.00423876566995009	-0.0307444948281864	-0.00687965835564353	-0.0205832754082996	-0.0309872309965958	-0.0475316268162651	-0.0917043596332603	0.00815234878938998	-0.0633383257293893	-0.0178135932663901	-0.0152616767183506	0.0442496073192922	0.0262083925508275	6
-0.0575311503312956	0.0793551937493673	-0.0413906594074431	-0.00525156180514101	0.0505285475254392	0.0130851224661593	-0.000461358422329311	-0.0223889220006239	0.00133070375508924	-0.029409469632297	-0.0710568511215042	0.0190604445861558	0.0247517454129541	-0.0614363623563778	0.000692610047610637	0.0659303379753189	0.0674604528903115	0.0183949828047927	5
0.026811016466166	0.0207550054470598	-0.00636395869929069	-0.125824227976697	0.0832442396391094	0.00921746798121218	0.0555993116607976	-0.105650801614802	-0.0898000443409397	0.113797982652479	-0.00709275887532061	-0.10455442386001	-0.0674380899802178	-0.10173811399771	0.00734444628488937	0.0819161451399444	-0.00619388903296412	-0.0242119941521516	3
0.028229159297891	0.0634919888929579	0.0105331148017015	-0.00420200505568257	-0.0125560239896984	0.00984549871398999	-0.0251477489201841	-0.00384586448806666	-0.0468015377083058	0.0381396774444074	0.00737963233882674	-0.0801007137714558	-0.0194403703767571	-0.0539375476892731	0.0371967190483271	0.0497876045798712	0.0368683805019334	0.0506518852667508	5
0.0536640892952547	0.0124660920284037	-0.0362406890411692	-0.0808311923566702	-0.00407009013367152	0.0652283912850345	0.0415412259120094	-0.10956538492516	0.0675549489104931	0.0700407386895265	0.01250339363741	0.0280789246124315	-0.0200553906002822	-0.0332416216144526	-0.0911610666111726	-0.0251247942030866	-0.00109034942748276	0.0333934105290419	4
-0.215993233312965	-0.0573730540379297	-0.109101294582092	-0.102524792341282	0.0269027577330992	-0.037116680230484	-0.00956296087400645	-0.0593103734710121	-0.0431377616316636	0.0106100635671411	0.081114110993013	-0.0470815027101871	-0.109842337565745	0.0217497874314306	0.0730906004135362	-0.0167298927788019	0.038874185193269	0.0541247837334605	5
0.0297089284925181	-0.0186441535411139	0.00436858298759748	0.0331127776652957	0.028914058985873	-0.0874738730848751	0.0024775271612142	0.110269436895815	0.024146287512094	-0.0210913513409827	0.105534643350209	-0.116937465626584	-0.110018185564783	-0.0844619376346031	0.0884721580139047	0.00374058878158834	0.0256566891427794	0.0126072182380701	4
0.0307539774264384	-0.0971499018647463	0.00173115302502664	-0.118734396785674	-0.0758281704365951	0.0764475775028346	0.0190652780191191	0.0116235510625217	0.0177772869918116	0.0640128494407236	-0.0479931799089309	-0.0548895575532825	0.0150581744407943	0.0638852923153923	0.0601311104999216	0.0625260128595988	-0.0659941753097996	0.164854686873783	5
0.0811333901424068	0.0522088453169055	-0.0869935197784118	0.0680154639142287	0.0409963529431744	-0.0374121353238148	0.0175959770247037	0.0408815737698921	0.00287219546100021	-0.00577201115985041	-0.0164313828783772	0.0907985205609888	-0.0972399539577379	-0.0450569823170458	0.00669430873811266	0.060737598592799	-0.0119521953763374	-0.0468460395370452	4
0.0159706909182005	-0.000879459988834818	-0.00542831062369385	-0.074784480842185	-0.0576427297422296	0.0850759622355653	-0.0333413825442097	-0.0950499058317988	0.0470348811988102	0.0981207368033422	0.0661166398221917	0.0622464606782368	0.0250336539230787	-0.0508456126802686	0.0332274438656389	0.0850877470424163	0.00218753501653641	0.00547845360589601	1
0.0498040725961063	-0.0330696818721639	-0.00291260164356177	0.11657370303119	0.0402885196838376	0.13627840201928	-0.0586679808452815	-0.0261044182404221	-0.104531174036542	-0.0412892823854402	0.00949847089384028	-0.0451718793250316	0.0174324270691006	-0.00697218510472679	-0.0879357613255354	0.16325463891782	0.087279515276409	0.0902654203347711	5
-0.0128478216055245	-0.113948295288068	0.0773559973137487	-0.13692786314005	-0.051907414370737	0.0931338678108046	0.122875766560757	0.202565887643809	0.00754276006197373	0.0599633738735266	-0.0376332817146413	0.152480477674799	-0.198126681356291	0.143152369788788	0.0416257723541895	-0.0725993738321341	0.076852431007049	-0.00641307539995085	3
-0.173276006424625	-0.140431340903658	0.0445237837152807	0.00067946708889686	-0.00843708341826797	-0.133936317395204	-0.0192012249542834	-0.189100383235425	-0.0876709545898852	0.0588253304215582	0.0682615124369518	0.0183524284152661	-0.0995184275582603	0.0512707745897866	0.030181982470402	0.019339280298369	0.00983229615826109	-0.0287572566903088	5
0.000979954512495605	0.0317571046439016	0.0179264259397397	0.00822194928124937	0.0744990334310337	-0.0495226066782858	-0.0355832413403035	0.00094909624331205	0.0180317922164174	-0.0172123399448801	8.25654331296707e-05	-0.112201142250879	-0.0313162333180406	0.0613184170061024	0.0331673645685561	0.00656761568644816	0.0181343455354559	-0.00220514704338742	2
0.0529122566308962	0.0739101993389662	-0.0438550549166111	-0.0197116666004798	0.0410335331016728	-0.00932588345939145	0.0234667477680044	0.0110032466582067	-0.0146326761549789	0.0908911786460471	-0.00564675619061555	-0.0195834058087876	-0.122707296349924	-0.0437315548433205	-0.114744016211034	0.0011221283347088	-0.00192145939177756	0.0223470922898751	3
-0.00073141457470082	0.0704596531894881	-0.0608866768388422	0.0552873656313437	0.0395506750397246	-0.0132220544702265	-0.0082858131743513	0.0252997392925282	0.0131058571043056	-0.0243031901166567	-0.0573035768021024	0.0759599256428712	-0.0679590643552081	-0.0640751749182064	-0.0292738873922009	0.00897698697097241	0.0576840567549704	-0.0787020109878772	6
0.0516248036819608	-0.039600087295203	-0.0126526994196489	0.0522375117271791	-0.00252599439956051	0.021477152659824	-0.0645531768565343	0.040519888234395	0.00618587714840571	0.00616150040460452	-0.0899745668861671	-0.15147401722712	-0.0278888245903911	0.00228612200200279	-0.0617996944209373	0.037203712912479	-0.00693562486241659	0.0718324947410374	4
0.0447190064106046	0.0227886891463132	0.0013928930314686	-0.08086772681174	0.0571341388380463	0.0187249463868045	0.0233453345074885	-0.018675848224398	-0.0628076824881865	0.01813000001459	-0.045149047750374	-0.0428684797809821	-0.00309116163387034	-0.040013653181558	-0.0254480848937994	-0.0206393074645122	-0.0188367714904479	-0.0333898992928657	4
-0.0168627208232431	-0.00666477539007944	0.0464412789329934	0.0046231086237364	-0.0329043962701622	-0.0502604514731283	-0.0199945273919462	-0.124180230103904	-0.0171596289069529	4.9884233620514e-05	-0.07370445241533	-0.067982497374415	-0.0537107267148408	0.013029584738604	0.081579772676942	-0.00312058250797363	-0.136970083320188	0.0537077154720409	4
-0.0537394883000973	0.0331173177691959	0.0256997630774912	-0.0415463694321151	-0.016300204408803	0.038723578435049	0.0453243559794875	-0.0198417517952361	0.0922006901692976	0.0676551590087292	0.0165882847684795	0.0223001355464751	0.0104013646873172	-0.0995473557923543	-0.0226110765362138	-0.0122464342801138	0.036860160516468	-0.107280222818875	5
-0.0529285639239424	-0.00548808570635455	-0.0502784469466337	0.138629559463486	0.0561777522420657	0.122259311215551	0.0709332537057447	-0.00632544085612985	0.0439636507484968	-0.0607380506582491	0.0165802955819672	0.044266770804972	0.0258787669559073	-0.049624854492094	-0.00219489369043552	0.119894774398331	-0.04071294849569	0.120635512243058	6
0.0782708315959364	0.0480568164967176	-0.00908833394959265	-0.0459006990483164	0.026534932062285	0.0219704176351621	-0.0061536797016815	-0.0557762812134666	-0.076602456753681	0.0270601353250754	0.0137998399597791	0.0244745938839565	0.0437704584052206	0.00923717906224608	-0.0297731285987639	0.0662622426941135	0.00397133682668534	0.0611437815840896	4
-0.0503598017058086	0.00951587290752288	-0.0379289066386763	-0.0725060384549826	-0.0377886488114594	0.0160686430153421	-0.0550860142035663	-0.0271717242606113	-0.0465129108219769	-0.0387589794940855	0.0513803205655159	-0.102677247657091	0.00730339294402755	-0.0317802076952122	-0.0405817107393885	-0.0675104182419759	-0.0310021283534302	0.0723436182952457	5
0.052854401629502	-0.0943597046972098	0.0391252545204839	-0.0077062000143891	0.0335576449099466	-0.0246436437761765	-0.0896219970336497	0.0717366633041586	0.0103414616578468	0.0674883852537934	-0.106380310507845	0.0665570719175706	-0.116014818398716	-0.0543364599928709	-0.0136286429260614	-0.012262872536051	-0.0374416777853489	0.00311056480219285	5
0.00253005398098662	0.0371525776090717	-0.0381084203992025	-0.0434333686062315	0.0283004130663102	0.0171302348947335	0.0665451305604779	-0.0817556248078843	-0.109125952877755	-0.0729686293532446	-0.0852164515400704	-0.022650813392174	0.0223257702078086	-0.0754763660281957	-0.0190559750674602	0.0343842818752191	0.0562584659166546	0.0368340984424718	5
-0.0505531796218334	-0.0551564586531886	-0.0145644227531042	0.00547662588859694	-0.0149585167506975	0.0550224336763992	-0.0549755858443906	0.0531504741682057	-0.0537620405014395	-0.143240325188398	-0.0476076751142944	0.0286641625447748	0.0365205311051089	-0.13852307690063	0.009723705222249	0.0249529216611838	0.0628676412643385	-0.000437877604278217	5
-0.0181829494729393	0.0979067581260531	-0.0074767331323089	-0.0151459819295799	0.0290919566808884	-0.0285007992310646	-0.0182762549854678	0.0484336475977341	0.0282918381338856	0.0874869881516221	0.0372333662110485	-0.0120038149746714	-0.00978232917649838	-0.0528341073331607	0.000619459021146943	0.012814924973804	0.0167518780951755	0.0655871449154437	5
0.0402559422751034	0.0700036095762876	-0.0093161048670166	-0.00126445361861944	0.050571294223154	-0.0156166579549862	0.0740588543206293	-0.0294173355720748	-0.0904097527133941	-0.00352248235540481	-0.0373270491214463	-0.0208109059126644	0.0246352853695699	-0.00584101442696061	0.019595194459254	0.0870643247511145	-0.0512961195725945	0.0697099889572701	5
-0.17077272889882	0.0405241904182475	0.0490359917146566	0.0740729840244062	-0.0312528326503887	-0.0994683021124293	0.0640474752358122	0.0585965841469661	-0.010115903289353	-0.0677835407141124	-0.0302663688061994	-0.0301428304804006	-0.0839728032376022	-0.0475287463568546	-0.0506599451758624	0.0648262691689317	0.0791496499301095	-0.11645870175419	4
0.0610143387138497	0.0323680338152569	-0.0360285665957148	-0.0433576804402147	0.0167179117278236	0.081824646723821	0.14008128536372	-0.0323847484783307	0.0135917231117029	0.0611172067663573	0.0224705231469602	-0.112755797446619	-0.0678488567216622	0.0440341041160255	0.117371398914385	0.0603235234615747	0.100347495796876	0.04767154258259	4
0.0489927412076617	-0.0817903159708099	0.0422334273212922	-0.054451083739248	0.0177936742826847	-0.209937443360441	-0.00556763758528565	-0.0769197548730833	0.026853036202828	-0.0154251225617193	0.264781209312876	0.101733000300566	-0.111786602104044	-0.146369889655221	-0.301031628138934	-0.185661172338536	0.111663758608729	0.276145484614039	5
-0.166016933840204	-0.00950041670516976	0.0251497464938091	-0.0775273910548935	-0.0231139148776499	0.0120970773173474	-0.0122751975804468	0.0453247005347768	-0.0455731612266788	-0.068960894627943	0.112450536395992	-0.166293565589087	0.0171155545905231	-0.010894983842315	0.00504307503778197	-0.0971124663992413	0.0250949361417845	0.0255492719251596	6
-0.00620988198665083	0.0488366516465276	0.0304702127207377	-0.0333086320885167	0.0281504344013002	0.00783138173583346	-0.0707750288842232	-0.0489497572632602	0.00908292505869937	0.0344877849238492	-0.00889361907249419	-0.0125146314337228	0.0111117693071179	-0.10738215449389	0.00818797897922651	0.0219150151080082	0.0421634231317828	-0.028067391219817	4
-0.0465606107805599	0.0604390625070105	-0.00400723248504715	-0.00499189564949942	-0.0221808579097688	0.0158218455798104	-0.0977715680111329	-0.0290585715952631	0.0113123720793325	-0.061518662786662	-0.0258055412528264	-0.00136300236508732	0.0342595569983153	-0.0895373664512036	-0.0430089287875965	-0.0243710021858246	-0.00900725765879621	-0.00766913405884688	5
-0.0614324346252979	0.112603466775299	0.177826165206042	0.110884652070842	-0.0401873679097135	-0.0547443931634244	0.123474483281394	0.0634462128371414	-0.0455134898290525	-0.0256183724192	0.178745838475971	-0.104953228177967	-0.0718678854192415	0.13289772856923	0.13011319484587	0.0751551365648014	-0.159827952796238	-0.00751141639306313	5
0.0235970136255406	0.0178802790445015	0.0328488656473148	-0.0684867139115446	0.0414771250469068	0.000988586705892494	-0.0117063968823927	-0.0287151130920201	-0.0592495654035794	-0.0263824193912481	0.0689745103662367	-0.0277689280525349	-0.00105686399165434	0.0203344423642555	0.0493782454465001	0.0571739978195522	-0.0525163198281081	-0.0211143211229551	5
0.00876747959982299	-0.122072303581424	-0.0846519669715308	0.0672667200832729	0.0819870765476431	0.0327789834964189	0.0858703533319646	-0.0206026118513529	0.0943611725623364	-0.0155613036282459	-0.114445394428573	-0.0118157825430383	0.0499227936567966	0.0232740257689789	-0.0569868348502307	0.0120854816251175	0.0846815253305255	0.0168472915677869	5
-0.224621180860161	-0.00983879457347855	0.119779225014772	0.00518068456612072	-0.100761755637027	0.00288364832303339	0.00450055367719395	0.107141742590101	-0.0282410807345788	0.0827123971051451	-0.141782481151464	0.0434335823117736	-0.0112897890955147	-0.074514789385003	0.0445715542914574	-0.0284155296475048	0.0218864950088985	0.0741124941458566	4
-0.270570202482509	0.0214696999057855	-0.0367712031967045	-0.0320447144021161	0.0316793043629374	-0.0509101656481416	0.00285428028719387	0.00561599980293429	0.0336348748954097	0.00199960676138791	0.0374677513173177	-0.0284906188631955	-0.0643391618363939	-0.0827972548178563	-0.00760718553172067	0.0240903146057304	0.0580997256653298	-0.0323061398817174	4
-0.245484517940636	-0.115537620885191	-0.00768538418897697	-0.100230688859714	0.0251608487453209	-0.0534936723990129	-0.100351179454068	-0.0185601095343622	0.0392457077171594	0.0081419531572818	-0.0290169764191257	0.0233676396377601	-0.0458562284393662	0.0634207922006723	0.0285497737970758	0.0755267124723681	-0.0064304507491237	0.0989879552216914	5
-0.0225201942846864	0.0827081847224004	0.0109683164668395	-0.0270867094432612	0.0539357342158827	-0.042512648691783	0.0220498589955932	-0.0370916641896056	0.0149665486282698	-0.044906696650139	0.0154222112508439	0.000924402442865709	-0.0232244124984576	-0.0608470403868817	-0.0134486453628877	-0.0401933688410058	-0.0434179756243509	-0.0257276836557476	5
0.0396746851151298	-0.0272259040558819	0.150980340218335	0.00829988379482151	-0.11408578905775	-0.100705786497848	0.0528217060384289	-0.06605808054973	-0.083698524121932	-0.00877057241165878	0.057633130928287	0.037185732883143	0.112745045920112	0.0158443691237706	0.188710864143825	-0.00212052517866267	-0.00593323526105504	0.10180452469406	5
0.03948033409756	0.0281468511380151	0.00162436570192626	-0.0283490871721802	-0.0384187760888862	0.000876711414890927	-0.0199087995761576	-0.0202138496182837	-0.0441998666726658	0.0852743285699474	-0.0916014359421939	-0.0228634577989824	-0.0198613429707385	-0.0550401154642028	-0.0437598973652074	0.0554939200201174	0.0195607334062297	-0.0354968448708127	5
-0.176381757637314	-0.00737681631108168	-0.0181154174654338	-0.0690073181212341	-0.0712098794864844	0.0744274719853338	0.0233366351927534	0.0407564315256727	0.0295935896974441	0.0294002980005439	0.0170652333992392	0.00928051458259273	0.0665391944140181	-0.0834385008297195	0.0401610640452013	0.00661606426814527	0.0319681836623347	0.0155417014478834	6
-0.0135431330463629	0.0568898781292681	0.00949410793542671	0.0412957590064864	-0.0382040409272799	-0.0456337554270636	-0.0148737803777997	0.0158303430151994	0.00445612834603604	0.00187023507213005	0.00233738675999356	0.0243740791322004	0.0372967387563962	0.0204562337568591	0.0279384192953858	0.0743436532888341	0.0755350539462317	0.00112634563344059	4
0.0169298661724614	-0.0641597258019409	-0.0507062723209643	0.00493115681219614	-0.0325977758509061	0.0127591629129823	-0.0417797071224328	0.0605019322752993	0.192946765156118	0.010047753846535	0.0916937130339908	0.017120566236233	-0.0785108462964368	-0.0132045806041942	-0.0596599181216588	0.0947274716065117	-0.0699902593504816	0.0952767307753056	4
-0.0493300487284256	0.00824173370067034	-0.0338678291021867	0.171275990256789	-0.00116380303011855	0.111801883223443	-0.00578453320054997	0.0131996695285296	0.0382880481888785	0.051488480267526	0.113393219800196	0.118118917986776	-0.0271888447870029	0.104588607069092	0.0106939795297997	-0.021874508949705	0.019565237786164	-0.0421350769791513	5
0.0462552627820177	0.0079157303396354	0.00755502367008052	-0.0881483920928303	-0.0236478841811806	-0.0295030861330486	-0.104101745016877	0.0258201367476769	0.006710677049194	-0.0367576784667246	0.0982390127592173	0.132379007988955	0.103030085960816	0.0929220146739372	-0.0387106279840903	-0.00549347057587196	-0.0267410132343027	0.0237176109782975	5
-0.0664743537238748	-0.113590731712018	0.0730822314784786	-0.0342846524087207	-0.132162923708975	0.0209188539510852	-0.056580297213503	0.173702913089586	-0.0956167299545507	0.131635353906746	-0.0748874996618894	0.0683238025398802	-0.0112370686606564	-0.00218912066163315	0.023745843459917	0.0812367636821365	0.028673303847945	-0.0207655496394086	5
0.00149913495526571	0.111482293789585	0.0318552892909906	0.0275860506642169	0.00650469096364512	-0.0139757174527268	0.0522374509531451	0.150504249535914	0.000734921270577641	0.0205665054790739	0.065935040261509	-0.0249339520700716	-0.0671178691586356	0.0610906704031774	0.043746753898938	0.0139077901644594	0.0712125978489291	0.0624852822551445	4
-0.0194613263961164	0.10246711533196	0.0421001367506235	0.0478746399994264	-0.0271785449613098	-0.0408261001922209	0.00657609742101663	0.107415657124705	0.0336002756373509	-0.0314654916067808	0.0205368433670638	0.112509161645825	0.0566214900765164	-0.0119190485554379	-0.0927028081904578	0.0292075499372769	-0.136450457287793	-0.0156434197134978	5
-0.0994239954718689	0.0243490236416397	-0.0332246639036783	-0.0199571236937329	-0.0415273060287765	-0.0195082823249283	-0.0942449567363427	-0.0187122872910206	-0.0122448630278659	-0.0161220579015345	0.0569405613725248	-0.0852019030453586	-0.0224799166996958	0.0791447408464932	0.00190361047610801	-0.109805047675548	-0.0403155423243843	0.0653553385753553	5
0.0657148604924347	-0.215045922267846	0.241038006992591	-0.13750653819761	0.235721464762804	-0.0305261514369683	0.253304499781535	0.124357968663188	-0.17604840011163	-0.245581341978281	0.110920255428629	0.177707219602364	0.179860384266435	0.119676312263284	-0.0767090618600642	0.20003509778808	-0.0783378191022698	-0.0102402981247469	5
0.024959096921278	-0.0297622357854787	0.0571691073340695	-0.0421334119691105	-0.0101645928076669	-0.167325675600731	0.00823117771522976	-0.0589103568540036	-0.026805248862843	0.0897905775079255	0.189456641781695	0.0965034858891365	-0.0507614214149776	0.0228431725509314	-0.132924463993197	-0.0147175060680615	0.0567760385847678	-0.0300382344177002	5
-0.0521696187512978	0.013874654399841	-0.0364587235998102	-0.0549035153895159	0.0788555336754233	-0.0728963180087569	-0.0693903737967187	-0.0868671537150793	0.0618712943652098	-0.0930455666486816	0.00137037479956331	0.0012088346234994	-0.0541440913652953	0.071337285990102	0.053869981739075	-0.0865776585915194	-0.0626185187479787	0.0462559650491283	5
0.0188663451542888	-0.0140861023102243	-0.0572595903948839	0.0699687584003409	0.0141341716528289	-0.0774819973597462	-0.0322375448055886	-0.0410987012146605	-0.033214278618343	0.0924397583327542	-0.0395070092706762	-0.0234365966446485	0.0507799146168381	0.0768721719295064	-0.00163531127664095	0.0512769877857023	0.0297580162000945	-0.0874703798987647	3
0.0466074866808947	0.00654760990345417	-0.0463129557586291	-0.0419651772142703	-0.0127189075641386	-0.00916547172532648	-0.0647250017531865	-0.0450093260914701	-0.043211401323131	-0.067445839283969	-0.0604292908501909	0.0756970452919325	0.0340681151665697	0.0324595868087471	0.0159104092940179	0.00927350711032679	0.0734104081891685	-0.0476674386344754	4
-0.0841215372254217	0.0645609246389609	0.00143347757375635	-0.0152728776254696	-0.0176505331685828	0.0193138963509394	0.0396915255529417	-0.0289202083844897	0.112860798322045	0.0527422807426522	0.047144560208436	0.0826315351646126	0.0409338452136365	0.000586392487814425	-0.0300800341566622	0.0503275947544183	0.00650699068856594	-0.0752348418183256	4
-0.0129512213525567	-0.104807287776932	-0.0139659456008316	0.0107275710876987	0.0413019509631511	-0.10847556066653	-0.0841868260390693	-0.0189558073640358	0.0469659753941522	0.00395924233728864	-0.102316098453944	-0.0561507995424435	0.0110231460640827	0.091457820248964	0.0599345117758284	0.0901502668255683	0.0825203583291107	-0.0301800209256269	5
0.0259438514664385	0.0314666377502513	-0.0117587566145634	-0.0442457660828921	0.0863399956687468	-0.0275983057754369	0.023152896435754	-0.0717236523376594	-0.0449467518751986	-0.0221980767980585	-0.0103186822742893	0.058753532093804	-0.0343478883466562	0.0203472239717175	0.0529179320195439	-0.0519556399658188	0.0411214806263766	0.119568358722089	4
0.000436343217021514	-0.0818842373153642	-0.0686953974901362	0.00377128058925777	0.0663742503527127	-0.0411659484229962	0.0974638249831535	-0.0173950230718341	0.117594972389441	0.0192308391374406	0.116453033814113	-0.0295279596517307	0.00319888049361506	0.0364156312384604	0.0617886992741395	0.0821907829630879	-0.0038413321993056	0.105049077555001	5
0.0983733143206302	-0.0646836610538532	-0.0447085441142174	-0.0653507501731398	0.0187051369475977	-0.111256993230923	-0.0822192808639286	-0.0046198405535286	0.0563917776218075	-0.0907732572970751	-0.085747399744741	0.0234444991366165	0.0333837831294342	-0.0446212904670091	0.176628786778579	-0.00281199833095697	0.0842919485755951	-0.00330145424898333	2
0.00830978199897443	0.11881115725521	0.0323433962960792	0.0229791452760768	0.116954152665989	-0.0303594018150502	0.0668460567173009	0.0644708065961845	0.0402054306247676	-0.116104372133212	0.0604264440501396	0.022835602433903	-0.11101990449692	0.0806364045198163	0.0198786090619315	0.0610432901660659	-0.105569053105368	0.0668144709435958	4
0.0142849223801826	0.0775428322356723	-0.0613193079133736	0.0913752039118489	0.00930563314339464	-0.0548331722213373	-0.0248140965261457	0.044136993729158	0.0494875439224025	-0.0408386910378308	-0.020351911103827	0.0749262467625692	-0.0447384351789691	-0.0454315525086738	-0.0492063085429719	0.0713941568670944	0.0569117858064652	-0.00654874095628863	5
-0.0181935184675933	-0.0874765340953655	0.00407322500334411	0.112817141061032	-0.0120346613752748	0.125259409467959	0.042079387600706	-0.155754453904845	-0.0676345138287141	-0.0454714902784571	0.0384311613541522	-0.0255748046365938	-0.0563140089427589	-0.0475914478290464	-0.0821628178479437	0.073683675750387	0.0934288827470421	-0.0804954216927079	5
-0.227898863247055	0.0657981238974877	-0.0671238977723918	-0.0375481684935839	0.00949929955240946	-0.0517960132466391	-0.0179127517006041	0.0149219120872325	0.00313199782391113	-0.0538612745528759	0.0564952972506127	-0.00324084672394587	0.177709437312967	0.0162357535777998	0.0323692747542761	0.0156996011660748	0.135465448052141	-0.009821148059334	4
-0.0709821684494335	0.0278930221998201	0.0140603568907731	-0.0548366052755271	0.0881525333212199	-0.0159711732381502	-0.0247513930426293	-0.0705887133495263	-0.0179584376502112	-0.0238031286425417	-0.0211477033029752	0.033478725822238	0.0179406252128122	-0.0293175306498485	0.0890240926684042	0.0297444647921357	-0.070389479003637	0.00927143223570859	3
0.0266121679985523	0.0292537902147128	-0.0307225250102271	-0.0674471406441291	0.00708851864912768	-0.0295898187806296	-0.0163586553700912	-0.0121457355640594	-0.0736386838292284	-0.144232371824117	0.0527461042348697	0.0264905986587669	0.128089072270453	0.00227635440373369	0.140060414842007	0.0358237951982255	0.118199846573919	-0.111947318012247	2
0.0524974545313011	0.0937174581851303	0.00440019819896784	0.0354356693998783	0.0749009951236227	-0.00984080856367689	0.0277708403163626	-0.0150453408576054	-0.0232187195217336	-0.0468964188061744	-0.0511298709947562	0.0285218681356088	-0.0444437203309414	0.0576242498244118	0.0161479905307387	0.0805337065623219	-0.04217099520125	0.0898990155875936	4
0.0400612673153078	0.0488545650734325	0.0391036861206448	0.0479496740524851	-0.150802058121137	-0.114889309671059	-0.0211730973840768	-0.0853349755259355	-0.0292955218659332	0.105947035892299	0.0844792562229989	-0.0157503777590104	-0.0353942533086477	-0.0188923549259819	-0.0604861097752463	0.127040062944286	0.0672528804050693	0.0818173649908624	5
0.0200293559525728	0.117477083083418	0.0981518885088442	-0.00052581105277047	0.060639718096844	0.00434124088220982	0.0236987322586531	0.0357394700472377	0.00397191476072888	0.0862203666608066	0.10612713290079	-0.0139476582136283	-0.0213312216372719	-0.0104939387463052	0.0320949618701757	0.125881772729705	0.0215420143033886	0.078102052665967	4
0.0648161375064528	0.0518844040015502	0.000138921840263657	-0.0444816979793194	-0.0244239500449362	-0.0441871790716737	-0.113141878307213	0.00342079597425696	0.0586034225248686	0.0164441912669918	0.0327433759671281	0.0528691603754101	0.0409669516458698	-0.059531586700775	0.00181823348358823	0.0391830571804446	0.0251028340905723	-0.00208661400306664	5
0.0399949021370226	0.0350146228395349	-0.0837471736772082	0.137094271251589	0.061579436466543	-0.0172604538716449	0.0158372811688698	-0.000656097305733267	-0.0976480337980472	0.0526289030354511	0.0449666666992678	0.0639322618222936	-0.0216117685874021	-0.0456531796053884	0.0353571166585371	-0.0436375424197305	0.0497616263467814	0.030778109850807	4
0.0243040474924984	-0.0327335221361701	0.0291801793248996	0.0196872118971627	-0.123691253992522	-0.0194904232948024	-0.0479928300162867	-0.0155573619232345	-0.085115311139307	-0.0298835906124635	-0.0540715893285493	-0.043967542482743	-0.00576424552837168	0.0219444115463492	-0.0346012935983474	0.0990269484339117	-0.0869764468485863	-0.0431670345395767	2
0.0273957435640933	0.0407108415832737	-0.031471528248811	-0.0109727023792403	-0.0138426538572046	0.0844142173369666	-0.000291615143228894	-0.0488957339467568	0.0635981793411256	-0.0215287969282515	0.0539530735895245	0.0876454627202842	0.150218625286455	-0.075373064884108	0.0190729469061791	0.0302277294471755	-0.0190322076441779	-0.0429814672391272	2
0.0649429725552951	-0.150437442029406	-0.046224255576486	-0.00401143584571983	0.115110206995481	-0.310444591161009	0.109932295642873	-0.000121850750816843	0.046980591648712	0.0713528243650413	0.0622892612371954	0.0579761361662697	0.0919614990740399	-0.115555885246761	-0.0240756788984244	0.0515454431888226	-0.0503137247857029	0.066178400600218	6
-0.150891307713935	0.0288252320626963	-0.00570774510160243	-0.00523101683110624	-0.034638719492167	0.0866447872048908	0.0941510150948938	-0.000755578664123944	-0.00595219454263783	-0.0297149928609781	-0.0286378424181146	0.084348007420381	0.144579481442124	-0.11346611595978	0.0303931521506641	0.0270575877827332	0.036154136937147	0.0280840178329692	5
0.0574457157785026	0.0216138654675212	-0.0239018785183854	-0.0485875989550395	0.0502810650378827	-0.0250841700729491	0.0266040904906177	0.0444224745904023	-0.0198896612699449	-0.00218486837162562	-0.080171885344176	0.0291332772990904	0.00470403259575638	-0.0910298969130464	0.00260626595381147	0.0484605540760813	-0.0450354960789334	0.0602745147523661	3
0.0349167189082505	-0.0598932631175143	-0.0575967802687568	-0.0620806310934269	0.0575310960189954	0.0280757399636072	0.0354368354490969	-0.0670281641894609	0.10868554408705	-0.0789783833000837	0.051656850936594	0.0813252575723145	-0.0334188246659772	-0.0192518188804142	0.0572582124690541	0.135043249648921	-0.061467990171018	-0.0613308584758508	5
0.0909910462451165	-0.0152596458848814	0.0472148018643624	0.104063228712979	-0.144953494314566	-0.0342238810165087	0.115412529747598	-0.0989938386942171	0.0718186700831401	-0.0555765992185963	0.0140844892494951	0.000355387975319371	-0.00504399239900037	-0.0052753487579957	0.185466307212332	-0.0253852188132261	-0.110154670546796	0.123512726043221	5
-0.282232167565956	0.0358621545842939	-0.0404202749227569	0.109182309547462	0.0211104765865607	-0.0304095479904384	-0.006152454847348	0.0225616125378638	0.0371336197557007	-0.0229848461236828	-0.100809522943208	-0.0558752140825112	0.0534730785641605	0.0657768934284418	-0.0331477061687376	0.103661132104901	0.0885369626316917	0.157142434956986	5
-0.0772692901401646	0.0293368289397208	0.00824913518206725	-0.0742849046786143	0.0406402477603482	-0.0133292714719949	0.0261770335743031	0.0162302328260407	-0.042359393857467	-0.0534190379373323	0.0750252137154274	-0.147085773910572	0.042442142755829	-0.02265535056857	0.0562188948499518	-0.00245928794833346	-0.0699501072224963	-0.00594898821786024	5
0.0397106931061347	0.0636175536291232	-0.0163026405915876	-0.000533499023429102	-0.0890186006372062	-0.0139182400082911	-0.0737800552910699	0.0620344705541798	-0.0212842270798357	0.0102224835518126	0.110495218557945	-0.102183338831046	-0.0862536538141344	-0.0743672410164333	0.0694523846781128	0.0601608151184978	0.0561211157140261	-0.020827105341405	5
0.0163744775627849	-0.0470027988013629	-0.0870964636346977	0.0194393473548587	-0.0335615566630289	0.0440755382836436	-0.0397174029270553	0.0325792109998835	0.143349683807638	-0.00930238310773154	0.015537434155074	-0.00353131027599763	-0.0125976743098781	-0.0228685847089401	0.0476837211269596	-0.0251242635616337	-0.0991608996705968	-0.0128376845625684	5
-0.0692330204696541	-0.0953614608589779	-0.172442721899479	0.0115192202348149	-0.0774380605806072	0.0866728886898216	0.0371962997092223	-0.0116801771425158	-0.0160602414392148	0.0171686312334616	-0.00818814445702065	0.0858850119610252	-0.0260173821220668	0.10582578090645	0.0466919858488913	0.0207755934997621	0.00130568279507965	0.114506263436455	5
0.0116606411527873	-0.0948433374059491	-0.0695572694683677	0.207449181980411	0.00774782403012259	0.0825127052995639	-0.134070309730259	-0.0499261804291779	-0.093653814460666	-0.157956297440559	0.0678235257557699	0.00434494011621838	-0.104512015018236	-0.15280851443807	-0.0046248760971046	-0.00352626230089727	-0.00422370382778622	0.120845850590434	3
-0.168560081431008	-0.0548348964079716	-0.165696778729735	0.0115703865150178	-0.0373258783317481	-0.0201935857362299	0.136032386913092	0.0703036810398915	0.0443772189097426	-0.0217613922792742	0.0587903459238443	-0.0718204872072669	0.0163037207404683	0.00152941998424595	-0.11778099415305	0.0112495673342272	0.0202987957737037	0.0374507123751757	5
-0.0925878533825809	-0.016768467281421	-0.110858186195456	0.0965716574561837	-0.0122998141848267	-0.0245034336714193	0.0905459624918819	-0.0410493811243285	-0.162543390665196	0.017667503188033	-0.00747005754248768	-0.0572150822956468	0.00606861282735681	0.199451826593077	-0.151386903732876	0.0849601507056933	-0.12254328647583	-0.0381661322496066	2
0.0818538090809143	-0.069301754929443	-0.254504728875439	-0.010235855910606	-0.0806971010679521	-0.212418334402355	0.142766260694728	0.0731515926984812	-0.0986318891804086	-0.0468171172420956	-0.0364883667820174	0.0609019233144404	-0.0225943296442668	-0.0258855388890029	-0.0902784818553195	-0.0174531498134053	-0.0530958746761444	-0.108903116228205	3
0.0529634127789673	0.0227140296145235	-0.201392803976688	0.00130767671953866	-0.109673103078496	0.0289332161511122	0.0403182126189026	0.0285650531925635	-0.220482829455089	-0.00356058423742508	-0.0246426521946332	-0.100414420360711	0.0388210325782853	0.0964168060238937	0.0102411120398199	0.0307374898967604	0.0571257804396532	-0.0133409224556264	3
-0.0529060447994137	-0.0508106926472021	-0.0851926863985287	0.0560137831955248	-0.00743545025184088	0.0817549235640531	0.0500180625858644	0.0429031932513354	0.0549933927935474	-0.0491243850412423	0.0187594519481735	-0.00741060882822653	-0.0370449959078035	-0.0451438942690725	-0.0221292974467615	0.0564657237563729	-0.156353761850591	-0.0424985200981035	5
0.0348866521656347	0.0328476213060837	-0.0800019400835376	0.0356836902852591	-0.0385948082735373	0.0915028607692615	0.0712791179280841	0.0228157057849653	0.0488624509390803	-0.111159704938678	0.10424789095376	-0.114120611514131	-0.0294207131056767	-0.0633440231927093	-0.0281419085209811	-0.177052777189135	-0.0836252053141654	0.0517295197612932	3
0.0692891440295712	-0.00770805525254676	-0.2451323304489	0.0117364365180246	-0.0835804957050549	-0.0472756049322355	0.135923794653963	-0.00457398905050593	0.0893665497572061	-0.105096583148025	-0.0692336676814812	0.0476585064118868	0.0267923466208683	-0.0506631006699715	-0.0559427927091171	-0.005431979979586	0.0352473183339787	-0.04897482558515	2
0.0029485114175527	-0.0117153916194601	-0.294524482918255	0.0110791008187783	-0.0460919523525494	-0.140340207461973	0.0956636250619813	-0.0282919418592844	-0.105846768176583	-0.0525376591993604	-0.0611526540011872	0.0470490741659768	-0.030139983614616	-0.0148483888632122	0.00876754133768889	-0.00165657657628496	-0.0545710450596872	-0.0329135531387666	4
0.0540068278148171	-0.0375601963286726	-0.1211310702303	0.0236692491441004	-0.064676489421998	0.0761295769621592	-0.00234977396488824	0.0663366966115333	0.0556804263242218	0.0102808693091659	0.115432678464601	0.036338863674553	-0.0100567632368243	-0.0189505154881689	0.0537372053086852	-0.0934287751013379	-0.000382985707705769	0.0228009617057622	5
0.050275222668314	-0.0135110236691962	-0.200505409079203	0.0233530305703446	-0.0455217933584049	0.0435740071545197	0.115182899992142	-0.0021781719129119	0.031793049152984	-0.0191118265006033	-0.0388132154506204	0.0045074945646778	-0.0280834633504875	0.0348753737114909	0.0137329281356118	-0.00707880008530317	-0.0652962916266193	-0.0304133746699169	5
-0.0248463767455753	-0.102583749956685	0.0779273618433626	-0.0697461912302632	-0.152169996910428	0.0136643408211335	-0.0400044694623066	0.220959165218102	-0.0623805250553523	-0.0548989020814468	-0.0172477830128383	0.00819867737708306	0.0694885517332112	-0.199846182933887	0.0112848175154761	0.100169434678613	-0.158921669314088	0.243882564424487	1
0.0494623479092095	-0.0520259658175196	-0.0993848838179682	-0.0894102664748783	-0.129740571370848	0.109616847112809	-0.0193225207246373	0.0131689493739717	0.00733890316578832	0.0119882213096163	0.0599028685735976	-0.0448769722052495	0.0130091493401265	-0.0012815597852441	0.0231834781149964	0.021531656436849	-0.0203705798670975	0.0166662641564504	4
0.0135819719924359	-0.172396110590988	0.0114027589129305	-0.105472001118355	-0.195803655286373	0.0962846650296688	-0.0372200856016435	0.111826876666064	-0.0115765307882329	0.151117704846582	0.0186906349746157	0.0955224861077012	-0.0237658846069888	-0.0256008646324664	-0.00814076969124415	0.0807562609017673	-0.0180372835526747	0.0682900998102066	4
0.0727662376304587	0.0182544820331785	-0.0870255833821109	-0.0650062527558217	-0.0733198141036416	-0.0274955513839301	-0.0678470157113788	-0.00362241815615778	-0.0514763340066943	-0.0155702069759495	0.0114221601030154	-0.0170585931095447	0.0621236888702072	0.0169552386606787	-0.0852600222028857	-0.0317409370405133	-0.0760444543020108	0.0179412128182753	4
0.00321040361896144	0.0348063003751996	-0.0494154200884825	0.0092443095238091	-0.114195532581005	0.0651025343652699	0.151325337962011	0.12531658077379	-0.0134063344245325	0.0699544292682063	0.0725600972183752	-0.051895766159452	0.00373954864069675	-0.0217577804951741	0.0475793234945728	-0.000560451976960426	0.0454622284453952	-0.0174609720583004	1
0.0242341751958695	0.0475485827977808	-0.0346549937528744	0.157288541465252	-0.00918232121884533	-0.0825833154244879	-0.0304019100185171	0.087270324526291	0.048553722749222	0.0371277301842982	-0.0423914869690755	-0.130701389993188	-0.0464292613949516	0.0341535805102569	-0.0126377947762821	-0.0045059489218047	-0.000826189444845828	-0.021192516035083	1
0.0637885052409984	-0.00062798772921305	0.0114213878208704	-0.0587692733738656	-0.0890514078559594	-0.0164670586517586	-0.103335316377188	0.0430352404128947	0.00770671522778156	-0.0628780921401	-0.0585667778657362	-0.0685108954749817	0.0249851246321882	-0.114139689196479	-0.00206810364400138	-0.0236403389479939	-0.126406650007623	0.0515915053757062	4
0.0498728965317509	-0.0721824185382196	0.061533094506683	0.109013341583725	-0.311667476997996	-0.0356951484387376	0.175356374941882	-0.0749032011954357	-0.0636195610764762	0.0169690081785098	-0.0408529084196508	-0.0174340045675065	-0.0310754966686026	-0.0137873718407079	0.129662637709894	-0.0529000082399308	-0.100413161982152	-0.0425658915459359	5
0.0659451510013795	0.0103628197282485	0.0102106383931823	0.0543397508618375	0.0621725090945441	0.0387416267438222	-0.0818589614757051	-0.0020565930893575	-0.00599632015459561	0.00652776742328851	-0.000536734126386867	0.00534812082631184	-0.0611519884654055	-0.0246434003152493	0.0505032277909282	0.00609199753326864	-0.0211090915161276	-0.0505879294533577	5
0.0310656303262747	-0.133135958246417	0.060185520526111	0.0272603842917461	0.0508113947609019	-0.165124105273743	-0.035807179724686	-0.0233137289143037	0.00112027646823896	0.0806938569382042	0.133786675616686	-0.036731955192347	0.104808921502833	0.00765194592821723	-0.131548802532843	-0.0691025164077258	-0.116437559381157	0.0775823052233425	1
0.0242935651477115	0.106446910712201	0.0526561119057209	0.0362968162411226	0.0180196661355361	-0.00466792134215022	0.0134144164825674	0.0855794903207657	0.0135543653932581	0.0690041503473089	0.0364915488138922	-0.0184564394808874	-0.0804813838219706	-0.00599635126268171	-0.0215997273289366	0.0279250480270745	0.101507839657482	-0.0528719483933869	4
0.0378416864370979	0.0119374977307284	0.0162140557329224	-0.0688239776317515	0.000464377235753952	-0.0182224616581402	-0.0138300216489651	0.0363164550964564	-0.0282494402092978	-0.0614279470967179	0.00543501060380806	-0.052696114094882	0.0196304311937502	-0.0525791520710474	0.0176510728731012	-0.0586048038140563	-0.0140842621105873	-0.0320698046792976	4
0.0596476969159173	-0.145008630845843	0.101378607716237	0.0850713494515156	0.0263477574215666	0.148071907630428	-0.0439536631095817	-0.0334539857445285	0.0121859075485377	-0.0895599539395436	0.121926265876203	-0.0565996387595908	0.0568603049966053	-0.0215112265577967	-0.0785503140652457	-0.0227302189731491	-0.106811389134471	0.0177444202350733	4
0.0406045151639896	0.0150672345522565	-0.0313001781391277	-0.0354216454824689	-0.0271610195402965	0.0175201613450335	-0.0108230808646804	0.0499134386778325	-0.0752539362756158	-0.0124821910414122	0.0862272503973254	-0.0918422388777568	0.0149442167833221	0.0356173142530581	-0.0202698393846397	-0.0429033207680025	0.0290030536123059	0.00054365710980319	3
0.00195588457143587	0.0175979367706244	0.0452421414852514	0.0976341073122033	0.0472538020401649	0.0312671629708947	-0.0732483556439336	0.0027798912867122	0.0179164074413024	-0.0322049358689882	-0.0621283470392934	0.1180785281098	-0.0187699569394997	-0.0345388221567923	-0.0872654873359401	-0.0364813515753057	-0.116838742854197	0.0554810238656715	4
0.12052983527851	-0.219428426553721	0.0859852608998905	0.13726208141026	0.0717708627981561	-0.072173591868504	0.0594311236577524	0.0529039338047301	0.197746665035546	0.0930222924277665	-0.00459223271835577	-0.323319922138046	0.361051288235785	-0.0975014730832611	-0.0579005928511465	0.0761506564623288	0.132948580487315	-0.0962819368655805	5
0.0767915970607792	-0.012079811871223	-0.0227676817103688	0.154644201201578	0.0559429786172192	0.111329404801101	-0.0698024640669957	-0.00357040912325096	-0.146475357399135	0.0134136986323693	0.113402369271192	0.0556709998842209	-0.0165127916227479	-0.0650406277702267	0.0325224959827808	-0.09357571222322	0.0763965397605414	-0.0248429596009317	5
0.0424700188465993	-0.0234951335880465	-0.0211442897727998	-0.00321140848296917	0.0353545787819851	-0.0946486452686242	-0.100403693005852	0.0431486711951911	0.108731655305832	-0.0669243184754944	0.00374610698673985	0.0494003641856132	0.0113662698675544	-0.0907497045872384	0.0432371279137896	0.0615370700025212	-0.0336421587137498	-0.00300589367448843	5
0.00819986129625832	-0.0919922323593428	-0.00697082317340326	0.178626954286048	0.164156574782028	0.0176061666344459	-0.0865643179006418	-0.0755821721221336	-0.0173391437908175	0.0528596740416699	-0.0459075689789266	-0.00566167762159971	0.0268913712412745	-0.14641352247051	0.237683888502183	-0.0954995446760598	-0.0337129852443233	0.0374422142251418	5
0.0144180670528665	0.100263783432687	0.0610081969959779	-0.00883629459964552	0.0724834225807458	0.0329559245513224	-0.0336607871722367	0.0365554784862815	0.0294875909252058	-0.00323202032578117	0.0373552375294773	-0.111245786409358	-0.00900914275288174	-0.112650679821	-0.0716556060305936	-0.074150839514558	-0.00897738609130142	0.0483036273166066	4
0.0382547787227866	0.00429921420327341	-0.0193876151263824	-0.0918701563175272	0.0281266867176693	0.0454963109004769	-0.0232009417458092	-0.0491916363919057	-0.0908015527537654	0.0833510768057878	-0.043646839673908	-0.0394349871877591	0.0268020298806012	-0.0540201705481955	-0.0860795186864246	-0.0482874700939121	0.0214123366647663	-0.0145214827642274	5
0.0186508272837832	-0.111109000523341	0.0660430604949977	-0.129240563863091	0.118321254103057	0.164962910225945	0.101465000212214	0.0122612881383085	0.0240646757583653	0.0744150005723601	-0.146266720921411	-0.133134394199275	-0.0572267716768031	-0.192026978041274	-0.0271840441962244	-0.0660786181276931	0.0283129521573725	0.00487778835867161	3
0.0173765971311368	0.0641950837833856	-0.00784212522478971	-0.0222991939929516	-0.0109071598270561	-7.31106175198079e-05	-0.103574086597646	-0.0247313942801372	0.0254474569500813	0.0641963711641804	-0.0126003543207934	0.00370100664446061	0.0011864474983694	-0.00854085222982962	0.00600373420572365	0.0451693611667367	0.0187114575885749	0.0111333162643682	5
0.0224274127397258	0.115829464679238	-0.0193212269039256	0.0648325982939105	-0.018506997894496	-0.00168917808253499	-0.0421678760949972	0.0827326000986021	0.0170253538851405	0.0112277743146409	0.0730766393841315	0.0155110628451505	-0.0308323424407218	0.0598607791616804	-0.0338207924359492	-0.0230361054524255	-0.00810198577320126	-0.0364020290826837	4
0.0138787922357853	-0.0333678244732852	-0.0676263480365466	-0.00602451152836533	0.00341153773325438	-0.0692169034646949	-0.0987117373976033	0.0241202866309226	0.0579892668194667	0.0485835911350232	-0.0182076991435378	0.051027722042168	-0.0394231219060466	-0.00530774584613946	0.0647492381947537	0.00287677018684357	-0.00049988804998293	-0.0325219977706273	3
0.0703787255601264	-0.0752745228639514	0.0519136495470947	0.142736366995939	0.0158131265422451	0.16978138819951	-0.0397441903730147	-0.0732180104805396	0.0395733500146939	-0.0201510034411726	0.105711912782637	0.04588968955285	0.132727799163732	0.0529747496645077	-0.137157573834831	0.101806913297296	0.128878618538787	0.0310249289892719	4
-0.0106900985827107	0.0692918396404057	0.0311978688655893	-0.00427870436778287	-0.00403534263816214	0.0230482838663124	0.0360238505633701	-0.0260569789701461	0.155199169517397	-0.0156318956304984	0.0149242993203856	0.061611778805299	0.0317960889009312	-0.0050708849193277	-0.0104665705342873	-0.0512287033482523	-0.0166436131235615	-0.0326337164206571	4
0.00508311231556707	0.0845492329127526	0.0170154104868807	-0.0375396971534696	0.0741982501293596	-0.0358076505328749	0.0355961038544303	0.00984911865642624	0.0195596990985771	-0.00860310874107445	-0.000513460147023804	0.0368611661136854	-0.045499104865642	-0.0697386582501725	-0.0559680333067934	-0.0515544201061909	-0.0641520073890866	-0.0718521574249232	5
-0.128734039548691	-0.0922089186269461	-0.0157581257071006	0.0752126935158151	0.0954614317890331	0.103731283721238	-0.0510510422615464	-0.100822776155689	-0.122999706796004	-0.0252688667511696	0.0253593755043589	0.0542885026789691	-0.0317947637690622	-0.0800156377221087	0.00707330863299221	-0.0653318117910169	-0.00750674639309996	-0.0486342996021906	5
0.0331356792749348	0.0874975271342242	0.0288127267836301	-0.00102509812689273	0.0638318287544069	-0.0162863442952827	0.0358853091976187	0.0474937191580825	-0.00161840157609332	0.0915146269448314	-0.0232813978606461	0.00824877685802204	-0.0519848085322148	0.00322582891145856	-0.0579957306345928	-0.0293850958043831	0.0106003653388259	-0.0434833617403928	3
-0.0182947502632335	0.00307465867816097	-0.0165510372800294	-0.0380122890365891	-0.0162466744273939	0.0608849755953796	-0.0025330851790559	0.0194441104650736	0.123521229395749	-0.136523133544199	-0.0535885189165853	0.0237532020830837	0.0962057391713566	0.00677154022166337	-0.00764287150202125	-0.0958421820149316	0.00793036195227616	-0.00531114019064204	5
-0.052226806379933	-0.0205256104427592	0.0584101567908939	0.0965806222344496	0.022760969902228	-0.000588687302166046	-0.0140907027919215	-0.0457253473750834	-0.022613058753121	0.0410924523214682	-0.0831079691061367	-0.13229087492064	-0.0168035619119564	0.155408062616	-0.191429501803132	0.042794030527204	-0.123394230618089	-0.0792771915901121	4
0.0139164566222417	-0.0594641216756135	-0.0348978788602281	-0.0299905203992296	-0.000318767216837807	0.113967481952706	0.0113733599108522	-0.0449677500889035	0.0522853087178813	-0.00955511634532956	-0.0060578521730066	0.0207016993995212	-0.0579686744985848	0.0979088832793831	-0.0131634107230565	-0.0783886619820376	-0.0549467978560693	0.0400372625357925	5
-0.0578361654983099	-0.0835456132946419	-0.0850754739842842	0.137575583030515	0.00283520653632746	-0.00160313490203777	-0.0710847044355522	0.0132709038246675	-0.144226499384671	0.164415975345345	0.175435956520753	0.124214982624044	-0.0221785459277661	0.01489746635315	0.0463564693244569	-0.133530530473328	0.000599626216774535	-0.0850994415432084	4
