"SV1"	"SV2"	"SV3"	"SV4"	"SV5"	"SV6"	"SV7"	"SV8"	"SV9"	"SV10"	"SV11"	"SEX"
0.0666300256855827	-0.0116174118509415	0.0685818006606468	-0.00692123809876182	0.0914256693198278	-0.0687564033462397	0.0282021584793302	-0.238304747283804	0.00236389547391663	-0.0280543960444494	0.0981266592871368	1
0.0257560095082295	-0.0504559504209246	-0.100062326736556	-0.0153072714345138	-0.0449871729865033	-0.0543201122828895	0.017259454633667	-0.0473317887495964	-0.0558808434276568	-0.00361407874263848	0.0223503475146026	1
0.0054105068470425	0.0224753564484589	0.0666850017863975	0.0454650173407952	0.0677537907190605	0.0897611857337742	-0.0299359564733418	-0.180414463133411	-0.0926399188684266	-0.0553977176375617	-0.0812048924142402	1
-0.0330090854738507	-0.000920693307291387	-0.0424673030962005	-0.00139729788843478	0.109987000078613	-0.0913625350642615	-0.0136372886247949	-0.120615495828599	-0.0813694220259014	0.0637707790607096	-0.0191020380799371	1
-0.00264472785985069	-0.0444134701684537	0.0141147767788683	-0.0604338923123703	-0.0113458295340755	0.0136809586410051	0.0408887175174844	-0.00698045139182485	0.0425650170884011	-0.0210697474587512	0.0117947077914743	2
-0.0769199163300786	0.0654814485246931	-0.0208149756077767	-0.124534910898335	0.0178834401070549	0.000662559463082468	-0.0661520189841476	0.0707071258405693	0.00251687553042139	0.044704470867015	-0.0883404178647725	2
0.0499531804078163	-0.036201343105227	0.00860805867637521	0.0204737958855934	0.0971154403986859	-0.0893117867706313	-0.036531622248812	0.0277821509191954	-0.0540200349169901	-0.0586406346359743	-0.0529694750162135	1
-0.0434359058970049	0.130311384702131	-0.205548224157575	-0.0023771319991506	0.0227118548047621	-0.0018849768609851	0.0544649993195451	-0.0831114270288728	-0.165415751222464	0.118086901289433	-0.0149045651767069	2
-0.0915783844819518	0.232758120191307	-0.036849300345151	0.0395256998606537	-0.0877646866559841	-0.239071739123931	-0.112788429836847	0.0722920959555471	0.124800774591041	-0.00104135721770442	0.110129072952414	1
-0.0636383162029216	-0.0101321955702631	0.0352430685209457	-0.134514126072272	0.0595698063679636	0.00223055084159504	-0.0748513288667406	0.00480830643849388	-0.0358910639551078	-0.0735776160157337	-0.130393380252379	1
-0.0862713027184744	0.044440205219483	0.124439161660951	0.148757188204019	-0.0486803373538532	-0.112238373043884	0.0152611690016975	-0.015198235035068	-0.0285404990400504	0.266595870298676	0.0102342627335619	1
-0.0374948481549365	0.00357410376289669	-0.0217403436653365	-0.0537177795307118	0.0590738139745943	-0.0731814994241772	0.00565747015564422	-0.0556699379194167	0.0268075049986843	0.0988062082500005	-0.0390138626200918	2
-0.0192015253487915	-0.0794193782531409	0.0412842299659641	0.0569516295207581	0.100594554816147	-0.116959718909115	-0.0777685389587264	0.000599107874818566	-0.0883903596024695	0.00970029866891065	-0.144396430175964	1
-0.0992530843936691	0.100561312429496	-0.087270157460273	-0.0874061675447511	-0.0166193640387779	0.0500574051653185	0.037247544819478	-0.0523356051806457	-0.0606735879364551	-0.0395374339139524	0.0971361757620888	1
0.0712946136160121	-0.112927709576657	-0.0108662849097837	0.0767554098411563	-0.00541888635425809	-0.0625629365688298	-0.0586283027700022	0.0781622511649071	0.00310936595997059	-0.0114148471740432	0.0729122461249809	1
0.0494394266279058	-0.0227230234205789	0.0197150022994642	-0.0149851761482304	-0.0474506918783414	0.0587629675931786	0.0146557636936221	0.0448735313726032	-0.0146970428398927	-0.0310505270118696	0.0447715066718574	1
0.0249346146931417	-0.032456646895755	0.0402945128668251	-0.000872125766889285	-0.0374184345666033	0.111892280437714	-0.138115223930122	-0.0729394276799698	0.108448269913328	0.00698344617652152	-0.091785832454151	1
0.0433436326862166	-0.0305232694313422	0.0313176485657393	-0.0157306039936769	0.0952780711167561	-0.0638095396765812	-0.0657578551819932	0.0217850508881882	-0.0545796427368673	-0.0360234123949154	-0.00103881860955578	1
-0.118265263753789	-0.0401011411660505	-0.00194537812512999	-0.0446204327779638	0.0810481512702457	0.00271044681828653	0.0479214597614632	-0.0919230600249899	0.037301749563902	-0.0182233948887067	0.0457619492601858	1
0.0882684751868177	-0.0465163030157396	0.0333340839015645	0.00749153663918791	0.0221533113114944	-0.0205863073357588	-0.10150668566964	0.0467569147512961	-0.0248662046828551	-0.115644396277	-0.037322060087016	2
0.0248396199276188	-0.050346264985095	0.0398464650187136	-0.0311021134268417	-0.00127044470405644	-0.235477234513921	0.0793887835008645	-0.26149687167129	-0.042883301982866	-0.0484809640521838	-0.0567045940682467	1
0.00773456969515839	-0.0722382222997982	0.0195232620544947	0.0240750590973097	-0.0158267145961554	-0.0595443860454451	-0.0183435608421535	-0.0156115116531696	-0.078400450609401	-0.030713873164304	0.0378347905730563	1
0.0344523493709224	-0.11454434067011	-0.00104481984197068	0.0925263788650626	-0.0800693602765161	-0.0386477386124263	0.00719107366407491	0.0256148111631322	-0.034437373912876	-0.10819416042651	0.0648405018771015	2
0.08416232274157	-0.0316774457415061	0.0050640648178984	-0.046986909442568	0.0306440979735638	-0.0237814952267112	-0.0748671232309266	0.0685532333903373	-0.0611358062654653	0.0216291802853943	0.0250750651008759	1
-0.206362491372024	-0.0755368959864874	0.0244405648660478	-0.076039646805351	-0.016801948921731	0.0270543355163154	0.0149087335232091	0.077080493892882	0.0782057456055316	-0.0389931586554814	0.0240198234152683	2
0.0408002904849832	-0.0485027531066364	-0.0189348254094887	0.0589650373088609	0.0185503424182809	-0.0501943149642331	-0.0178026425402378	0.0387616184457793	-0.0699243017682062	-0.0759850684484342	-0.00547322004560642	2
0.0472221045422854	0.043468944698738	0.0297728253994361	-0.00349482332714484	0.0459043674518515	0.0999655684647372	0.122821965606733	-0.0510976200226772	-0.0181267868281693	0.031560467762997	0.123974369660866	1
-0.101173930946162	-0.0542157730182936	0.0206353090369771	-0.0207412396991546	0.120679896196327	-0.204148899124556	0.0467217751874718	-0.236255190128596	-0.0458438068370704	0.0348497113408372	-0.0758995769855903	1
0.0588957784989	0.0349655715648161	-0.0800399294640976	-0.0984357257358427	-0.0343688647134739	0.102936733133735	0.0216905373790044	0.070124179635394	0.0866681899747988	0.108539874165602	0.0730379212158083	1
0.0610851483620775	0.0510204689843786	0.0300712974055527	-0.0420160206792387	0.0885487936904985	0.0384746435095256	0.0492054135491428	0.102185959081653	0.00774750594361788	0.040279968482754	0.154710435288077	1
0.000727691605405967	0.0342325175183576	0.014312447661387	-0.121838536236336	-0.000626912714082221	0.0251842771915724	-0.0762320343494647	0.119032427268704	-0.0712479877940161	0.0859727815972829	-0.113748426949045	1
0.0434806188194846	0.00494276086554955	-0.191664695799282	-0.0187048694167991	-0.039910809132506	-0.0108411449610968	-0.0469458786669557	-0.00974680750582727	-0.0146039937067574	0.0156068193994172	-0.0534931030387151	1
-0.050879984415911	-0.0276652963434938	0.00592751936171205	-0.0541245397580719	0.00807589879148518	0.037792377169139	-0.0189811554287832	0.0968451716110703	0.0162715309332315	-0.0280378066613961	-0.172157874000482	1
0.0117400173112298	-0.0493280682720168	0.0248687107344694	-0.0665294131020877	-0.0103407621431028	-0.0540447437903913	0.000265195298244873	0.011981549624984	-0.040227839987545	-0.0131378767864525	-0.033699659678476	1
-0.0373413437592315	-0.0538913905019285	-0.0628668126507022	0.0204817460278699	0.0111862780707517	-0.0290567651650957	0.00573934857160344	0.0574523513501066	-0.0888967141060966	0.00780054717219603	-0.00463517382039309	1
-0.172822471889264	-0.0462517168402913	0.0284485054988698	0.102848802305542	-0.0260056082476007	0.211631878658436	-0.202099953783989	-0.0839970677445408	0.0479829346903092	0.0242389033638431	-0.0426860291576764	1
-0.00945923239732922	0.0404735817473699	0.0736607591264493	-0.0848670417287456	0.0617964434300345	-0.0373931972586436	-0.0362627629350686	-0.0248241896478637	-0.155621112451493	0.0524270196884668	0.00971658301980569	2
-0.0803679704212169	0.11000317730006	-0.0871755463180413	-0.0976403184050174	-0.0274760111932091	-0.0099741568546925	-0.0547823215657042	0.0140371018087734	-0.0884484433480563	0.0653634418242914	-0.019031347034826	1
0.047258266798104	0.0140580792736705	0.0298451362109702	-0.0376615781483841	-0.196115703212029	0.0223228507376404	-0.100168977277101	0.0949065650635718	0.0345253465529718	0.219878226460326	0.0458752055597188	1
0.0313586913573261	0.210027257986748	0.187865655446183	0.128506787242622	-0.111690377803515	-0.155228909011342	-0.160582109678427	-0.0151273911984131	0.0808084506980495	-0.00435052433174867	-0.0952652861738505	1
-0.0140284691604466	-0.0669266843991416	0.0103878404906278	-0.0141823282277357	-0.0557233902944574	-0.009448159980531	0.031437267948251	0.0387781739024125	-0.0264460976596531	-0.0927461356378644	-0.019681690813622	1
-0.145254098979817	-0.0865781931275489	0.0295765076989932	0.0361910094116057	-0.0247196841874496	0.0494194182470175	0.00792862000303554	0.104450128413198	-0.00254200885189	-0.0513084200209976	-0.0391353254224804	1
0.00984342764026778	-0.0454292172509045	0.0199561717169066	-0.108058933350067	-0.156889397326229	-0.0147200308728458	0.115217028048042	-0.0217577597663491	0.0597019808205277	0.0717395940334454	-0.0224483734156165	2
0.0522801543015471	-0.0632099026450785	0.0317324331058228	0.00244543321999917	-0.0281431624304569	-0.00609273591647945	0.0114583766708106	0.00165997507034836	-0.0096572572121722	-0.112869035921223	-0.00602475094499483	1
-0.0174994448420287	0.18078035571942	0.141363951533561	-0.045241749138406	0.0256526323431115	-0.0631669302392228	-0.0435008125015697	0.152962688188076	-0.0136242571961411	0.0324606796550512	0.0422155355615038	2
0.0277570497791068	-5.57488812736485e-06	-0.0579894339370707	-0.0728777454603145	0.0244031459861533	-0.0365252313493141	-0.0752612707613976	0.0973209247035956	-0.0887008239698285	0.0210263461019847	-0.0529539159158885	1
0.0350203289661822	-0.0167341540758133	0.0581849852393033	-0.132090260901742	-0.0263891859721098	0.0127393736039457	-0.0329851073104949	0.0830166660259508	-0.0390441257398252	-0.0988552040229071	-0.11466665164528	1
0.0120662931123341	-0.0710099316168963	0.0439356250061133	-0.0834983662454151	-0.143559982074512	0.0140411165871883	-0.00744243868469241	0.0666086360421555	0.0100104363408285	-0.0342783636387085	-0.0240547279781956	1
-0.0180143204585151	0.0202639948933979	0.0520007729089267	-0.0984594931411273	0.0556643914164568	-0.0149413733068586	-0.00997226986777797	0.110682390843641	-0.0756934857158984	0.0581183251756899	0.0214320296132096	1
0.0475977806707787	-0.0168984706007819	0.00478702319966887	-0.0271548961051816	-0.0263940927477616	0.0470499324502879	0.0311508932049237	0.072022831351916	0.0238483595613559	-0.0204124155047055	-0.0238858287978612	2
0.000753609515626326	0.0330078059335872	0.0948161090950148	0.0160489672191566	-0.129431829111372	0.0876898709246228	-0.0877658095558322	-0.0124970928668198	0.0390300270877003	0.189074089428867	-0.04010226389062	2
0.0437583221204112	-0.0280325994526703	-0.0365167559331773	-0.0479875240825995	-0.0845782233072444	0.0647038361675592	0.0795939229779766	-0.0147951232250938	0.0587549653150571	0.031469430838422	0.147626983935382	1
0.0456089441131082	-0.0136004865020488	-0.0393496461979487	-0.0247653438667326	0.0487202506914451	0.0038311274129298	-0.0473598967731092	-0.0325319870044542	0.0248855548075089	0.031159405609211	0.0675108882089339	2
-0.0391032133023175	0.0445890010081095	0.0715719367202204	-0.132529858364983	0.106845915269358	0.050893953887317	0.0157209589994651	-0.0309593765348576	0.054477301993463	-0.0297360158116918	0.0216220278699919	1
0.0241333064441547	-0.0797207356646417	0.0466163750114141	-0.0293852565207548	-0.230537046110474	0.0422694056674847	0.0268427077539242	0.0204090089643626	0.0277198880383503	0.00372595085194309	0.00409795837516314	2
0.0132106728256542	0.0355504287232958	-0.0091062567331482	0.0401253167006153	0.0617891573810032	0.0436426334876948	0.0475665927054174	-0.105336299705161	-0.0731627194704298	0.0550610620296669	0.151774431646418	1
0.000498504715197137	-0.102730244046586	-0.013927417511269	0.0613772085548047	-0.00641977465440583	-0.108241878629646	0.0276141748673174	-0.0409899958938336	-0.0371118110777043	-0.00160480089580468	0.0589840480549491	1
0.0785413700225503	0.0500397994814794	-0.0356003295162067	-0.0678546154383041	0.0421236327615699	-0.0222922250614506	0.000310508695489906	-0.00881419668592799	-0.0427868336443647	0.0200217538009876	0.0966027202803854	2
-0.120439748999082	0.106771748467059	0.0565747122339031	-0.0764741259037836	0.0979534561716051	-0.0367684100678898	-0.00511339481182925	0.00900163956178072	0.00533776572831882	-0.0125235081957262	0.105160942289066	1
-0.0410631144088476	-0.0276167462779378	-0.017042837334163	-0.0699597846434635	0.0406894949518662	-0.0383847847644026	-0.0382733669832886	-0.000692980048759351	0.0142562535301085	0.078234556841195	-0.0478757170927351	1
0.066842099942895	-0.0442279296219288	0.00722195307401094	-0.0157010578879523	0.0281786303459683	-0.114039113131895	-0.0435766357836195	-0.0881128039231527	0.00624656099467497	0.00166849096311781	0.0723042374416343	1
0.0772180205127772	-0.0496779892782643	-0.084732051218119	0.0634579594872901	-0.00372361123565546	0.00445072125661961	-0.0443839348878047	0.0509967943962258	-0.00755413286867131	-0.027900941600813	0.0523871136828215	1
-0.113853890430622	0.194622552667856	0.0675493123588773	-0.000345777390158538	-0.102182097637914	-0.154615326801048	-0.248139525892007	-0.0545241379907826	0.0120780750571061	-0.0621218625483941	0.230788665733776	2
-0.169125724292697	-0.0370100531921234	0.0225026994273231	-0.0324396894057919	0.108611143792558	-0.0186480503999568	0.0164976914048246	0.049269007238232	-0.0291596931799857	0.0840624355222784	0.0474807109594143	1
-0.142972857982775	-0.0038743004852584	0.0286853517474588	-0.110542753981755	0.0578127799716401	0.0190908734055719	0.000166634985596103	0.0487708743014615	-0.0324531607979924	-0.0751794181333318	-0.00307062754693107	1
-0.0409823145843408	-0.0204499797610319	0.0239274065209403	-0.0725712574912838	0.0364846382898308	-0.0169287394211075	0.00990445174216618	0.0514427278320128	-0.000655649780611096	0.0857756317895976	0.0284285485256613	1
0.0065970447571059	-0.0518527413473054	0.0151008606964822	-0.0514261092873603	-0.0245708800715275	-0.0578852194953326	-0.0146843526196943	-0.10634383305999	-0.0299296660322909	-0.0305402580342185	0.00336980174176527	1
0.0737276705706754	-0.0402244105270971	0.0382274393929836	-0.0944702636405065	-0.038460016972537	-0.000694730197228564	-0.0319405238787686	0.00293263911296829	0.0646433893646127	-0.0778301794306414	-0.0478193632011007	1
0.0306874685843011	0.0115555173829466	0.0130416783811797	-0.0982541568261274	0.0522357098621199	0.0492938555944956	-0.0121332194009827	0.0650547769577011	0.0910347377720052	-0.056335344810583	0.022746826419203	1
0.0139318109717146	-0.100334805039113	0.00730026770903387	0.00714825075905461	-0.0436171006578783	-0.0412080976743339	0.0323155803531141	-0.0622032895962535	0.0516274699309236	-0.0264857667260517	0.0278728573460618	2
-0.0206210581528258	0.06943761468479	0.0226448248019393	0.0400513492099032	0.00470403940739644	0.0510664038065831	0.125105358755592	0.0190117880458514	-0.171691278630898	0.0856513944550366	0.0386457162809269	1
0.0830245311353556	-0.0529213749385467	0.0279189683164735	0.0358308777543613	0.0383468947158195	-0.0211430827899278	-0.035341727540835	0.105859696531859	0.00295137140005731	-0.106325568988689	-0.0145118149991502	1
0.0673293582182518	0.0228980198590912	-0.077700461041216	-0.0771872822863382	-0.0128219591309004	0.0309436024974786	-0.0342498564499462	0.0673516797129882	0.0155762765962485	-0.0170572057700105	-0.0407556193361128	1
0.0833993126644015	-0.00285564579626909	-0.172558176400661	0.0333885633354251	-0.0389837803720837	0.00910482839121031	-0.0652300431568462	0.0152753931959517	-0.0286638536008421	0.0061842248568441	-0.0248985994649659	1
-0.0307109897758441	0.0219985881887599	0.0888426104123347	0.00481295796805615	0.0192803817258994	0.111109500521174	-0.0154601745725302	-0.0717767525268403	-0.090156183132785	-0.0576733339816135	-0.137457462724902	2
0.0150619794129809	-0.0286621861594579	-0.0979052851573966	-0.0777841348410567	-0.0711108803684572	-0.030641383514087	0.0359205920646152	-0.030938264135682	0.0149993810757832	0.0699309862395589	-0.0194874690708792	2
-0.103263374678388	-0.0283491328730846	-0.0192558913060666	-0.0419357796773514	0.00353079513829042	-0.00837347168062651	0.166201008335919	-0.0642663801874977	0.125385379983932	0.0498799212312382	-0.00603131647846863	1
0.00948597133135564	-0.062301159336298	0.0573143757599474	0.0646398107876932	-0.114039230322373	0.0320299952469622	0.0991024849148536	0.0207947436166083	-0.0374304346487639	-0.0408332162376813	0.125134018674706	1
0.0202430624889739	0.0498038292896607	0.0993488624949297	-0.00543025444660895	0.0273879935601068	0.107218907909637	0.0158773261270686	0.0139572147379708	-0.0926020667030644	-0.0263546518606008	0.0771538128591721	2
0.0960565367251603	0.0220747594285418	-0.00437862313062324	-0.0377407926434845	0.0825522178443693	0.022555950741215	-0.0119238880241602	0.118875018714696	-0.0295807707796379	-0.0721808731602139	-0.0330938195106768	1
0.0192018960603975	-0.0407952929984261	-0.0697277622768326	0.0518062838161836	0.00749591779046789	-0.0590775135651241	0.0526603862483796	-0.113810697941555	-0.0250125895608434	0.0243273419797274	0.0864962685991324	2
-0.110179873930128	-0.0471611129884233	0.0352046789480753	0.130519988173434	-0.0218655404720349	0.136130298676576	-0.211597132842177	-0.116578343311403	0.100378142843523	0.0331345275993389	-0.125916643751191	2
0.0574606605253576	0.0331195263995059	0.094177280512932	0.0182111672337095	0.0794592643591002	0.0484481394715331	-0.130368629524632	-0.139281924845959	0.040618123206293	-0.0775997886806996	-0.0596063133864723	1
-0.230237027443477	-0.0206173966644899	-0.0539923425704628	0.0366567272250822	0.0481355552451177	0.0129748648771405	0.0313116985557177	-0.0219537267818751	0.0638210959568237	-0.0520899748429553	0.151318363811224	2
-0.116189370762163	-0.014289551783051	-0.0842064301695944	-0.0706329612103619	-0.0869833120176407	0.0589945275711264	0.00831349046701228	0.0976393439750908	0.0404293400682746	-0.0292085508131812	-0.0628362486551999	1
-0.0855195914613917	0.185555029661835	0.0574584131621351	0.0855659503089239	-0.00605073984568653	0.0992337621731398	0.147125722847013	0.0587404686149439	-0.128347729727196	-0.175091301984218	-0.0228974917322684	2
0.0114871192085318	0.0313487753396706	0.146273363787006	-0.0265815655482987	0.0437095978036187	0.0440303215780916	0.0322687538444532	0.0241821456896332	-0.0315642118290026	0.0419710191314057	-0.0105368948727183	1
-0.00507517507330604	-0.00798768718643628	-0.0311353102713934	0.0516061464738114	0.0368643680237823	-0.0648305918788927	0.00949216123390434	0.0347745070248507	-0.126688981370308	0.0712282031688305	-0.0815466168192568	1
0.0634797337583737	0.0509045183220355	-0.217947039709327	-0.121434973779795	-0.088441441612258	-0.0264072357196131	0.0151835253759029	-0.0857279782317305	0.0487379571165545	0.0244306285263957	-0.0329075661763579	1
0.0356287333894738	-0.000399119715875254	0.000210440297462652	0.0745940063894266	-0.00328978193352507	0.0632531690725282	0.0436034159472931	0.0186911966892824	-0.0711985519910973	-0.0140073028372388	0.0235039222505733	1
-0.0432888477479711	-0.0734549682833217	0.062490045764313	-0.0554330484582086	-0.00677383474515038	-0.0491905315977466	0.0203752999876569	0.0141328688613024	-0.0138906371263029	0.0568574650046817	0.0160990296211443	1
0.0415992475677642	-0.0150030304396635	0.015744153491213	-0.041527636049727	-0.004804632051259	0.025757757404163	-0.0294762029381769	0.146818159132695	0.0133475896731352	-0.0323469229401833	-0.0769471061056915	2
0.0638014923512806	-0.0256185372842767	-0.021774154782695	-0.0358493317173532	0.0373648036858871	0.0332278696946986	0.0144098387884051	0.0434908147794525	0.0518113962937645	-0.0166320470538781	0.0712175061691326	1
0.0707911238559106	-0.0406881662689461	-0.0552548486965048	-0.0320638321482155	-0.0545752563063086	-0.0133687778131223	-0.0430214782286027	0.0316083487676473	0.0493995754863631	-4.84739874876969e-05	0.0286989805994315	1
-0.0126629008158513	-0.0404908363244363	0.0881684724318433	0.0306930320755026	-0.0228541931593867	-0.0253649123756426	0.097977713445912	-0.090110838949528	0.0290390312132871	0.0622041947873525	0.047307695993293	1
-0.0967624152331998	-0.0819535521476955	0.0475466396328982	-0.00999032448014036	0.00686719548144442	-0.076140414722902	0.00967520157953348	-0.0442848564992328	0.0158539879392248	-0.000377129634485733	-0.0600284697988943	1
0.0259025241943188	-0.0883406422750385	-0.0624099441084411	0.110106182315167	-0.0530600137348708	-0.065168252234096	0.117339043992463	-0.0677728476588644	0.127418703041127	0.0149066320495196	0.0323033427074483	1
-0.017819436394099	-0.12863786070664	0.0207968965757352	0.0768797540217748	-0.0789250625004439	-0.0219621712508381	0.077514599553267	-0.0226521902813705	0.115088447215447	-0.0542943167267018	-0.0205259564551711	1
0.034494591675687	-0.0379057728785189	-0.0450988735990909	0.00173521240477855	0.00122514796634388	-0.055109962084636	0.0257747646278783	-0.0181249363371574	-0.0378624815768303	0.0099216862933708	0.00365477232880003	2
-0.0153937765674123	0.0581833493007029	0.169804747820867	0.0879341983588419	-0.113917433913026	-0.109334276033315	-0.0435793261329536	0.003046058523291	0.114242642871235	0.232108599463207	-0.116595079058581	1
-0.0895117285904931	-0.0490880757958148	0.0115699623407866	-0.0297316446205421	-0.045256643877865	0.0329609176329808	0.0413624416997608	0.0950543411299234	-0.000650128666224248	-0.0520295723933356	-0.0986156008477252	1
-0.159957201782358	0.00192854882572767	0.0565260225658234	-0.141792818954366	0.0627393796850417	-0.0693050746568378	0.0589886180076213	-0.0523995419667352	0.139428880358405	-0.106792274732668	0.112483358286234	1
-0.0505669619337437	-0.0285984350225949	-0.0274696940143332	-0.0648068749584139	-0.00295269202705176	0.00266680602247053	-0.0212765329881545	0.0180836332531042	0.0213950843474561	-0.0372289837095787	-0.106211941242697	1
0.0452139454394891	-0.0478811468957858	-0.0294257863310625	-0.0216970035192734	-0.062079805140008	-0.0509844350558307	0.000446441370959896	-0.0260434725351411	0.0679766495013848	0.00315165384349573	-0.0080350265869493	1
0.0180250643546637	0.0802261435996418	0.0813340434479597	-0.035687066093209	0.00305663514445659	0.0766038320408444	0.116861418204071	-0.0399142066034027	0.00976449938173702	0.0174565455801608	0.0950370336286705	2
0.00510009692581478	0.392194774278273	-0.0395222279616171	0.0950277887747069	-0.0913103063186375	-0.308411732177768	-0.132359146818708	0.0550274118059277	0.193727251064296	-0.276838611790154	0.10149938908135	1
0.00899318605543465	-0.0423553211214044	-0.04174178476631	-0.0311898243193027	-0.0805314697109155	0.0232194655965352	-0.0189375606908042	0.0283829827116346	0.0205690159072446	0.0783203272892578	-0.00212670882906712	1
-0.0502222851753032	0.0423567339197093	0.0456890331723885	-0.111115049260587	0.0333074561633126	0.0788712280737349	0.0406503213581087	0.0835558688802695	-0.0593094847121445	-0.016809357147844	0.110171289935594	1
0.0411196520351858	-0.0541064260571084	-0.0408738570344271	0.0745831341894831	-0.0542837161962498	-0.0200914873374263	0.00674017707671903	0.0377543620701043	-0.0180895816439512	0.065644223467339	0.088495166899497	1
0.0671088568202539	-0.0262758074224094	-0.0581527287621044	-0.0670604188956463	-0.178262733704027	-0.0136385199242146	0.0254988110482643	-0.0343681535765004	0.0750982800421572	0.0388959796289232	0.0659843368403816	1
0.0580381807985102	0.0607047496664573	0.0133565612400066	-0.0376995712621039	-0.0169037235053758	0.0611343754406053	0.0975065891852493	-0.0681090295059599	0.0126775032773091	-0.0115123487390881	0.106048798864362	2
0.04351396463584	-0.0714110887537311	0.00990678598566467	-0.00642645754367455	0.0151061178929528	-0.0710531299178705	0.0224608970841722	-0.038106561356212	0.035642931882046	-0.0153382896805136	0.0075235234716819	1
0.0432690909541396	-0.069333312285927	0.0660159984936082	0.00328549180977001	-0.00929789265333442	-0.0321723175229957	-0.0264224526221334	-0.00329478003678298	0.032917416492589	-0.0326891333715698	0.0371963088182851	1
-0.0534647927391986	-0.0789590900974276	0.0403093290941717	-0.00301147183237215	0.0141704435987408	-0.0550805151900048	0.0211916425717956	-0.0110868462476271	-0.0434047540031279	-0.0250149166122041	-0.0213222621500349	1
-0.00140977640227766	-0.125642970188236	-0.0439095429818696	0.114062532976692	-0.0883260681226845	-0.0322238226393509	0.0127453382651249	-0.00128770795778511	-0.0496589348037305	-0.0419098611841331	0.0567166985833212	2
0.029706302081449	-0.0432027428514509	0.0132193474782665	-0.190735440475028	-0.194847232981149	-0.00813955370789767	0.0537177151762622	-0.0559065285827625	0.0732508346482459	-0.0520931688946286	-0.0236071970208695	1
0.0588697005430908	-0.00649524841651311	0.068999403005886	-0.034888534398438	-0.0151045136222764	0.0123599621337254	0.0545643270611707	-0.0209862550807186	0.0685611970827265	0.0500239298001807	0.0819847744229785	1
0.0164376442748912	0.0239589088338862	0.00622199464921906	-0.0538267195543449	-0.0215678359975467	0.0438732041172051	-0.0103299162336681	-0.120677574820906	-0.0107132880915583	0.0761256453475641	0.0597437138280637	2
0.0482464904047879	-0.0644566930737877	0.032275258281367	-0.0905208331637824	-0.125031887067308	-0.00824523658833196	-0.00661309669263289	0.0524398391421607	0.0228882852664168	-0.0580674551886332	-0.0167239122212481	1
0.0451997477328582	0.245469194545133	0.134981523654107	0.0073637243213346	-0.19311158663688	-0.0296251438627536	0.261279756711667	-0.0685261296187145	-0.0980583856295473	-0.186134478338672	-0.263740645982188	2
-0.223517373806709	-0.0650613428399999	0.00267339888195418	0.0918306639961882	-0.0554980470944707	0.102051149612539	-0.0217725234119791	0.142742147356103	0.0368098313571157	0.0282941450555712	-0.00293021770802203	1
-0.0564383707904486	-0.0120972823884109	-0.0177915028165708	-0.0903877260197111	0.00436888498289518	0.0330508684542329	-0.0197569163086229	0.069905760053236	0.0107036975500691	0.0716896070731382	-0.0111718675382238	1
0.0869434573542533	0.0412209112482393	0.00314054766572715	0.0402706767936793	-0.0461190341592815	-0.0609006602988113	-0.0356731143927016	0.064295968264976	0.0313108011929039	0.261594978015138	-0.0475516879458	1
-3.88765337728651e-05	-0.0143057324735401	0.0435410273906801	-0.120173475075831	0.0308344430265191	0.00375276153763437	0.04982453279622	0.0978738953753121	-0.00467715009119207	-0.0404931180718036	0.0586578485397805	1
0.0475343118181052	-0.0169585624741777	0.0367900585992918	-0.0555331458965378	0.0302149981611024	-0.023162483074379	0.0183321600861449	-0.0151533864883822	-0.053035589840695	0.0586319105634398	0.138680813440497	1
0.0188299117217887	-0.0312533650255297	0.0442184729529611	-0.0750574077028999	0.0570518295272933	-0.0396270157346189	0.0185208108930685	-0.00104318442562106	0.0279401356421756	-0.00578371232603868	-0.013119026073777	1
0.0426282264361119	-0.0328712071036	0.0138601937743536	0.0180633189057418	0.0224513214232219	0.0564882927422684	0.0720498653866947	-0.0433502435327541	0.0702008224624074	-0.0471552251860509	0.0813822635285551	1
-0.126359572715679	0.12248772541019	-0.132496305879913	0.0292179153733109	-0.0233931711444404	0.0834504212039031	-0.0166343245430411	-0.0362083716296989	0.145942535386448	-0.0848266138275922	0.119273151368129	1
0.00982530679254674	-0.0759870378141958	0.00722188485999453	0.0785630104996122	-0.0362693128185178	-0.0182950449820266	0.0196282109436545	0.0459770865519172	-0.0568904259943945	-0.0625183277106674	0.0209213283837956	1
0.00627476601318875	0.0112445631839221	-0.04980246106973	-0.0086484504731185	-0.0444523999297064	0.105418297034326	0.0498627357364831	-0.00748585887775338	-0.0391560489320739	-0.0187115558854349	0.0878103038129462	2
0.0675711122219841	-0.0675859257112455	0.0233846959934841	0.134808099736468	-0.042207686223927	0.155110389610343	-0.19942679693907	-0.135384081813923	0.0246973455070385	-0.0625407901968882	0.100345260470148	1
-0.068844214315529	0.0462569383139224	0.0962383484432067	0.0471596327429993	0.0123513442665437	0.0189613104753998	-0.0230512534443422	-0.0928009556885079	-0.193342019044706	-0.0762862023266583	-0.0417694505089263	1
0.0492672679038764	0.0547753492863825	0.0748499434771819	0.069160853379243	0.14242201255031	0.100115166007595	0.0638346249997383	-0.0289613049154032	0.0816188393879712	-0.0418335558979378	0.084129828393144	2
0.0805581453872231	0.0939370399952397	0.0754848092852871	-0.00365529863385329	0.0234764537333333	0.238884661843321	-0.118269205577105	-0.0916200456984265	0.0270610783410351	-0.103162642556595	0.0656200492716778	1
-0.182605972590895	0.043218577821768	-0.0168609198780215	0.33693537711768	-0.0561656701006976	0.0346132884990692	0.163245814993996	0.160085680295457	-0.0539771244427352	-0.0665836942466959	-0.0580112884609562	2
-0.0384469452399867	-0.0240729871935014	0.015094496532923	0.0398465389013249	0.108984267933149	0.0796355941142992	-0.0180778880466375	-0.0146579434515561	0.058305881836408	0.058535903853295	-0.0223785919368005	1
-0.138934038197845	-0.043770914735041	0.0661338078746577	0.101030108847753	0.0638248231601647	0.0607167498831493	-0.146777155757894	-0.128995802665423	0.163352702359173	0.0445439796050107	-0.0655718846481873	2
0.0575430487532755	-0.0100548876723971	0.0522835547507481	0.0784282789077319	0.050414676644783	0.0306840064534319	-0.0857591254090021	0.0586215843664218	0.015935082706208	0.148509586932365	0.103772235622952	1
-0.00293745365110316	0.039430088843631	-0.0291642314194567	0.0563318889707826	0.164341012177252	-0.0489595819104087	0.190647222458817	0.0168086505072859	0.157851374495368	0.0863849416920533	-0.0928266985848568	1
0.0672491885169608	-0.0903819254967091	-0.00707134997049417	0.0751641626921219	-0.0750257582399875	-0.0526146288145569	0.0410079008756405	-0.0176008359137449	0.0333989156717183	-0.106779763582507	0.00334034832242297	1
0.0787624865518784	-0.0322347843633559	-0.00149435469843386	0.0420292691899464	0.0741100903125175	-0.00649365488230129	-0.119933585795398	0.0879920059233919	-0.0600446743602512	-0.0687804456023055	0.00717603600945186	2
0.117281400357231	0.0799793202024312	-0.116066506315154	0.0925067534852393	0.322398048904286	-0.0160361491258737	0.0254580289803117	0.096187850128954	0.258575172600527	0.0651576330799486	-0.0644024501020147	2
0.0501934470993332	0.0343645507533973	0.00387328299693719	0.0613615032260483	0.227570244171078	0.0182422660132123	0.151895306316907	0.0660835145982999	0.161333606695141	0.00198352384030518	-0.0503802761896591	1
0.0951725971292925	0.0615875808454282	-0.0696486023525433	0.110320909584376	0.135256531643519	0.080299059951917	0.00967588586307811	0.0068718922783427	-0.0392288205556834	-0.0431268197722853	-0.0286915981303778	2
0.030002374993896	0.0912518335734039	0.0175765243656359	0.111975163828164	0.150801999545571	0.0495771293148073	0.145255958841953	0.0687873691264863	0.152535522890003	0.0969264635431802	-0.0931717430646088	2
0.0859242942609753	-0.00796421347926256	-0.0781863442928057	0.0357609910576368	0.0571217963302161	-0.0425469339087071	-0.0282765177821006	0.0866595013443966	0.0492187109544733	-0.00265647204445623	-0.0289723816379838	1
0.0687906727821652	0.00399037478019092	0.0554406193125617	0.0526220181237135	-0.00163395987788805	0.000759854203885895	-0.00225680020828586	0.0687517496280956	-0.153842437248028	0.0231991179971024	0.0569526798056289	1
0.102243403659828	-0.0425428693255979	-0.0329636105621637	0.0910423912760434	0.00992071424615684	-0.0141450551443296	0.0218059510460775	0.0855906596568756	0.0741227622220426	-0.0600240806637623	-0.0222511950174287	1
-0.0147516391714297	-0.0253251164169616	0.0777260679046108	0.0212460737185433	0.0561791924378491	-0.0432715790292402	0.00117294939484162	0.0420695077851134	0.0104007064700612	0.122610678463094	-0.0351742079918803	2
0.0420581121775243	0.0431463274303815	-0.146097608308887	0.0116765307382809	-0.134593633943445	0.135959361668229	0.14815345224755	-0.200937908390165	0.206420403011858	0.0292842576741131	-0.156817906865961	1
-0.034860091645636	0.00475125574345966	0.0687316234585748	0.057576827462649	-0.0249498401216231	-0.0777791580822072	0.0018259668941726	0.00379795025423111	-0.205312323979397	0.211263103448927	0.0493998723240252	1
0.0726244661991699	-0.0875282003567385	-0.032778306806225	0.174851116188022	-0.00993652870626422	-0.0255452463756501	-0.002092548065947	0.07580324698544	0.0113295993832938	-0.0879781755560742	0.0265630983066337	1
0.120326702335724	-0.00351048443209621	-0.111085299480595	0.0708048345394577	0.0505310133460613	-0.0342969598315522	-0.034471780879597	0.0745104939663295	0.0416162240754584	0.0013104889210646	-0.0315699408705655	1
0.113777243925788	0.0864633628745633	-0.0536570827464599	0.0556984754912465	0.00976980827201927	0.10429310929458	-0.103517331508127	-0.116136660565209	0.0179594754319791	0.140530493038583	-0.07396790620061	2
0.0595664688019926	-0.0641987997300912	-0.0315531103384599	0.0658356576974896	0.0159039866904808	-0.0303298604922485	-0.0639095596115898	0.0631683265638794	-0.0398536018154712	-0.0445690806323773	0.0380056422128318	1
-0.077573508619363	0.0152239149394033	0.0565867187277641	0.0178307039864091	-0.0776684132129276	0.121846163123098	-0.0408856819027494	0.00853951297588987	0.0530687155929278	0.0452592373849143	-0.0845491813671828	1
0.0791808143149486	0.173106406412081	0.173787363970401	0.115326638635099	-0.109771047329233	0.00507948338599178	0.229680360732733	0.0107901555373067	-0.016937118166609	0.0301643490101145	-0.155767311170996	2
0.0852258258336032	0.0239289724785896	0.0231767688547315	0.0237331175133742	0.0482419265913651	0.136007540980566	-0.108399071984161	-0.085273498712515	-0.00440477141714816	-0.0779836420358892	-0.0598202567785286	1
-0.275886550613345	-0.0330982562999171	-0.305648757155823	0.235667846851797	-0.0571432712430216	0.0224808981916614	0.0245559280961517	0.0763540861200098	-0.0705899095148945	-0.011893946114722	0.0706832281470835	1
0.140918836604782	0.0752305788676022	0.0323218291220838	0.138534091330343	-0.107759798632395	0.132271007978539	0.0265095611239149	0.0052080048509213	-0.17283634428672	0.0785176221323525	0.0651739568446585	1
0.0529415783993041	0.0618832699628577	0.00767917179071744	-0.0431523171358677	0.0273717714288594	0.0415023529498651	0.0569605629937976	0.0764306286346613	-0.0406937350009157	0.0129186828140415	0.0956443974877958	1
-0.0120419874215322	0.207874542942377	-0.203989995049748	-0.0255275377579359	-0.000566380177394514	0.127242243218977	-0.0149887424880626	-0.127457078188541	-0.163004083272419	-0.0300586721583775	-0.0265928054429259	1
0.033668463016913	-0.0623031976020869	-0.017103514677804	0.0474870130957383	0.0110732596131664	-0.0352844710789447	0.00863322148666979	0.0137110568219696	-0.0085625035649529	-0.0742286813701781	-0.0249307839534612	1
0.095286963975172	0.00881943330830687	-0.0950098972387135	0.0149920078736544	0.0301547278277839	-0.022574436565172	-0.0671276103824023	0.0159914295926617	-0.00856305783615876	0.0416395388664316	-0.0644604113096185	2
0.0374056826785952	-0.0586366552913983	0.0150578475195234	0.00083710515163118	0.0625684917845542	-0.0613845892100706	-0.0153869706055637	-0.0135103664018996	-0.0334969765605739	-0.0489070086460996	-0.0872611052037539	1
0.0125655156764027	-0.0783870366559368	-0.000518980320698335	0.0274089802937701	0.0235648800475894	-0.0482591670909898	-0.00412221152457118	-0.0534439225313057	-0.078373452150214	-0.0759046729447501	-0.0851023302594287	1
0.027326208059947	0.0455117968541829	-0.0498712493826131	-0.0822489111816991	0.0812975631128109	0.0223972267968865	0.0783980965631385	0.00828573541303802	0.0134839754338919	-0.00625009695984419	0.0127841779667043	1
0.0392592073105172	0.0580773044965128	-0.140380050513846	-0.0836178318183557	0.0127984830634204	-0.00593125795548596	-0.00888584642755853	0.0265821252967295	-0.0356373313563166	0.00572304320371095	-0.150161386241157	1
-0.0313738923064912	0.130185206670131	-0.323521696063946	-0.0623257629182392	-0.0309672685089795	-0.0125302853377122	-0.0675086596104539	-0.0744934410457904	-0.0969366485072847	-0.0128645561188394	-0.131473973111599	2
0.0313946181052687	-0.0107410047892273	0.0705399615053669	-0.0019773584137202	0.0387856855824066	0.148533894171609	-0.106071309685091	-0.0775767697921036	-0.020159273356506	-0.0753851835110524	0.0676086433751317	1
-0.0383840770175283	-0.0450665141460531	-0.0131019825749636	0.0287794795895145	0.0393524380762855	-0.0940590567697249	0.0527265738545423	0.0145482112370468	-0.00439938195119033	-0.0277763132049942	-0.0410399109334787	1
-0.168985385568041	-0.00650334700040894	0.0387121311206976	-0.0763153933784576	0.0233755545669087	0.0224813141891625	-0.0559752716453048	0.0385134770795453	0.0592485269143797	-0.0507001895624079	-0.0208597600039382	2
-0.0343217589042951	-0.0498827232741907	0.0276230715081761	-0.0399348973131696	0.0222085168094523	0.0147928689483296	0.0523876068886424	0.0106538193289571	0.0202231976660588	-0.0559931997632048	-0.0665552701239797	2
0.0205497051685371	-0.0379056848106537	-0.06410085861811	-0.00778329459103341	0.00164790295647822	-0.0688748532789127	-0.0193977454676877	-0.0614435257822351	-0.0160091552734951	0.0312985324876477	-0.0125234000429772	2
-0.121208187271298	-0.084864489195587	-0.043098546278588	0.0177035919188057	0.0718239156070359	-0.02373993425082	-0.0346460996125088	-0.0684009727356518	-0.0916155375334437	0.0195265953977226	0.000726351383046385	1
