"SV1"	"SV2"	"SV3"	"SV4"	"SV5"	"SV6"	"SV7"	"SV8"	"SV9"	"SV10"	"SV11"	"SV12"	"SV13"	"SV14"	"SV15"	"SV16"	"SV17"	"SV18"	"SV19"	"SV20"	"SV21"	"SV22"	"SV23"	"AGE_GROUP"
0.0182251501619048	-0.0345691714081194	0.137237493918386	-0.0425077779814982	0.0323629799009149	-0.131237366320037	0.0408927027777645	-0.118475564548808	-0.108614293678204	0.102626867724928	-0.066877787796544	0.0252905175550175	-0.0413779040515417	0.019277890862072	-0.0448835541293667	0.108484007839169	-0.0413746358264776	0.0519250911152306	-0.0356568882546194	0.0403859086374652	-0.132636662953452	0.0949359981728886	0.0198761429145062	5
-0.0170009876888311	-0.0379701362464195	-0.0184953491498185	-0.0464872064883059	-0.0379941418355959	-0.164736381425118	-0.0144959794809062	-0.071749969495285	-0.0279104906270435	-0.0284476290320603	-0.0390778519608368	0.117722969886788	-0.040938778990041	-0.0459075334719108	0.07356467259817	-0.0709726254980953	0.033924761315792	0.00897523423835596	-0.103038101515686	-0.0193320308464493	0.0139014360829459	-0.0385298877842514	-0.0498915731003376	1
0.136528804459223	0.0160268064363708	0.0666808312306987	-0.0890328717832182	0.0477595465290405	-0.131735162881462	0.00577225709589787	-0.00639359827098762	-0.0620311684960518	0.125887989330896	-0.133697948116305	-0.0498892343177298	-0.0273678811532461	0.130254023100182	-0.0478805679403752	-0.00505354098102492	-0.0310870075131527	-0.0162530902865164	0.0758939775266464	0.0625626276521708	0.0705458868474696	0.00816085544827586	0.117760389287744	5
-0.0277329599193616	-0.0444182147871093	0.0327973177671296	0.0677264266337163	0.0124385784446888	-0.0221265344312287	-0.00962232623995158	0.0899961143274629	-8.70205835331039e-05	-0.0673886432229003	0.0394689200780269	-0.1163986977545	-0.00710500357281947	-0.0150560465409781	0.0579442663588906	-0.008006820376079	0.112995128829004	0.0394710927377454	-0.00398847612461068	-0.050689765249325	-0.0233118548408096	0.0492949626183827	-0.086964484659029	2
-0.0798182011257582	-0.165982227948193	-0.147097857656533	0.0349621977578769	-0.140918681963091	-0.254206960618829	-0.130741183376244	0.0692980592677348	-0.169012362938618	0.0916114675186393	-0.0414434733562768	0.201856315520126	-0.0954625332369856	-0.125792411891003	0.129557363186937	0.0436522790145286	0.123577447918664	-0.0235769820393308	-0.0558356224871587	0.0392318641173751	0.0549146563719541	-0.126746687341953	0.0973168551104412	4
0.0371179119324739	-0.0106131230506434	-0.158576129366965	0.089375430922777	0.0056794569158847	0.0193222036548821	0.0160162038502361	-0.18500346782462	0.00271424399148734	-0.00950390440585508	0.0786812151649265	0.101792887654119	-0.00746639488494116	0.133983825154043	0.140789871917272	-0.0816499817321583	0.0822210257438759	0.20106996517235	-0.0801028268100846	-0.0332532667146843	-0.137909539726587	-0.0117723376779522	-0.117425099409639	2
-0.0585925482590568	0.0789356107938796	-0.0608956495386289	0.108789823339804	-0.13410942526688	-0.11414062463133	0.0065698018929892	0.0332834296665752	-0.0840386618016352	-0.0239051946719468	0.175163438208434	0.0900391749725031	0.0326288418114531	-0.0145583983783792	0.0732468234324251	-0.139079500455446	0.0982356922107848	0.114181463635716	0.141601325383906	-0.109567232456932	-0.106832776322417	0.0301081864784319	-0.12898242713429	1
-0.03710286274085	0.0179853234511154	-0.0139583452003406	0.138170802442809	0.0659924057256154	-0.0348286920712188	0.0044747128837621	-0.12338645747681	0.0654029268151766	0.0628329111435839	-0.0802194392475238	0.123900216675676	0.0846862880916467	0.0116719202029684	0.121721879657377	-0.082290986629092	-0.0269914395082398	0.0396063051432932	0.093273975915349	0.028924387698223	0.114951153012491	0.103643317074498	-0.00831079679306368	3
0.124980566332196	0.0693433580408817	0.0563610685722838	0.14258866370711	-0.143500084856596	-0.02429008198683	0.121843183644113	-0.117704656852056	0.0582508550935746	0.078076248870739	0.010663971315815	0.0292158807242401	0.0806514395477718	0.059475572026289	0.0757726212999344	-0.0241508028383091	0.0477009516785835	-0.0198738530347617	0.0313634929751614	-0.0400643243852464	0.167999319819246	-0.0761358845770333	0.0540258217960618	5
-0.0440664917617635	0.0681352688108088	0.0338837245805576	0.178694126425406	-0.0463107802141897	-0.0016670456782098	0.159167723405367	-0.138530942342246	-0.0130284336939993	-0.0611033239299687	-0.017414578441558	0.157239147978376	0.0574935345483254	-0.0319975684668021	0.0679917361154827	-0.0439080656893829	0.137503314686094	0.0199630618344036	0.00804142167207931	-0.0512318777557938	0.0182875975779394	0.0165173613980304	0.0747199613428684	5
0.157209534853012	0.0134391778066348	-0.0496786813523122	0.113075311803049	0.0154556774625878	0.0226681356178957	-0.0119273792900729	0.0258385687984982	0.00396856287944417	0.059824721224732	0.0476505190547059	-0.0800633275737226	0.0207645918255126	0.0303717210222663	-0.0514156573073672	0.0427677869681144	0.063619657679044	0.0567156387352094	-0.0215385569977784	0.0914089996140447	0.05056203587155	0.0455550023540818	-0.0522358273309891	5
0.167112200339998	0.021120040775192	-0.0893095160693422	0.106943824845761	0.0445637660343277	-0.00248322157438732	0.0263518077765057	0.147253379080002	-0.0418869569125298	0.0891188314413018	0.0424818400926441	-0.0763852752625661	0.101709163159837	-0.0499131313564655	-0.0879375111295114	0.127925818051604	0.189040950027725	0.11453523848578	-0.0820551318906211	0.117170370727036	0.0153515749597027	0.0110404131154943	-0.0542815599455699	5
0.147408494029392	0.16370331629754	-0.0430628488758236	0.0800512621611559	-0.141059666229505	0.0466458639677427	0.0926751197259832	-0.0736037129451229	-0.00963865773128778	0.0950933171193629	-0.0025672344144306	0.0823392243578845	-0.0321740996725518	0.0735835027432798	-0.0123772352257505	-0.166243814106141	0.0259191053219775	-0.143355701391227	-0.0715023325202468	-0.0383043097990185	-0.128680472695524	-0.0440721794237225	0.0198358759094112	5
0.118847771554287	0.0469340067533141	-0.00537256953294591	0.10473361276221	-0.120878900778722	0.0476101439206636	0.0791768414030311	-0.174698711328937	-0.0521384495792569	0.075415075646725	0.0242759030941296	-0.0131838807977249	0.0976121946546771	0.0844245617089459	0.0471309117093799	-0.0651432748019002	-0.105514834180871	0.043139815720153	0.139885353408747	0.0605591760394976	0.0981835816029911	-0.0303403559366536	0.0272821017617406	1
0.0122230118768163	0.00603499072869999	0.0260589314811869	0.163429607914043	0.0486158471611814	-0.0661590884921907	0.123148101144321	-0.0447343848583098	0.0287451423005863	0.0480435284720086	-0.0312833567059057	0.054751336918958	-0.0224464293035885	0.0826992450872304	0.0109909718011491	0.0658223439011115	-0.045127937370244	0.104534970229199	-0.0546886577465121	0.0896678017790197	-0.0224698346108557	-0.00646254007152564	0.136939266279294	3
0.100177709687504	-0.0626750371617935	-0.108859707278039	0.0497710352803522	0.113299259301767	-0.0618670669866321	-0.0226799399625187	-0.0279377818837948	-0.0678613971897802	-0.0821214846332207	0.0482664443956075	0.0568265725950851	0.103877569742641	-0.0037160100301471	-0.0550752444854255	-0.0444533148005259	-0.0141534796213776	-0.039005854640374	0.0129688627157991	-0.0524393639615116	0.0136811568766977	0.0391083087219374	0.0586265674416457	4
0.0491210785822404	-0.0182707709687864	-0.182010947386308	0.0184539381731507	0.0381280754829661	-0.0547416394828622	0.0925505187620314	-0.0137823276360914	-0.0355400625161081	-0.0046145917669006	-0.0656355654243183	-0.111821246433742	-0.140394363299036	-0.0194774331930004	-0.0295411824779597	-0.121510339710278	0.0478317468055666	0.0127417038910804	0.0312701826977383	0.084072864658082	0.0386210296811937	-0.0419600174262801	-0.0216739635754255	3
0.0686087575413018	0.131315869801794	-0.130306958692807	-0.0582238148823583	-0.0374979362640327	0.00990205075710297	-0.00542146540110072	0.158995635486205	0.0630136235398314	0.0876178147074435	0.00342466427102907	-0.104512675836621	0.0905760828148691	0.0453765128648301	-0.0316420737908946	0.0952305937711307	0.0924619372013193	0.0929353963465481	-0.122095559286964	0.181740655577173	-0.0309333067768496	-0.0663779691814923	0.0294711997153781	4
-0.0364468370135903	-0.0394018452663503	-0.0492544176126228	-0.046460323973283	-0.0943177180541313	-0.196687519487897	-0.156870376322243	-0.0524659305420617	-0.219052446398675	-0.00529624733453204	-0.00218285889274289	-0.0734314418491698	0.0719395089246164	-0.0711375814589913	-0.139801480406271	0.0676304177538588	0.00447821264687465	-0.0270283907974361	0.152903914766305	-0.0570057485705522	-0.0185614566267832	0.00457538095545736	-0.0844496009770016	5
0.0394238347993469	-0.0308828505938553	-0.00798658064680166	0.00260874380970142	0.089115102670311	-0.0825346232639117	0.00709886281754903	0.0522759881489264	-0.0132131857756697	-0.0430225756908041	0.0465653930540301	-0.0969050847606423	0.0354715236337568	-0.00993306592735554	0.0647638595602346	-0.00554476059985583	0.0379770997374777	-0.00917180974383072	0.00963579332310616	0.0203788738022707	-0.0394109048658558	-0.0120308416196589	-0.0140604151753163	2
0.140232238472355	-0.0515112851917902	0.00572775813345699	-0.0102531515897858	0.0967899933373722	0.0655188898047278	-0.0145485025689409	-0.0680335485902039	-0.0434643688367247	-0.0275500887659006	0.0306664112935617	-0.0562725596105568	0.0719186509485697	0.0869413100054472	0.0568377311139546	0.0371336712723269	-0.0607618481273991	-0.0585639762954436	0.0547509358962553	-0.0801531414898175	-0.00486235119341465	-0.0532613756789679	-0.133110550681424	5
0.15223797257284	-0.0695527418068464	-0.0838544893531273	0.0612481107760266	0.0246806770028041	0.00594223980637833	-0.189388454269769	0.00720624977137751	-0.0131360467334033	-0.159854588529567	-0.0280549135764193	0.00172491009234085	0.1705673024569	-0.0574352731203447	0.0280507174247432	0.0723305455934274	0.00987720575825968	0.00883388541443592	0.0664898022764763	-0.0819012869563846	-0.0113757063817176	0.050559562178476	0.0561053231309193	5
-0.0705227147153625	0.0731006868561655	-0.126152015850157	0.0950080633631562	0.0766542180359426	0.0660717134742454	-0.0951308679195552	-0.0120658247110833	-0.139597180050674	0.0382778075826295	-0.0251862109572491	-0.0422612662354661	-0.0187957354318684	0.049025775194783	0.0801375068801864	-0.0498155771148324	-0.0886058475213945	-0.10350477214484	0.131263972728285	0.0311519204222797	-0.0552585944312652	-0.0713381033836886	-0.0679922229470869	5
-0.055456642207221	0.0219446053157631	-0.203525091453587	0.042538435561544	0.0382308612697436	0.0195370893454356	-0.110194782852844	-0.0922593583639709	0.0311507183068565	-0.00339616750659856	-0.269802341988981	0.0309744399789399	0.0475300913972073	0.170189369409747	0.109237646254891	-0.0547459272698997	-0.14737555082995	-0.142066734342593	0.0352363234714398	-0.00419478299700868	0.109677305357052	0.0226446829392186	-0.033873287901902	6
0.143506302765454	-0.0405322844598491	0.0268558721715994	0.0385499350355221	0.0788126746452579	-0.0226327595749303	-0.0471224263442214	-0.0443921815800486	-0.0454195424826524	-0.0174112305641089	-0.0440147950986523	0.0625883072844635	0.00079913732720327	-0.00222555746542982	-0.0600431842224945	-0.0103184784287066	-0.0476449281719768	-0.126251965650798	-0.0142574344295991	0.0134480689769192	-0.0547432586662541	-0.0103882092651575	-0.0942110070936108	4
0.122502129399047	0.0292594552092911	0.015793883497928	-0.0339225291361155	0.00726597370419608	-0.106631097482901	-0.0327646069525736	0.0793174768076706	-0.115027138564988	-0.00999953019218849	-0.102244591215538	-0.026399834983652	0.0771656075768839	0.144145703858844	-0.0566215573771655	-0.129424277172262	-0.0868437273332339	-0.104605459602119	0.0237970380705986	-0.0168170008019971	-0.104654257174635	0.0333759600727156	-0.0207881303424276	5
0.106307689062817	-0.0104135980979181	-0.0378880023626981	0.0112137333780016	0.0476082629858651	-0.00453878625093276	0.0322640806588159	0.0222530290749654	0.0121550992414777	-0.0846529224934352	-0.0373363794095	-0.136862809787878	0.0156082388367062	0.0190919056081866	0.0832044628840123	-0.00184752813285718	-0.098593359663638	-0.0266223449396907	0.0098647637805046	-0.0354722063186345	-0.132198155213594	-0.0638551927912829	-0.0549411923528365	4
0.129691251254923	-0.0833083074132126	-0.009120724473062	0.0689099553371694	0.0535655527089118	0.0701211556441164	-0.119109593482458	0.00558101370812825	-0.00718122654005672	-0.0214610704612269	0.0348483396968315	0.00697986344123505	0.0547564514123406	0.0240207033054706	0.00655498571036672	-0.0400225209736516	-0.00539520131724924	-0.0107200408100777	0.00673093327116581	-0.0508860566395898	-0.0613911561271674	-0.0355011818386688	-0.0147996149017879	5
0.0229888027795427	-0.00359366737896658	0.02809308255161	-0.0107883998131015	0.024227532185741	0.0790894695448938	-0.0140189778326346	-0.118678279023337	-0.0262691152172235	-0.0455062492577076	-0.0362218502201226	-0.0422375991309775	0.174775365143441	0.00708614727313128	0.126433322310629	-0.023086107847506	-0.120783834921483	0.0662854202748164	-0.0165148064311266	-0.160105940408136	-0.13728982774038	0.00152056659947385	-0.00422786546452833	3
0.0219841187906479	-0.0483685713215376	0.0180949982931248	-0.0238218407120893	-0.0786480328614107	-0.119406228576747	0.0118680470513487	0.024657512232269	-0.0422046006908332	0.0303644984391043	-0.0663816480846784	-0.198802704568537	0.0934541736846114	-0.108588886968225	0.236518779723617	0.011612715642417	-0.0417925468723908	-0.0885230572033332	-0.0261051904652944	-0.0494319700289547	-0.0541342203513531	-0.0341516397551417	0.0132638388773906	3
0.131926890644692	-0.0504855499881798	0.0796284278667895	0.021345041934583	-0.0101126360930035	-0.0871319501782386	-0.133930822138386	0.051154591346326	0.00789966888384765	0.0936543978461013	-0.102551718158081	-0.0514314761349967	-0.0603063572111692	-0.0697608085092635	0.121311632111204	0.0533096301966477	-0.0431316218300892	-0.0901999140565154	-0.0890328105529856	0.0447236430263907	0.0541741645948868	-0.027850252661988	0.0116658022812806	3
0.1082916994521	-0.0703906966293076	0.0851903406648404	0.0395095233287768	0.082418532453218	-0.034519504562447	-0.152561066679713	-0.0204366407578154	0.0536034480906239	0.0225575545981594	-0.0898079187607867	-0.0111031972429227	-0.0671067607233213	0.0393389571696905	0.109822554465186	0.109226539449549	-0.0388998540734323	-0.070853905011692	-0.0553048665746745	0.0105036821447108	-0.0285241726427334	-0.0189139320633873	-0.0808944185223629	3
0.0577845938063062	-0.123286356692385	0.0407653890716279	0.0439204457727465	-0.038798693377113	0.0712553628996484	-0.113612109422093	-0.144488716024585	0.0638636255123379	0.0141633791886351	-0.083517194078987	-0.114696489314494	-0.0164844300105517	-0.0535425741383852	-0.0604500493099606	-0.0600691648127444	-0.016591492200917	0.0344157460489836	-0.0377341754166048	-0.129029479831304	-0.0239181667017384	-0.0558662017913678	-0.034823576938654	4
-0.0144300879353448	-0.00711301358067732	-0.0124543159748299	-0.0104306129781899	0.0831715272315513	0.0294282430097876	-0.0632215622135225	0.00303163400358249	0.0262905967673958	0.0115822544033221	-0.0465849702419085	-0.109408895028539	0.018485848283372	-0.0490070090521644	0.13200831355095	-0.0621458470847898	0.0474735973852283	-0.100962911056206	0.0743105855540458	-0.0279613276533983	0.0114211181511686	0.0364415798293716	0.0385989170850335	3
-0.0493230459586426	0.0312763343907128	0.0119105058455332	-0.00346367184001857	0.0521563235436202	-0.0421540266289216	-0.156882677324546	0.0707578133764773	-0.0044391016563918	0.0295605461393939	-0.104212886705053	-0.0115490825531575	-0.0540355802929664	0.0761319355627422	0.11296867179769	-0.0140531354060675	0.0353112674052467	-0.0521602068963368	-0.0382318880228173	-0.0794668722492044	-0.0259003290047845	-0.0294229374035727	-0.0720179228094339	4
0.100282270326299	0.0147563234585973	0.0447952103980596	0.193754825500789	0.130865878662726	0.0931547141849495	0.142021194230118	0.0917338475271191	-0.238424919101884	-0.0244818058959915	0.0252806089257607	-0.127154303719805	0.0261143755491991	-0.087803663799009	0.0768949172746585	0.124562574452616	-0.0115464397637357	0.134131359886618	-0.0373494357356823	-0.210705671175544	0.32444164945643	-0.0999545709256649	-0.110064906122696	4
0.116990150908556	0.0991336174549513	-0.0585411929819935	0.0119294989438799	0.0207243985567274	0.0407703693790025	-0.0777028868453482	0.0820306344444919	-0.0293366493757578	0.0702570394509553	0.0742012565630895	0.00822919359454317	0.0739101129261712	-0.0949777845428511	-0.128574705290221	-0.0930746363818989	0.0702931644271909	-0.0590877420646144	0.0208890963533461	-0.118377885481766	-0.0843518458607279	0.0633837304200435	-0.122462367452549	5
0.0242755298685356	-0.139372686491082	0.0062577294048111	0.052132594093985	0.0817587705237506	0.00442599013790164	0.0428566932599747	-0.0781900432572082	-0.00666133760808117	0.101868775998183	0.0407635520231781	-0.0639266309871504	-0.0275018368630705	0.0342740691500158	0.0338079241173056	-0.10179869666709	0.133872540812154	-0.0989185562134842	-0.0477900134534817	-0.123341676658571	-0.0746286544486136	-0.0657978285145905	0.0635635684644884	5
0.0439713834145668	0.0645753796536269	0.17188164027393	0.175910395381154	0.113464070131208	0.0728435122654383	-0.0757946507573328	0.129070757296976	-0.0783304223905407	0.0814656527348542	-0.125144845598427	-0.00474967776300283	0.0782184659864882	-0.0255539659036775	0.0266047341034791	-0.0697700753289231	0.032826853057175	0.0702493181238757	0.0867577065085873	-0.0882470633134453	0.035230146806039	0.0654794776368491	0.131081009873429	4
0.0896375881069993	-0.0330505069693174	0.0856408908800939	0.0844207742778258	0.0617454950768397	-0.0844917579417754	-0.0942309262847157	-0.0816913913779348	0.0258643836780176	0.107670974693617	-0.0203647268441207	0.00199228034420807	-0.131599846325034	-0.0522928366016108	0.0538053957521847	0.12599173060162	0.012505037991842	-0.137046323463589	-0.0463384389144359	0.0252365197614943	0.0161833777716881	0.0154895695436266	-0.0674493083202349	4
-0.223349687680409	-0.0537029923434636	-0.0771386991804778	0.107480513465783	-0.0993084500972269	0.0285262641791984	0.0412899942922089	0.154599992448427	0.00186043499209149	0.27381431565205	0.0257924198227009	-0.0647707564575746	0.17088350923059	0.109111310396422	-0.104432949180166	0.256956581116825	-0.473664050878124	0.0463060303383263	-0.0331840410109792	0.136408504210486	-0.100631794223825	-0.00946122878261558	0.180297844090667	4
-0.202832470760591	0.0432544119914485	-0.0900828810452277	0.124650557295874	0.0877104559078118	0.0361630091054944	0.0891144060286243	-0.00451434713984048	-0.0579784319597817	0.00475525102137241	0.0958639184016942	0.0455323835859683	0.18060810149928	0.0357935506387723	-0.0114824813624128	-0.00883285232807483	-0.036784232424227	-0.0992340660064684	-0.18408328948924	0.0432543444539695	0.034150246221903	-0.156089632395141	-0.0232784294088191	1
0.0044970362970055	-0.0501435435251472	-0.0663535335684457	-0.139055683289051	0.103689942271445	-0.0531275565694642	0.0209630765335981	-0.0503916774634328	0.10725227063306	0.111010554380573	0.11433626144126	0.0798870737471823	0.0543073781362534	0.027254530414897	-0.00633743062800647	-0.0423917110563122	-0.0943032376281118	0.0117921086474972	-0.0998984622254988	-0.0439279587824068	0.120799483534655	0.00699686033994434	0.00660066589950357	5
-0.199478579963135	-0.0648016306576391	0.0192440954053873	0.11269076734616	-0.0478006501142644	-0.110130844659467	0.0639571721939407	0.0294316605012293	0.0102558072595121	-0.0301627585111687	-0.0437933440610025	0.0147176598211762	0.0329730990904929	0.0234867627342002	-0.0935924623910046	0.108829006638449	0.016340246428497	-0.177236378006406	-0.0984494858694195	-0.0532709489965178	0.119793996150555	-0.0350266978762186	-0.0959124634144049	4
0.0091581092992807	-0.0846322405768905	-0.179357759587958	-0.0651802297392666	-0.0369727345947764	0.0767157076341989	0.212717135924078	0.0272813929381142	-0.0587701235760896	0.0677585586276865	0.0708072061689353	0.0813813366421927	-0.0951023291514273	-0.0452158136485446	0.0382263325295017	0.00217895965792301	-0.118489549544691	-0.138098408253296	0.0524171010887786	-0.087955836190153	0.0240928717358751	0.180513028010784	-0.0238007389999497	3
0.0189830202170427	-0.0065620928278494	-0.083587731653958	-0.135316327410227	-0.132791140402439	0.181805527920823	0.13477570835729	0.0972629168170205	0.0566577287168766	-0.0713717261065026	-0.133496678664082	-0.185768917572723	0.0269102416592774	0.171790045688259	-0.0358166573675249	0.0311711757692178	0.170953479938724	0.0779352808646184	0.00216617976535327	0.216626539778406	0.0769202241734834	0.0249672715167058	-0.0786330978604019	5
-0.0524618147470234	-0.0683445692662748	-0.0560715037208434	-0.0771529456860578	0.0283808092633326	0.0661354350398006	0.101370457858992	-0.102275282512323	0.0808856881036193	0.133334642023274	-0.0887544124658569	-0.0300505140974704	0.0552129517118752	-0.0060388324648999	0.0130951591646687	-0.047726069803815	-0.0576624091230649	0.108018907844434	0.0508732338201525	-0.0255315116512022	0.0838281655347551	0.075880234589694	-0.0946687298318022	6
-0.110498445140124	-0.122225646564801	-0.0817362434126483	0.0666722544619958	-0.00515447552680634	-0.195715839590928	0.0165809440670793	0.18849665747317	-0.049895662303561	-0.124987614552519	0.168416735987413	0.0590070644812685	0.10816693784965	-0.102467545844023	-0.120097279558287	-0.0517197799359214	0.0383235484835903	-0.012881253822712	-0.00192558531210687	-0.00272879654401209	0.0340691225069528	-0.0513848333193463	-0.0484684975519924	1
-0.00604021857991169	0.0884276797252658	0.00822779195384511	-0.110389539945163	0.0323570462217432	-0.0745977757409983	0.0328183522206746	-0.0281357286032031	0.0869966041295077	-0.034138683159329	-0.0194844300608718	0.0755526868195532	0.0372435290364916	0.068414529634983	-0.0463297761622051	0.0395631272072676	-0.139175989133321	-0.0926235762166951	0.0314231785978625	-0.0298835108790416	0.0966862542397699	0.122524781079674	-0.119842826746223	1
-0.0154292425674128	-0.212025124640334	0.0198909438188979	0.0597705101513963	-0.0737977338175206	0.108126779101661	-0.110740835767413	-0.0437814335549665	0.176005108338711	0.0986116374784376	0.0145508859402204	0.0522993804359982	0.125286192747813	0.054450557931153	-0.0731094823030016	-0.0238748018690113	0.145763777533043	-0.0414836548712131	-0.0277065254925079	-0.0514432100951365	0.14000149125342	0.0763800046746064	0.0828969558673111	4
0.00146501855777156	-0.0909015182085348	0.184129097711844	0.0130152664368429	0.0538188425996789	-0.0833064521352365	0.100389734737842	-0.0952412805986387	0.0220959145226552	-0.150747620453778	0.0529206735841672	0.0752481785814083	0.00909858671498238	0.106183506694555	-0.101379876666217	0.160034864632899	-0.0130299736915279	-0.135827500665496	-0.0423348274214113	-0.0287743867794264	-0.0440889453141412	-0.0899306268855191	-0.101158041079086	3
0.013170916084933	0.00341586811323648	0.0942918694985185	-0.0335195081874919	0.0162077058163073	0.0327182318253101	0.0614395051395304	0.0808101795514452	-0.011551606567831	0.0383289081669882	0.113671579495108	-0.0271464295563909	0.109891577455313	-0.0246192671438181	0.0521072675283487	-0.0616958424400001	-0.00137512112089911	-0.00307844941363923	-0.0610595787408792	0.0975206137757485	-0.0216518155829477	0.116865265854331	0.0441285453085425	2
-0.0646046344063455	-0.094403141384644	-0.0433338471612242	-0.000397242020289919	-0.0516428525300597	-0.0500034774834224	0.00241311332579848	-0.0530176126348295	0.160745653897634	0.12415884199887	0.0879508357853825	-0.0308889646590162	-0.00625026832715851	0.0903979485554568	-0.0964009780885825	-0.0529465806312767	0.0298269249470494	-0.0296249532764361	0.00064982802350659	-0.0636425659848406	0.0927977051841978	0.0950480088867661	-0.0945186133151311	4
0.0778659684065904	-0.0860609536795316	0.0656283814430167	0.0320462080883998	-0.0293376552400536	-0.0572228716410017	0.00394672155275407	-0.00153295623612982	0.0948285245763449	-0.00799175699264041	-0.0194102670535125	0.0747162586751612	0.0921005384145599	-0.0225774116670447	0.0568585046192781	0.083143450280844	0.00342936904190081	-0.0666647111457869	-0.022259624510045	0.0429268331530887	0.0750183003423337	-0.0269307512419257	0.0365449615971372	3
0.0051279993303887	-0.00216066407693874	-0.0211135886141549	-0.0259540106481439	-0.00414427753034312	0.0104214627703645	0.0168698938441089	0.0554839485656954	0.130825565275656	-0.117192892556718	0.0911532648085718	-0.0480832134065428	-0.0804802582044764	-0.0290074033716423	-0.0068995877236313	-0.0112122702476722	-0.00459903954382817	-0.0230109181964304	0.0130824517712256	-0.0268269445478504	0.0677245689142056	0.0585331204147127	-0.0631916876132522	5
-0.0234972815744432	-0.0707970174794633	-0.0868265725830809	-0.122375832665828	-0.154514228752077	0.276511489559545	0.0509257336048753	0.0342448409194907	-0.118725856230552	-0.0157432268014587	0.0993537940792324	0.185692311934688	-0.163600261126476	-0.111074183827801	0.0773709350664862	0.0427362767250269	-0.090793467328759	-0.0574305857637031	-0.0504471239208666	-0.101072423484163	-0.0804004400448752	0.0610567627858977	-0.104578586286158	4
-0.0336538523402468	-0.0914867017679241	0.0962428819724769	-0.0171299770410056	-0.00386077113975396	0.030633348549174	-0.0852887457169743	0.00461856295485732	0.113153667490635	0.0475742591886963	0.17520498986794	0.041516897125726	0.00115843278801667	0.109921429006277	0.0154246328549568	0.0228645726834639	0.0183842964293975	-0.00963026480918242	-0.0318659372386983	0.00673393461745791	0.079193462937513	0.0689645999703014	-0.0324476272645661	2
-0.0441157172225893	0.0159341657419065	0.131448106692056	0.00652909167093851	-0.0424028201885972	0.195689424763691	-0.0397693440080308	0.126933414182838	-0.00261254400528486	-0.0649453052994698	0.132171198277269	-0.120030161041873	-0.129974814411453	0.0887017314278004	0.00374817345677613	-0.0535357949244907	-0.11449509145	-0.107358577226978	-0.0879283245480538	-0.223091881975385	0.046666514187491	0.0922542274231176	0.0566961924702667	3
-0.080759290643861	0.0129067987119484	-0.0207956367466194	0.0532878348276469	0.0753524227468519	-0.129677334436324	0.104329021753381	0.0930018381245132	0.0635853551990085	-0.040048915337636	0.0728461051069896	0.120104582119484	0.0139931197888525	0.266747226915971	-0.00699019156032636	-0.00255925393221121	0.0410097920260707	0.0254284287120938	-0.0796383794902079	0.0199456276788438	-0.0831890613623119	0.0854608730236836	-0.141996605877019	2
0.0602931562749742	0.0474948065406146	0.0070553146770879	-0.124311339302951	0.055283654606952	-0.0458955634605659	0.0308613098959892	0.0935970164487984	0.0588159966570938	0.0215704225102199	0.201668760340498	-0.00852974520854443	-0.012409712999581	0.135102365410762	-0.108500089956638	-0.0627414541562073	0.028543353539458	-0.133398442191932	0.103354438742489	-0.0222028914424736	0.0129978947391589	0.189381261871148	0.0961764935437281	4
0.0617291781335308	-0.108481953400924	-0.144270443378576	-0.119065932699616	0.0377134702679662	-0.0049814128554397	0.114618792601539	0.0111647080249972	-0.0801626575025476	-0.0299298122750151	0.043168308431642	0.072940627071036	-0.0172348353190223	-0.0132065930037021	0.104076015957076	0.184310559220321	0.0875587872920064	-0.0876989652869717	0.165862139700224	0.0674290445111018	0.0545360802676625	0.117223105196377	0.164859721889826	3
-0.093632504740361	0.0260699990215676	0.0121132771626803	-0.0406566794651767	0.0328812507367619	0.0202470388086294	0.021121268728809	0.011496626303337	0.0403821793058663	-0.00617325078261172	0.0209244295294901	-0.106973540943242	-0.0127952920302091	0.0975128301284538	0.0479802019366842	-0.0267232735699303	-0.0298760163299912	-0.0623337713049151	0.0221331619917821	-0.0244327574671862	-0.039160482907977	0.0732522242185642	-0.0206566620606464	4
-0.137778400234251	-0.0430696341564845	0.0879300370878919	0.0362068065223043	0.00683280539210999	0.0288827074821954	0.0478300100253348	0.00359011060580617	0.0512249387189492	-0.0556039792227196	0.0439176230870031	-0.0865850487539212	-0.0294154220690573	0.00893061138604249	0.0591098892217576	0.0995968257283132	-0.0470566343993931	-0.0143508613989032	0.0115989549833771	-0.0720023546215488	-0.00432542249887604	0.0218109825482945	-0.164822343449829	5
-0.099118246925191	-0.0421172778011456	-0.0236571441236147	-0.0455657941250378	-0.0748553158833139	-0.00978957834657244	-0.0973555318975882	-0.0239731816732373	-0.0591287116349092	-0.0218318349263901	0.0460347271192002	0.0105008984196111	0.0388322696659849	0.0594319371381794	0.00604511613351624	-0.0241913832398037	0.0469082702848998	0.0960960057010726	0.0138611913877279	0.053554528236724	-0.00864087144039654	0.0387517075740125	-0.0307648634102119	5
-0.0624648890053955	0.0723171761662734	0.0383660141745969	0.0279723014342754	0.0862858007706212	0.0616077854499248	-0.0590177574485989	-0.0124934693971739	-0.175571977692832	-0.00582848277836873	0.164924282545631	0.00673326314193163	-0.0286909536487325	0.0626880388157042	0.000555797590670939	0.0366272719256306	-0.0808058179870875	-0.0449714345029552	0.0703446000645993	0.11931496799654	0.109147821751658	0.0415904063479875	-0.105956764616145	4
0.0781812775550661	-0.0744881856575109	0.0940631352942254	0.11471518634295	0.00448503995841722	0.0261002272507344	0.0458354620330258	-0.0779504523812757	-0.0218386142859642	-0.108544380338471	0.174069170405662	-0.0164002679435201	-0.158984671890473	-0.0700643389220877	-0.221404470839193	-0.0798428224383281	-0.035233603655474	-0.0594069591759283	-0.12108127250958	0.0748352059451192	0.0525810732039339	-0.0723310194025144	0.0658196230379909	2
0.0703636501692012	-0.101998300793073	0.107720559289391	0.0988752479785459	0.00897727804148026	0.0214859225147927	-0.138047661315348	0.0272275800497973	0.00393334204818375	-0.00757386446932831	0.0871822030391228	0.232845735011686	0.0151059199109243	0.0452056945035136	-0.0844720761037503	0.0953364203265199	0.0429478645364231	0.00537731537256567	0.0112726465501628	0.148600226624769	0.0714062970690681	0.0654657167173045	-0.0231566648173837	4
-0.107743486839407	-0.0639801228475916	0.154448550851599	0.187746554241126	-0.11351160077741	0.0517249299902384	0.0434519504812082	0.097995440098477	-0.0644989104994391	-0.0690981986331967	-0.10969475017604	-0.0298921867486875	-0.0664873775453363	0.116448303258462	0.0392149696117551	-0.0261803295261143	0.00859081179967944	0.0570261510280388	-0.0754959844230712	-0.132800214107651	-0.029779822888021	0.105801587765961	0.0377433921329602	3
-0.0810613864527827	-0.136992683853986	0.000970455820911521	-0.0102809750364092	-0.0549390321483755	0.105214425858008	0.165047368685687	0.0159933302070153	-0.0179644811946076	0.00664663411160132	-0.070432007076436	-0.104241411929517	-0.10780426499065	0.0107944588426139	0.21110407456098	-0.0311478119978914	0.00777083496753088	0.134224084182987	-0.0300435091798442	0.01893284718553	0.0591372961119364	0.00218438851179742	0.0274467993540907	4
-0.0475330449569618	-0.024893873854217	0.126756699408094	-0.0143030567883017	-0.0672091525155948	0.000394056375182868	0.0150750368419594	0.0265672846461158	0.0386030546011379	-0.084189974985002	-0.048710941996569	0.0100560713058128	-0.0191314947507125	0.0188419777242729	-0.00808435344444267	0.000711264064581996	0.0606220407508733	-0.0682979036074485	-0.0285810474191647	0.037592852495521	-0.0439467201098593	0.0219509477878782	-0.0506368841420617	3
0.0957214911357802	-0.0374948716521433	0.129368598250406	0.0188793338278392	-0.0597022124678682	-0.00909651200602727	-0.065288155413305	-0.0520191271792708	0.0156319654338596	0.0126740246498773	0.061330413641659	-0.113018088407568	-0.0684562643408766	-0.149569401620552	-0.173417156860968	-0.0249347155275526	-0.0873882874904113	-0.0421906389843767	-0.0393837126659968	0.114601654255036	0.111788298611253	0.0455989181001211	-0.0191446283205639	1
-0.0380177721516022	0.0288624853954074	0.118963789863131	-0.152301956793714	0.0795603236915557	0.0297316400537842	0.0432057538171265	-0.0305321148763996	-0.0657168579254508	0.0283328220364137	0.0279115420604196	-0.0133969813548493	0.127518430809307	-0.052144986475667	-0.00597410288119804	-0.154622113493274	-0.0273374382044274	0.0652334515295382	0.059730010850677	0.00252167893081847	0.054426291100783	-0.117208963206138	-0.0491706150615726	1
-0.0401847331864653	0.0600253138315598	0.00500968034689758	-0.0823759915697958	-0.0467431290981073	0.0678537126938967	-0.104393637094632	-0.155892701151528	-0.118514663572392	-0.0902093617305339	0.0241290962539393	-0.0456619085839563	-0.0753595226653073	0.0538569792317633	-0.011757484066558	-0.0237734930526399	0.03429654636472	-0.0269558733945984	-0.0464245157052965	0.127285721525546	0.0488214767789059	0.0899976646124544	0.0280688093261447	2
-0.0620152793098189	0.043061759729059	0.0139317654147731	-0.0277349147396457	-0.0673768214985089	0.0715275285441685	-0.126829048804919	-0.110687567303825	-0.0353867871976233	-0.108778275951901	0.0103451389218983	-0.0814105658591633	-0.087026531893768	-0.0103701245653832	0.0423330503164831	0.000645984412145964	0.0206131631052896	-0.040402626756682	-0.0158816270449883	0.127877025564843	0.0995368873881991	0.084252948836376	-0.00774317667593095	3
0.0550711586522749	0.0428147929106052	0.137528351315157	-0.144892098958511	-0.014505830328763	0.0966999793265369	-0.00768182762460531	0.109649398226053	-0.189059167268282	0.0499805575505333	0.14842018849651	0.0570329938347598	0.102393180830083	0.115577199479361	0.0769178267181422	-0.052914686185119	0.0895482792303422	-0.0478041875182697	0.0426558373485758	0.0619046015956326	0.0939907722547265	0.0291385194096164	0.144189051078155	3
-0.105629861765309	-0.0546143307869525	0.00367404436213405	0.0164666584312867	0.0646992305949986	-0.0248431950907152	0.0686307273622445	0.0434123561323214	-0.0366025280196289	-0.0105945998341023	0.0399880520718454	-0.0925661315724056	-0.0290822271252202	0.0621295392625264	0.149303479636126	-0.00749927243167645	0.0755702193220225	-0.0169495357097728	0.0366529197963044	0.0293018564385795	-0.021834325544068	0.0914132554047935	0.061910503553817	4
-0.151014924668385	0.0560533145870285	-0.0861040839631666	0.00913274768182243	0.112327054233574	-0.0737525690007836	0.0499703108349421	0.0330457346397285	-0.0774009004917717	-0.0307656603828147	0.0358554459401434	-0.0467894841593982	0.0807221167578313	0.0232339233896411	0.00590787659843644	-0.0618197022303356	-0.034140400798059	-0.114682130805714	0.0856509185389662	0.0654707996733915	0.0384442401537234	-0.240141018756089	-0.00176884150783199	4
0.00498352847716803	-0.0869621276217913	-0.0684705088267695	0.0608607811787203	0.117049106713946	0.0697401526616398	-0.112719324324887	-0.116004301828319	0.0343734625251134	-0.0314045774174294	-0.000589788573113478	0.0343344024506086	-0.128316686764089	0.0328413245504971	0.0319456091886975	0.0273180665660689	0.0388222179623202	0.138434875015968	0.0120902433108376	0.152106102878301	0.0547797215010062	-0.0198006601014305	-0.0832718532047639	4
-0.0336428134013177	-0.0398914743229033	-0.00532841797383291	-0.0999618840698882	0.0758872480199623	-0.0103563448889732	-0.0244650980031282	-0.109178531438464	-0.058130568979227	-0.0431287811742342	0.0296690216355755	-0.0257506252059963	-0.0760534199772262	0.0837393190756695	-0.00302903340968194	0.0236219478032075	0.042648620104892	0.0538916647033245	0.0746801120886435	0.0731934000369436	-0.000811675515406424	-0.106965847801787	-0.133459097894493	1
-0.0656297127790119	-0.0263256162151422	0.154931161936001	0.0417683654686439	-0.0938747172235676	0.0394998059322387	0.0662153536902824	0.0264997395029809	0.128139236321966	-0.098324570590957	-0.135101537771407	-0.0360480791550673	-0.0296330276364456	-0.000462293981925384	-0.0510445578024732	0.17267944528147	0.00162000092508324	-0.0633043911726495	0.143722061580927	0.0700199570399029	0.00166492670963229	-0.0403464081150187	-0.0675989816638743	1
-0.00112700575650259	-0.0773240373273241	-0.0808983584718382	0.0361551578341619	0.0122469665096736	0.181079134569609	0.00873462891905264	-0.0306368879884726	0.0609584137564528	0.038189558796123	0.0254483780303195	0.128893168824682	-0.0607250591991864	-0.111904132882597	0.0050140249975533	-0.0141457004227613	0.0262266239540877	-0.0713040981629977	0.167781309126104	0.0534288598231966	-0.178935769433747	-0.0344894434324759	-0.0263193417442924	4
-0.030397159396795	-0.151612500319831	0.0961740327640057	0.0287445235524418	-0.0684360722864277	-0.0407610371178224	0.0780001346426064	0.0379413853159553	-0.0130610484967034	-0.0148849697110529	-0.0703635396244607	0.0528573657032226	-0.193776341560614	0.0139216240545779	-0.0627553105437354	-0.0856233622430506	-0.0125443784350186	0.0145208953009757	0.0369909541250972	0.0572937925225869	-0.049159051245526	-0.176636798995338	-0.0355805803481496	4
-0.0975855057491976	-0.0316492408081587	0.0650595092281696	-0.00571334275670077	-0.0688488212540201	0.11990646253952	-0.0983432084243243	0.048777591872476	0.137221348803256	-0.0230601499290738	0.0462620092533742	0.0830687180211715	0.0974073550277264	-0.131990959142783	0.0118455584062652	0.0724911198426559	0.129723888835483	-0.005186526308295	0.230129605422223	0.0583402428655756	0.0048493682398436	-0.0575161802116249	0.0447928353741288	4
0.0530320328551022	-0.0109217485211041	0.112964604729902	-0.131461881236649	0.0569131978329396	0.0391027949123361	0.0889264150573704	0.0321404850544156	0.0400219020087021	0.0221378765266752	-0.0170800289812848	0.116055850520563	-0.0503096869375401	0.146195446013552	-0.0441374469713983	-0.0129589336978307	0.0220030841737488	0.0226968532121603	0.049599571067221	-0.02076908914413	-0.0349627465120664	-0.239389797737225	0.112755794246749	3
0.104346201101663	-0.0229887234032099	-0.0997339420510093	-0.0280061740664657	0.031791999656929	0.043530533785106	0.0716496538836921	0.0744466603374653	-0.0513891188988938	-0.0367304218781979	-0.0372982389204839	-0.0869697908411159	-0.029267571260819	-0.0362027028499424	-0.0302808772248422	-0.124726695776306	0.025300833783174	-0.106585423919642	0.0182722035908322	0.149792529474067	-0.173033728463825	-0.0356023067308891	0.0368305623193305	3
-0.0931188283676498	-0.0102545169327263	0.0476793854170477	-0.0640476502478297	0.0261737352072953	-0.01846905666582	-0.0315462245171406	0.0687826174281571	0.125351623217756	-0.0762634180394242	-0.128241176559165	0.0139299147561856	0.0305549304621161	0.0682120885215547	-0.0293843693920097	-0.0638193248149327	-0.00938095991546404	-0.074524238792986	0.0681319717486306	0.11268648953408	-0.0318944898468202	-0.0347859557896003	-0.0763803187585638	4
0.0649021938109474	-0.144764274069657	-0.0209720424706642	-0.0684893730724856	0.00734092437555742	0.00427987752943009	0.110622139716916	0.0112502292727783	-0.0131987775841835	-0.0819377044197467	0.0182919367749068	-0.00622586808450828	0.0469434104794801	-0.0893905295007934	0.0471411225691288	-0.0139419691559391	-0.0451232830183619	-0.0677066258155312	0.168122113831224	-0.0139505855192711	-0.00317871549194816	0.052802212758611	0.0835654140387498	3
0.0177694937385444	-0.0303890309975836	-0.178075381988552	0.0358577114504341	-0.0469021929598409	0.216071208759609	0.0732916007515495	0.0930651186672481	-0.0544441966872769	0.2209401441008	-0.229377512677042	0.113765267177531	-0.0739860072972704	-0.0495728873008399	-0.151237618890404	-0.072741529762948	0.0936480285794839	-0.161880580764989	-0.178163446364352	-0.0154555456804973	0.0945641308130037	0.087804767522049	-0.225878258300128	5
0.0490516759254973	0.067213197848722	-0.0530752407251328	0.00421711982174388	0.0641668575096971	0.0416055885404417	-0.0214381792232874	0.115140177624582	0.0260426598060548	-0.0852517903974336	-0.163992240406192	0.0592339183463607	0.122366412649547	-0.0222516762714097	-0.0418776793875551	0.0323609664846489	-0.0688368429442893	-0.0124275075504619	0.0061307192693171	0.0123332856664552	-0.285504323454149	0.015316207049807	-0.115586357247096	5
-0.0771777794655256	-0.0773621987839004	-0.0335253824964191	-0.0878819362444786	0.0226056820818635	-0.047085302225679	0.00450784263467149	-0.0153203520049163	0.00502948313967818	0.0570552884106681	0.0250553277415438	0.0276566131846989	0.0818177719672441	-0.0457395040728967	-0.0524538955927524	-0.13548284173349	0.0799150734597227	0.0280145148026413	0.0799949607822725	0.0475737090052498	0.0658961478260395	-0.174950501419219	-0.111171904963562	4
0.164003673323346	-0.0079246247297637	-0.0346393379325605	-0.0174187486318261	0.034812699395135	0.0928506440083782	-0.089800222714954	0.0918925015442801	-0.00359524202938318	-0.0737292821566446	0.014504137448703	-0.0806743526450832	0.078444362460112	0.0207220946859565	-0.132317361550694	0.022543974509073	0.0363504353691045	0.039908287468389	-0.170067255710178	-0.0483476114399286	-0.0133582470537866	-0.0497101413071015	-0.0289971872374485	4
-0.0636144628756718	0.00365037528055446	-0.000614392206310722	-0.137582384572912	0.0323909676716498	-0.0700651125661982	-0.00790955204122691	-0.0127733898256628	0.0803458021973812	0.00730502554316783	0.0148108977260785	-0.0648370242090606	0.0808248815132772	-0.149336877718989	0.0994987955445878	0.00325752478034425	-0.0513662617925094	0.0583073600144113	-0.00253019826978791	0.102018945440794	0.0398644772599637	0.0588261539662291	-0.17879615264711	3
-0.0225953508469703	-0.0773616038335749	0.0216908146939309	-0.0338371086444521	-0.0244751558185051	0.0814040512481072	-0.0632714431262578	0.107113607055152	-0.0688642222467005	0.0100775183799102	-0.0879827302712443	0.137158776715482	-0.026440443209252	0.0800154037718444	0.055812624770916	0.108637774680213	0.0345370565271096	0.0373567287152987	0.107303695560655	0.00849694085709618	-0.0993247617028	0.0915476330666222	-0.00238695036121325	6
0.0346644492828252	-0.0881891499548152	-0.083518920023644	-0.0716714982447448	0.0133802002443193	0.0524678597211589	0.0825314856425541	0.00275334822702179	0.0186387677628163	-0.0493836138803925	0.00253119969252249	0.0233613786625967	-0.0162625748321505	-0.114849300726846	0.0379164001805802	-0.0238595768190123	0.00480419687326328	0.0323039265483231	0.0278880393986677	0.0323720152852197	-0.138378741004621	-0.0534693941370447	0.0598944944426272	2
-0.0619039352552969	0.0247354799766673	0.0626960234930346	0.0386972870073903	0.103468524907723	0.04024438486652	-0.0169512550113629	-0.0446005137639492	0.0454852241275882	0.0405883649006615	-0.013651163703603	-0.0610402568600379	-0.0577367065957299	-0.173019083143055	0.039361523779634	0.0202133423485702	-0.0631113411261888	-0.0211240660695306	0.111907375518636	0.149663298768779	-0.0438318753034798	0.0755112691951707	0.0535037817625568	5
-0.0234233670823556	-0.148854048730522	0.0538410332725005	-0.0538687132855109	-0.105736701788309	-0.044573661768958	-0.00967694150667445	0.0726278457684815	0.102897944669781	-0.0205339501125664	0.0015976013623718	-0.0968581793779229	0.143291371747215	0.0582159617328305	-0.0896331659104461	-0.0962762158765875	0.102971099082894	0.0252213665759092	0.109368030621113	-0.0951490205006875	-0.0765045310903724	-0.00179683499515353	-0.0582058135683447	3
-0.0544708399660931	0.110429441343759	-0.0605967438816982	0.0557839938927073	-0.00822367094678284	0.0300076707933904	0.0586057354088762	-0.0251998017007799	-0.1160345294345	-0.366908142778781	-0.0125309875772612	-0.0730674272560061	0.13173377341111	-0.0321977046604887	0.00203614759587812	0.00534533206396501	0.00535957780194162	-0.0902021405336871	-0.150016604377729	0.0822332347290456	0.127103385618604	0.184511932872709	0.0961875014931972	4
0.121086921024154	-0.161389635438862	-0.0645821346289613	-0.0461475164004476	-0.046529860925251	-0.00184593557398877	0.120456462293779	-0.064841287958645	-0.112126613334439	-0.0410856509981605	0.0511194362252051	0.00142948100105375	-0.0951492134894886	-0.0423022390030879	0.108351561286544	0.126068682911045	-0.144512097095873	-0.0766170077962568	0.0468614905708994	-0.00356516619773422	0.0292476763101404	0.0130517090419282	0.103800174218653	5
-0.0666691165917262	0.0112704947098839	0.0388271617115089	0.0633633356331205	0.1087639141691	0.000625426432065522	0.0338447290823103	0.0368051223021937	0.0480094962499946	0.0613582202180994	0.00336868491541388	-0.120666783847617	-0.0643579793137751	-0.130609850680687	0.0638627261056605	-0.00691848812581955	0.0814014778284725	0.000445109836626433	0.0470146915531213	0.111473867764536	-0.0997426236386541	-0.013975490859748	0.0444628872194629	3
-0.0426807284540072	0.0240526369901439	-0.0785010673884811	-0.0492139333420554	0.103079088341167	-0.0287127687993909	-0.105836828674992	-0.0662931611491127	0.0465560455854248	0.00534784326957287	0.0505321757580456	0.027495767930427	0.0535618235216908	-0.0473739619719367	-0.006431081103168	-0.0129242069697626	-0.113922546014437	0.0139880814937293	-0.0879337359034576	-0.00188811925952491	0.0265642104120278	-0.00612362622770401	0.0180546996381686	1
-0.114772644392571	0.0344845310354128	-0.0508182098748924	-0.0183625106377493	-0.00810664965129982	0.133754357944771	-0.151812609967453	-0.0601822949363965	0.0213891373371031	0.157200449339321	-0.00497522335873638	0.00305642107374538	0.0450869313858486	-0.0558010802748673	-0.046493497034568	-0.106443647928207	-0.0459977470452702	-0.0754019244002982	-0.0858882469264558	-0.0163031047499454	0.0401027594538612	-0.0448816393563785	0.0686884930522899	1
-0.0426033067719112	-0.06841872929033	-0.079958403074559	-0.0363367251348335	-0.118279773676978	0.0157410941267741	-0.107081521816199	-0.205203549358225	-0.0942218714797197	-0.0182660094597727	-0.0678778376957443	-0.0898835451221194	-0.0913314987099091	0.112199171409665	-0.225523805556391	-0.0362632476115777	-0.0553590241562832	0.125078366003609	-0.0355848708659574	-0.0930841964703016	0.00289401269623819	0.0493596331005916	0.073543911928471	4
-0.0681086254439747	0.0358775937534313	-0.0335412587545243	0.0370968736521011	-0.0281329860081254	0.00745196317485373	0.000196609940106641	-0.0782339145856969	-0.123343298073992	-0.0405537110446384	0.0343845160579131	-0.109297295969449	-0.202588209783036	0.121629791136264	-0.139339844068716	0.00477737259029874	0.0218952824170162	-0.0395649198836568	0.0628153916733849	0.0183377884290987	0.00102733754036793	-0.0377004247513156	0.0288379376245242	4
-0.0454077324490047	0.0689019056228561	0.0998424622461254	-0.0684773298882548	0.0609903346010933	0.0305951834690801	-0.0603589127069642	0.0346290546550426	-0.1139412659696	0.00307565022579761	-0.0419082439651826	0.095100210271274	-0.102042279041824	0.00169382038765275	0.0884331897201885	-0.138405106999017	0.048436300957804	0.132198753466707	-0.0905396895533046	0.0179668608831118	0.0704405707647062	0.0246916493076593	0.0634483213668428	5
0.0796127598059952	-0.110794305452662	0.0083204314809351	-0.0287532502647752	-0.208174175855654	-0.0511785197794061	0.00371893581896675	0.158275994355291	-0.101252521806542	-0.131301328556776	-0.0414001527992807	0.103587182886142	-0.00401504028259856	-0.0530465859145591	-0.0620506837815006	-0.0329533846195495	-0.0646589311105309	-0.000397658529789949	0.00904377969037406	0.035247459544611	-0.0186900527442348	-0.0497690562428722	0.10821327217932	4
-0.0248786884706729	0.0771030076074818	-0.0467597483980175	-0.0686392116321879	-0.099023615597011	0.0256282653604345	-0.108778645920004	-0.088391704703986	0.112146252253875	-0.160605523913845	-0.0696127710005734	0.171023054564462	-0.00175817689973965	-0.0333742715373371	0.0591560617813418	0.0478349227475924	-0.0485953169910426	0.0446463963586137	-0.123219531249938	0.0470846993074255	-0.0240900128998977	0.0682490228437655	0.109822516021408	4
0.000144748191613541	0.0809311678413672	0.137853897263576	-0.255973972243216	0.0245440620082912	-0.014949859048732	0.0386587392941545	-0.0143149365607099	-0.160985146314497	0.0598529773757767	-0.0229699790291948	0.150437335873915	0.164857874255663	-0.0435277496718989	-0.0316036488673808	-0.0782762981450533	-0.0570068406584401	0.0744480314747172	-0.110507135043654	0.0356132973577376	0.0275540548319252	0.0796733727557589	-0.0478469530353293	3
0.00848357930561007	-1.43648104038827e-05	0.0901596723782122	-0.0705795969609804	0.0916956247093974	-0.0208204525894411	0.027876607245794	0.0973883912685958	0.0160556450621597	0.102182478020886	-0.0308356244284373	0.0875444620156521	0.0259059436755389	-0.0286317518499455	0.0592444237105913	-0.171406971138273	-0.0262181220977592	0.00520490096968904	-0.0676535606147266	0.0326481467303598	0.132656736799755	-0.00635838982044819	-0.0153568827348103	5
-0.0158407007755435	0.0610103160526365	0.042012214221132	-0.123430342467056	0.0134198969998967	0.03091143755685	-0.159404921061997	-0.115307879707168	0.0422928835632884	-0.156894328335224	0.0173165709302915	-0.0111536738566962	0.0722045482249337	-0.166937579871549	0.0731069272112344	0.162702920424146	0.0221146264523172	-0.0115670784717511	-0.132763299035633	-0.0423270993170476	0.0487947902774798	-0.0581248034756952	0.0960260064757626	5
-0.20096268068223	0.113347486613829	-0.0112512038599017	0.0285008873218397	0.035430995671535	0.219409517610768	-0.165195948072748	0.0267967632231728	-0.086391771706133	0.117670506569626	-0.00388296720849854	-0.00219299765001534	-0.0253586108638184	0.00702627741119983	-0.0961273393066697	0.107895434725802	0.131808734338206	-0.144318812311977	0.0434745106520587	-0.049556235500067	-0.0752171633064717	-0.24520283793576	0.14189613027091	5
-0.033077679023706	0.076118976113871	-0.0150966778230069	-0.141819284256621	0.0232023857327879	-0.0238334181260887	-0.0994165935840928	-0.0299629290579252	-0.0719857744585446	0.0253673464496131	0.0208986465368681	-0.0857653138751956	-0.126697216864019	0.00830036231468496	0.0499216697380906	0.0166565514161389	-0.0223450817813401	0.0667897832677571	-0.113238380192747	0.069681477911038	-0.0197174975427264	-0.00712931009041232	-0.0164473822059472	3
-0.0393109679390981	-0.112852616074257	0.0485011261318295	0.0258667525978503	-0.158883977075259	0.0414229459059942	-0.0622647950096504	0.0208684839417625	-0.126834429764451	0.0138539368890338	-0.0694666644767122	-0.0860535602219415	0.148715519147699	0.0238693938724499	-0.0517000627930595	-0.0423832694882217	-0.05628107811865	0.277355657295492	-0.0672655702773693	-0.010754150012855	-0.0518236727487146	0.0939313708905124	-0.0224839986968696	5
-0.0629868605654019	0.0429183569637411	0.0981143238722578	-0.0840011295138602	0.0842194479279491	-0.0680264784170277	0.0907198268412898	-0.0631893408854227	-0.0315539292279202	-0.0437057848122048	-0.156416072419909	-0.00750067790089742	0.00608760793329946	0.000539003252117434	-0.0339427660050617	-0.000566166264776389	-0.0480795215515216	-0.00751190662391502	0.0176547147290308	-0.00728033358174339	-0.00723024273499241	-0.0543184521348726	-0.0368779748002005	4
-0.0739079976173646	-0.052958180194964	0.00241227570558256	0.0906652366591539	0.0295753549699509	0.0919116883818329	0.138671701744547	-0.102587687125641	0.0162877256674626	-0.0202448280040801	-0.0576956298506407	-0.0247344718095621	0.122682035623771	-0.205176664968389	-0.115602226261688	-0.0659250613432937	0.0265337245272753	0.047161274448909	-0.0498559016843018	0.224697206167501	0.0397055933824818	-0.0580372773398741	0.0212187602915421	2
-0.0251538512390835	-0.00258854692746958	0.0869199662653268	0.0092882950242217	0.039766417991394	0.207287855954965	0.0112699060902108	-0.0311774291059	-0.0476835174827417	0.0082773990394502	0.0418162958441296	0.0392440890858851	0.0605784434981321	-0.034732012897231	-0.0174987918574635	0.123624147700999	0.0100415570006434	0.149314948356994	0.0153576284587205	-0.183527734301184	-0.131326060297217	-0.0936099775026534	0.0506439817328635	3
0.0974536677824074	0.0335658901269984	0.0825418218877481	-0.0553995737363314	0.0100659615412854	-0.0097620382201174	0.0132882231923108	0.0611545165128844	-0.0600302797088284	-0.0793130780473495	-0.101676027938215	0.0198989371589807	-0.0432187111530829	0.0434907622314731	-0.0795040983154443	0.00440172389097144	-0.0395353252227187	-0.0241042361108596	0.0239901333815155	0.0223354414545326	-0.0049655679703968	-0.121073972042651	0.0901932323443094	3
-0.049133267689498	0.271993941712715	-0.0373243836138556	0.0473035276063892	-0.27395463795374	-0.0561555521668325	-0.0765215336530729	-0.15377521438997	0.0919296158627275	0.0108718741705179	0.100968213613744	-0.0782858439320832	0.0920864235439038	-0.039125176382151	0.0711115177149141	0.067743547170133	0.0235005563787178	-0.0815122805586045	0.117881159527775	-0.00518180656524406	0.0235088395329333	-0.0586796728969824	-0.11099774285963	4
-0.0447424720943761	-0.058364354922143	0.0664829020037622	-0.00549711536949889	-0.0418346397158393	-0.054938967723719	-0.0409415959594375	0.0284496205006486	0.0261093568469597	0.0174689219103545	0.0697691033060399	-0.0738105891958762	-0.0781218919799292	-0.129970818565891	0.0858963137240434	-0.0264323330709598	0.0163586798616336	0.0303941389826174	-0.073970379132741	0.0213930658057703	-0.0827302880688307	0.012081136933	-0.0791329805011577	3
0.20694747945991	0.184536942400716	-0.0622754409483237	0.0368897686795799	-0.304426749405805	-0.00971479900159489	0.066344122326276	0.030181781676552	0.111972166403727	0.102011593785254	0.194599548380958	-0.0202844155246478	-0.00804397252657766	-0.00397878908883553	0.103033894335343	0.172888535166751	-0.0698587711010136	-0.0649779462473707	-0.00346032400534799	-0.0151263677032364	-0.00703371066415676	-0.162474277751305	-0.0852239842516028	4
0.0607877210396467	0.0637384388954181	-0.0857388665439563	-0.0329956832239813	0.00145903857880831	0.0725122995992973	-0.126453552675782	0.250827545828895	0.176110032988758	-0.0748359381094498	-0.0376820744490031	0.198327491515888	-0.177886504857094	-0.101280310998835	0.00490837182392013	-0.0455306334847109	-0.24118485025768	0.214155881557671	0.140095952498198	-0.0549272535445478	0.21108296704471	-0.108378654146276	-0.08566723359708	3
0.0910683297285	-0.0183025935172828	0.0344729954640279	-0.165683470747521	0.0118611285372067	0.0411343367185511	0.0284764284176638	-0.0392914473364069	0.0272014227921363	0.0429815840966391	0.0223224051050608	-0.031853852266365	-0.00337307924013777	0.0451576138439787	-0.0164705523412608	-0.000683958926505157	0.00663926052544441	0.0759013417303699	-0.00366701192560567	-0.0796590346253434	0.0801545632055947	-0.266131366777352	0.0491730915580366	5
-0.116164731072235	0.0711045724186079	-0.00799109983619597	-0.0615777441931991	0.0538756820623829	-0.00984531658940394	0.0426366371350745	0.123490398732452	0.0337651523007041	-0.0576982243009548	0.121663100395043	-0.0366214086484654	-0.0933266822820931	-0.109374826382251	0.0484357569449581	-0.0144445948131693	-0.0931199840973418	0.0157451940911971	-0.209182237372903	-0.0826438715979428	-0.0582604222413331	-0.0894935158328095	-0.0424610083511462	5
-0.0197243264745255	0.118112637997103	-0.0314492657130796	0.0294421321374831	0.0593653906486679	-0.104718132700517	-0.0831971850514071	0.168799457473844	0.114642238141919	0.00681751128084927	0.0578396301706287	-0.120484921244734	-0.131203594642508	-0.11091952063258	-0.115907060981142	-0.154581907564912	-0.069670089979792	-0.00774216181155488	0.113822705224544	-0.088689176010484	0.0717453659696217	0.0630662897546627	0.100441726766259	4
-0.0478051398408015	0.143893450025254	-0.0721649242062246	-0.164119697345864	0.0466652836759121	-0.0444244187745272	0.155534426967708	0.0490563103205468	-0.0899061970163893	0.0512635070645003	-0.199238825752868	0.053777677463718	-0.0311330047856765	-0.100636000631281	-0.144225761820952	0.31975119568167	0.183214223191729	0.0625727852218083	0.105978886640685	-0.23032927120704	0.125603880501839	0.103666513317889	-0.0750764128686703	5
-0.0757970355531834	0.101834782351781	-0.0229581834352791	-0.0913962044991275	0.0316755412157941	0.0407600005779417	0.0271043672800478	-0.0186804992745816	0.120449207631446	-0.097175965379995	-0.12023965205705	0.0685812438697932	0.0769791980764693	0.0144754892068431	-0.0423139863133937	0.0723899677541587	0.187642030614467	-0.167056151592152	-0.166997078374532	-0.090671813386211	-0.0803036940006451	-0.0118872156289855	0.0719631340347993	4
0.0262360872976851	0.150905015101915	0.138868761477054	-0.139887040233762	-0.0484815471577545	0.013373822794555	-0.0243103930785876	0.0226273641978933	0.0520806070141799	0.107931494777482	-0.00938355710591542	0.0773359642501054	0.0577322726915129	-0.00933018085494224	0.0953680258823039	-0.0259933729298286	0.0491532948460626	0.00945514587182822	0.0010228076913028	0.00246483246009327	0.0381632035696106	-0.0459189412598471	-0.00765656102758452	4
0.00201266120226677	0.0389599142311482	-0.0630578972179479	-0.0591866567319104	-0.0636414193957029	0.0028885159189213	0.091476637947017	-0.144073595890077	0.13081886767955	-0.0434873862592502	-0.0632028721322607	-0.114153360002738	-0.0126322587633927	-0.117222040330326	-0.142583883839193	-0.0830662712017736	-0.0508459523028419	-0.0159543645926433	0.0443501481756638	-0.109846171750774	0.050903612519184	0.0242033477932056	0.137057646757828	4
0.012377098196536	0.094184477975985	0.118920767667517	-0.0448693853462323	-0.0161521885425586	-0.06295285997254	0.204102629541245	-0.105432457596463	0.00784313876840951	-0.0165916947912964	-0.0521124951306378	0.0391236432927326	0.0143611875579413	-0.0698361717871519	-0.0523863941149109	0.0142803981561224	-0.0329521779608833	0.00577575532312415	0.0501935830158446	-0.0587027350143769	-0.00711337319197425	-0.0753972715244812	0.00164842199750871	5
0.0249337789402077	0.169302934889706	-0.0200906819982101	-0.00188990980191906	-0.0324999724775965	-0.0756933300474264	0.05013213138287	-0.0376024043313389	0.00483939255180922	-0.0289954636449913	-0.0408446814801413	0.0444556774268576	-0.0615790694321493	-0.0723170695247934	-0.069496459449032	-0.102394513564515	-0.0210267687017962	-0.0117217224009072	0.00941867278270123	-0.0828990402309931	-0.0854689128808865	0.0593417333832694	0.112305786234883	4
-0.0234554449323463	0.217187493107708	-0.01750935908265	0.134006351402403	-0.0821804451634103	-0.0224486738991807	-0.0774729752781298	0.101499409968473	-0.0296943525310874	-0.175927013908056	-0.111326817171637	0.0128926986521693	-0.0689768429434875	0.125302655402834	0.00600440406236418	-0.0242582638287631	-4.37597521249517e-05	0.108761706427964	0.203239078530688	0.0186767289987018	0.0983134112690273	0.00469879281446677	-0.0014909660569819	1
0.0626022784100158	0.121678078695651	-0.0170261928315166	0.11812048168104	-0.023210381658862	-0.0203414778976788	0.0420625625233479	-0.00681457343761021	0.0348518966090724	-0.0806801869024079	-0.0305473709256612	0.106420569234776	-0.0483504577182538	-0.0623243371593801	-0.0917396583523398	-0.0928610391553832	-0.109572309631213	0.0948326313905065	-0.0333629786968459	0.104156548172183	-0.0178201000974947	-0.0437674661942172	0.0306491163722205	5
-0.0258717061011237	0.0142873403199676	0.120244311980699	0.00654656595051976	-0.139165745374555	0.00330992316319401	-0.0238423205816326	0.0355460529975568	0.0165457143615191	0.0662126468038221	-0.0218018854878067	0.0287889074842167	-0.0777419553529496	0.0647352402899006	0.0377171931971537	-0.0349816990649545	0.108205984334005	-0.0428799980179232	0.0118198107820184	0.00503002630267933	-0.00986011031581222	0.0387886899442718	0.107116613730393	3
-0.0534858060961987	0.0529286984795576	0.0308494572696789	0.029265276504483	-0.0506949626053013	-0.00084959121826747	0.0386058637607696	0.0016395239980028	0.134804718357402	-0.0114284560153165	0.0516341735638887	-0.0750309526406061	-0.0935854046084152	0.0553768563508584	0.0336962954222148	-0.0244920307214723	0.0765491337684395	0.0717451962630545	0.0406302392837692	0.0104099455909379	-0.0325637079982551	-0.0503120330821441	0.0568652323783711	3
-0.0873043811988711	0.123706124654525	0.0446016335393551	0.118012907020542	0.0371798060878261	-0.0142838581920819	0.0857726887951384	-0.00615190686864558	-0.0192807428952669	-0.0480380029515016	-0.0173788795264676	0.0994221434568454	-0.0302519008638028	-0.115649826474095	0.0178665588288119	-0.0017420928632314	-0.00969619073514831	0.0583587610835031	-0.115834704785054	0.00582701237397815	-0.05939881883045	0.0252165110325823	0.0728710096865897	5
0.0035827967961478	-0.0853042638290832	-0.0848602612865252	-0.00326394928215207	0.140802215360023	-0.0119150524894282	0.0370406491905838	0.0214721793261016	0.22957587799773	-0.0148664210237837	-0.00180484646991763	-0.0321910888994342	0.0259227417308563	0.0230500569617317	0.0278141277443153	0.0160260720029608	0.0066648028063948	0.0984006500684088	0.0345043948008829	-0.117412588476204	0.00243646528196179	0.0234734070332556	0.196278240431322	2
-0.0183313745703462	0.126584210383497	-0.010800546599728	0.0281138939798859	0.0707526950832382	-0.0565576785579495	-0.0428488493075633	-0.0539469064128075	-0.0671668915268592	0.0900071692629875	0.0828506062859024	0.0207627540632743	-0.086424158823768	-0.0420535389559673	-0.0516615975775503	0.0530780486967867	-0.00722099534127152	0.0903548705843819	0.0474610461103643	-0.0131499120690801	-0.104677627452148	0.145609795286249	0.0365975748192263	4
0.100203470408549	0.0657097677455995	-0.152477526200161	-0.0664015356250904	0.0231372335478267	-0.0128789521693386	0.0213337431936495	0.0131796727270997	0.0809660586636912	0.00742685158454366	-0.0305149992698231	-0.100049826187475	-0.0672814590016696	0.0449131164533281	-0.00828123234307114	0.122937151447465	0.0685516487757933	0.12418581143895	-0.130901359931377	0.0218221529376673	-0.00288734904908617	-0.026390486159405	0.0358460931130993	3
-0.0597387221595685	-0.00531312502361695	0.0369237851803608	0.0566180196262362	0.0177639657074811	-0.121326002387701	0.0782984795487981	0.0918700409763134	0.142014614360733	0.0430379632033118	-0.0615180633889722	-0.025424901097575	-0.0463879776997114	-0.0368872355793191	0.0704949640360933	-0.0831644705689877	-0.0215422871495642	-0.0143294151573979	-0.048132383978085	-0.070799442620731	-0.0129637457921607	0.0549184658088404	0.0209304318187998	1
-0.0880667545233524	0.0887056778750889	-0.0623683180714653	0.0229175927830539	0.200015266122307	-0.117464630259512	-0.0396815458807268	-0.0585994620330175	-0.0392604078805668	0.122049093161462	0.101885433553755	-0.00159760918234055	-0.115481302400056	0.0932447187409795	-0.0634422775391152	0.145447935313486	0.0756801152776418	0.0550925106496197	0.0465902598487535	-0.131480825852798	0.0300649480028579	-0.0433544508457361	0.107926170288638	3
-0.0350765328551242	0.0649110168402748	-0.0270099821567738	-0.0156155382013837	0.0391543619519709	0.0319991773312285	-0.00779257652331786	0.0437340391143777	0.0126233758459027	0.05489782764239	0.0803493456277608	0.00943585797438824	-0.00607599207550006	0.0115393541382598	0.0925880806850774	-0.0380198466191565	0.0442476505084976	-0.0117370897825878	0.00254049129835806	0.111030646518889	-0.103174282008867	0.075792670527466	0.105673319996456	4
0.00477849166454406	-0.0605316980633266	-0.0273965602926479	-0.101721091184689	0.00535832893346404	-0.0372309598170373	-0.00471581908174693	-0.0436779319737603	0.0534310501720465	-0.140434345562162	0.129096062544302	0.0639637111037813	-0.0250417033136443	0.183481332421793	-0.0434513910854395	0.0534714553679954	-0.0756186467763411	0.179849520275704	0.0126804388959059	-0.0130341220471752	-0.102655351908124	-0.077273585618554	-0.0488310307688639	1
0.0630332227524414	-0.00428198777316743	-0.203452774006157	-0.00238322260593571	0.0975453459180731	-0.0238414496621774	-0.0352629661997606	-0.0431822343959964	0.104399631282673	-0.103546508462256	0.0505255670970358	0.0391936566132361	0.0233384456854799	0.0502657802483772	0.00534620924028005	0.0476535091820881	0.0564641599427273	0.00659242582192883	-0.0515338653751448	-0.0356195768263377	0.0205061120296673	0.0237868700777774	0.182732558630571	3
0.0402997880571014	0.00316448292206699	0.0531418999655281	0.172590146028574	0.130222331578906	-0.0112191753656889	-0.010314263778937	0.0172912450810901	0.105036067054062	0.0125026521148855	-0.0660802917620397	0.0981420387038698	-0.0157920177819607	-0.0700168510175307	-0.146212257604211	0.0513562457121939	-0.0609901198406238	0.056850225253983	0.0269245110277586	0.00240201529845153	-0.0839292852624113	0.0935625614543475	-0.0225103075291916	3
-0.110877648992484	-0.119867818482253	-0.105827128994543	-0.0692324559180013	-0.172584357836226	-0.175006646875611	-0.0554570278600419	-0.0108125082483221	-0.0342064003467064	0.0984365964025071	-0.0617662949162164	-0.0968621075333201	0.00120507770858657	-0.0641498704965197	-0.083687539075825	-0.0191735241720986	0.0371298466766853	0.114012696087056	-0.0375387885830965	-0.123405934676441	-0.02764639235037	0.015250603619707	0.102307269456137	4
0.0749065154783046	0.0420001090938869	0.0801748667746685	-0.0323693966556014	-0.189393491176996	-0.120891571894484	-0.0479667706691213	0.0564294359115889	-0.00964142562344845	0.0566785361177097	0.00172739416177567	0.00177272793119418	0.0514366435749701	0.0083899288977798	0.0337024492290105	0.00795111415816487	-0.0244631643169377	-0.0149420958683402	-0.083478407744784	-0.0124087475715392	-0.0288472453664395	0.0361800379014067	0.0262887570707467	4
0.0116622930049651	0.0589394642873736	0.126976592131326	-0.0193654197754209	0.0465865251318389	0.0344383724450862	0.0463359182062265	-0.162066856841456	-0.00652072904429768	0.138827989042272	0.0762366924010191	-0.0287049459738093	-0.0096178349075789	-0.168246986225194	-0.117915970388427	0.0674588047376933	0.0513963535355718	0.0682259952479184	0.102310202186001	0.0508055823401595	-0.161207761045677	0.173345338264525	-0.113609703814249	4
0.0838424757496103	0.0942596768394698	0.035709394863286	0.00528586021926386	0.0160501862388777	-0.103941949550491	0.0280968771098119	0.0245658781278312	0.0637550369049784	0.0773591672574148	-0.0204121769113766	-0.0250302654689558	-0.153063696751263	0.020868768053396	0.0827819686181887	0.0636761411315817	0.0348982277396695	0.0188630992896733	-0.130326933566078	0.0310497791856175	-0.0650263607518594	0.0571060769034019	-0.063011673303993	2
