"SV1"	"SV2"	"SV3"	"SV4"	"SV5"	"SV6"	"SV7"	"SV8"	"SV9"	"SV10"	"SV11"	"SV12"	"SV13"	"SV14"	"SV15"	"SV16"	"SV17"	"SV18"	"SV19"	"SV20"	"SV21"	"SV22"	"AGE_GROUP"
-0.0245278365086976	0.0307447987420601	-0.0503061595902549	0.0116612284065805	0.0272140874577358	-0.110306194795466	0.0497739725915505	-0.0323944666962196	0.0142013831457778	-0.0532427096375724	0.0382331711173074	-0.00345890479031698	0.054654078224812	-0.0213314712880263	0.0268427492632524	-0.0046242395737357	-0.0771494635265526	0.0765960818462589	-0.0087189150645682	0.0838127657330242	-0.0773368283363949	0.00861324105364188	4
0.0497866892143183	-0.00658130395007656	0.0848357513736808	-0.0307979650107609	-0.0755625121882757	0.0163802447886898	0.0400470191465125	0.01777402142708	-0.0233067948381481	-0.00915260598090693	-0.0871357236318013	0.040055906616969	-0.0329519503246254	0.0185361598749052	0.026076067826215	0.0410476069937001	0.0832772754419648	0.0413146754761798	0.0238201623935133	0.0311970679090069	0.00119936227908653	0.0149179628071419	5
-0.0276320769180449	0.0470517240836361	-0.0314565820501805	0.0133477088623657	0.00897279355478653	-0.0389620609344669	-0.104462928562694	-0.0197345626419389	0.0976663996843805	0.0543641843590791	-0.002569286829852	-0.00578294194581055	-0.0316987292136527	0.0551881587304589	0.00324213945461693	0.0234059116516942	0.0778854329454212	0.140214684704811	0.0369669778364244	-0.0184719955869849	0.00571993511118092	-0.0247795930023943	5
0.105334225123136	0.0178673771773772	-0.00444721192740072	0.0833770767154792	0.0391681631682137	0.12073506675965	-0.0655642331301133	0.0958136686295536	-0.000364341437591766	0.127016933602771	0.0310025839880087	0.0534588954221073	0.0378008734774902	0.0891872616810911	-0.0898339290041641	0.00470907579774235	0.0151003470677403	-0.0105268560036006	-0.0897210976705726	0.0271170671722146	-0.119973282180623	0.109236316912808	4
0.0400401482106262	0.050165808953978	-0.0784377646089162	-0.0526155288941	0.0281473533423539	0.0101694087051601	-0.0240640770290984	-0.0397569525941632	0.0582408433074977	0.0498687896454637	0.0200015479749104	0.0757387003648056	0.0305825703502196	-0.0227683961697573	-0.00275664837598465	0.0719724834995979	-0.0139123837830184	-0.0286533222893798	0.0708448369189226	-0.00206457224924295	-0.0253139534111136	0.0210936850722494	4
-0.128915672794425	0.146159783112351	0.0642123133085615	0.0586247463281149	0.0391020505325369	0.177260106053068	0.145349884151758	-0.0238295880967162	0.0359147137010081	-0.000974536381403032	-0.0444230192795413	0.0356907075164225	0.0399219408052406	0.0297936142593498	-0.0184740470697062	0.0429124258838851	-0.145745329721498	0.0269941907766394	-0.013332037050215	0.0108054073515944	-0.032720013112411	-0.0404793430344207	4
0.0594705738240913	-0.108209676035791	0.0811202647742032	0.0348220207679457	0.0341836435158687	0.0434920838521581	-0.0158333753631628	-0.00997825137587233	-0.0493657987747138	0.0263281431486872	0.0308378404539202	-0.0365183428939965	-0.0400516907030585	0.00925150371533552	0.0168834188875787	0.0264643114331002	-0.00356359488808919	0.035639301487849	0.0386275833276495	-0.0325787618421735	0.0202594196602455	0.0503386068264864	5
-0.0716652166938545	0.0728239502663487	-0.00910688130881294	-0.0879813728662739	0.0652781220536512	-0.0197227183958558	-0.0388104064810276	0.00144574780236403	0.0497318642902641	0.0787031947528846	-0.0875498645577963	0.0280321328594851	0.0254961445361868	0.212596514367115	-0.243830607678847	-0.202007025291904	0.0533227273896168	-0.0304532337990519	0.198426026022068	-0.034760832839744	0.0429868772401296	0.0544463233404263	2
0.00618980338008144	-0.0286815287655911	0.0588008117272907	0.0332466133918097	-0.0492082603141927	-0.00939287473258088	-0.0372246203028019	0.0689648344141232	-0.0222021667788192	-0.0068696888534488	0.0871557832647466	0.0416377030304769	0.0042789779306439	0.00954616468283606	-0.0786120719827832	0.0366730021081988	-0.0252545999705678	0.0419541026485658	-0.0586597995406296	-0.0314728285757803	-0.0824054074711141	0.114348329717404	1
-0.012491476774137	-0.0580629504546756	-0.0210425148810178	-0.00855131078770155	-0.120239225337584	-0.0528989227344843	0.0138311587336648	0.0135352746949979	0.0194590117044073	0.136490441790221	-0.0090636679781495	0.0690366327064052	-0.0295560791696217	-0.0113912419497647	-0.19409900146502	-0.0537890432023923	0.0506148352379115	0.0103566153264547	-0.102227114444464	0.0073927336174931	0.00815343651025918	-0.0515995742367509	3
0.0743439811597698	0.0211691325502301	0.0839465853295332	0.0735963815799719	-0.0205243240545545	-0.0573784256907143	-0.0091359143594536	0.0362988647479212	0.0776866154846671	0.0204154472353528	-0.0340602611257565	-0.0488557836405232	-0.0104001270965434	-0.0362350114887811	0.0356495366618191	0.0361531112820859	-0.0598350171166387	0.0549377223659488	0.0054753243172168	-0.0268479584155652	-0.0550844592302159	0.0128991046877696	5
-0.00412294917444446	0.045060709643958	0.0323709246404763	-0.0543644575976673	0.0683977142305884	0.00799182319282987	-0.0734185710291133	0.0299864915576345	0.0442528233464865	0.0402361494377793	0.0604283800945791	0.0309598028706935	-0.0116510798671672	-0.0466734499335163	0.0481527048650915	0.0386146827137723	0.0193395369425027	-0.0469840245394918	0.0916841647548089	0.0232724045167909	-0.0392579646443733	0.0196464190914536	2
0.00720061385018965	0.0541908644923445	-0.00200072151003904	-0.109552008823292	-0.00714233820741769	0.0108254994324622	-0.0228745818281551	0.00463447285900687	0.00301397868129802	0.0708362395262546	0.00429588315958387	0.0707841498403306	0.0158412298501487	0.0842913011292754	-0.0105558244034281	0.055585830628498	-0.0126907061830324	-0.0161496253852322	0.0573780286364131	0.00414610025207168	-0.0365603848513818	-0.0457328084017754	1
-0.0425892617536385	-0.0442193563572364	-0.08560789408022	0.0134527765766064	0.0226506882601453	-0.00485961599663041	0.00764483972833188	0.0362933206706726	-0.00758538868423736	-0.0605739436944896	0.0831861026241519	0.000543360603419765	-0.0311567558614741	-0.0455020154884332	0.00767845704500616	0.0104819755550175	0.0409213720162378	0.0470981254773647	-0.103907613499745	0.0825042584943189	-0.205431589894358	0.136782205449474	1
0.0460497825342272	-0.000407039166735423	-0.109018543295811	-0.0563281237739219	-0.0912562294170062	-0.0103050165375925	0.0701447752005976	-0.0901431115483086	-0.0481442534180032	0.119980023040393	-0.049994530949749	-0.0441673898456285	-0.0791502125859191	0.0102660758413708	0.0770004327903215	-0.0287895715772414	-0.0937202168640782	-0.00928195386780417	-0.000219663156646531	-0.00925069438403009	0.0123165168292758	0.00861285410548394	5
0.0359626893281237	0.020422968507144	-0.165391451182499	0.0865347647990635	-0.119872235977615	-0.0647337562846097	0.069750154871758	-0.139993226070672	-0.0729434567173384	0.10734933318474	-0.0780266268416792	-0.00750841701403565	-0.00882439585663419	-0.0581392240963827	0.0873475458013732	0.0251584911059786	0.121014472709195	0.0350459480597254	0.172055333612225	-0.00413920936382137	-0.0839271003192492	0.060465981049713	4
0.0193421111509224	0.00610730531532373	0.112805654647537	0.0206286229689397	0.00971750230021019	-0.070550446406645	-0.00935126886933205	0.00829157337945002	-0.0274213571239948	0.0238234739560089	-0.110869328878199	-0.119905905341964	-0.0397260656087778	0.060397351414184	-0.0324183812951061	0.0162438060719007	0.0448663123149896	0.137745580862834	0.0731350990617262	-0.0466584545686501	-0.00313618750529184	0.0367648660621117	2
-0.106517540979308	0.117719921906945	-0.00949640762373589	0.00821865700300927	0.0556675101413001	0.117255757176181	0.127533546341755	-0.151401066738695	-0.0301144415638592	0.00186639726756588	-0.00756143188383375	0.0171520165086466	0.0381309880138128	0.0111103419916803	0.0446810197794111	-0.0231882621636779	-0.1273903870148	0.0368016015049765	0.00922647524844281	-0.13446835009702	0.00196080059326612	-0.0290073054649705	5
0.0251268124615839	0.0363072356956806	-0.0056294597764732	-0.0948312888395613	-0.0382141185641379	-0.00836966549607991	-0.00863188548172578	-0.0154243231231844	0.0574243331639344	-0.00993612908186048	0.0154058686165888	0.0363420832047955	-0.00721831629379258	0.0209379499986426	0.102801942577695	0.0421972779764958	0.0659347577226209	-0.0779938941411365	-0.0258772695882659	-0.0532990719810431	0.00261251943523882	0.00316103279933108	1
0.0285004149117869	-0.0432701652676912	-0.0841004326411889	-0.00608477760935171	0.0448137467953019	0.0525327483441307	-0.0745597734221428	-0.0574363265385693	-0.0856588635234073	-0.184333272881699	-0.0489801903383368	-0.16975467340207	0.0696950332823867	-0.055432324826222	-0.208264550924123	0.012771025438401	0.0728124557625445	-0.140026855624372	-0.0379655948952308	-0.197635637149131	-0.131675568288015	-0.214177433352046	3
0.0121343978730157	-0.062331113481258	0.059284537371547	0.02279880389841	0.0115470309699058	-0.00409575338579024	-0.0109091922832674	0.0834845621947863	-0.0285330544191713	0.0286108854732922	0.162837244702327	-0.0556089537052606	-0.042740012763078	-0.0197371100283329	-0.0160253432449607	0.0783938665578609	-0.0337759948103114	0.0249203692907052	0.0333109371813927	-0.0651332623128321	0.0515770443277791	0.0188475787930986	5
-0.0712420686710314	0.0901510773634057	0.0608008048141339	0.0385027505994489	0.1343715919241	0.0528003620279997	0.121463056133104	-0.0517706781006112	0.0295203110946061	0.0268107817435432	-0.0229085624130536	0.00564879831789966	-0.0172902308746588	0.063176758212153	0.0244676468283005	-0.119832485179454	-0.0401145640480256	-0.0514839561025739	-0.0441745681580103	-0.0496429575198651	-0.0418429302466437	0.00774532039592334	4
-0.0137892476784584	-0.0529111606004592	-0.0653065967913234	-0.0662926834433452	0.113838736386071	0.142159064035381	-0.0927900564740442	-0.0351298198864488	-0.0612997026993568	0.00167825905679653	-0.0245462980703795	-0.0872025437605441	-0.0363057404734817	-0.0210032400014593	-0.0286147081824042	0.0457089229781472	0.0249762492759668	-0.00876788020516894	0.00243557853451203	-0.0595403358449119	0.122986600177178	-0.0601839421004059	5
0.138943493942097	0.0168562381296579	0.0394489137351132	-0.00203450819612486	-0.054458091128158	-0.0478800434384867	0.0431967645309133	0.03751709385655	-0.0167039038489424	-0.0448999742625445	0.00430420332844644	0.0536309605712445	-0.0192927812855939	-0.00372965253293916	0.000429178004186778	-0.0226004579047463	-0.0543418591048417	-0.0616299339186352	0.0337728018226889	0.0593945435125133	-0.0405677296451884	0.0500652899911312	5
-0.00420979879192142	0.059264603822413	-0.0980857413458789	-0.0693273602867893	0.0395702288258976	-0.0296793070040428	-0.0603176257690245	-0.0452248286883459	0.0509565908563982	0.0399905444709624	0.0459084637848013	-0.0020274914365192	-0.00518737685180749	0.0796427497964407	-0.0288324923766288	-0.0612460466503541	-0.0327771414985286	0.0736562030145429	0.0738523865861838	-0.0564600052255826	-0.0113281496086492	-0.00398692843569983	5
-0.0324509695107526	-0.0477023295584098	0.0583938293260122	-0.0654170396113197	-0.0260299460155605	0.00363442740704501	0.00924563536665169	0.106545028141998	0.0328439744633884	0.0424291134700237	-0.110205937883886	0.0246393191584216	0.00500938854322294	-0.0524385244348279	-0.0600721552721473	0.0653267174427574	0.0105137848226997	-0.118937561014659	-0.00969302103308496	0.0360504958378208	0.0302628438179362	0.0484479729548947	2
-0.0538291394424528	-0.0213311520117576	0.0674207578127261	-0.0970064254235432	-0.0239853144008948	-0.0684198322264463	0.0232401029168284	0.0712979526927611	-0.0333901373855326	0.0396968812690125	-0.0478853296974457	-0.0721784168467747	-0.123315407429783	-0.032372794236546	-0.015192903912377	-0.0425285905287825	-0.0840361596176956	0.0447167922784922	0.00206910074075284	-0.00175943179531485	-0.035248633702546	-0.0319045828512151	5
0.0123384070869162	-0.0136291207037027	-0.0543352819951138	0.0345908178691699	0.0119071829485889	-0.0477174781630353	-0.0670737087085317	-0.0241880597086174	0.0323469111929138	-0.0638380614676437	0.0286808404928104	-0.0604623277466554	-0.0317373911827476	-0.00014228107040043	0.00898317480262997	-0.0538466911497751	-0.0169637855005105	0.100366325813392	-0.070699786249189	-0.0316523546088991	0.00384291055077337	0.0325318182111425	4
-0.0216379486324222	-0.131490902634982	0.0508324638804439	0.0443490005131288	-0.0260176606836695	0.0396129109899893	-0.0510485063374671	-0.1045229474239	0.0352190309840887	0.116735535313181	-0.0610113280310202	-0.0361572466603403	-0.00139381941773531	-0.0841026908864243	0.076650373070874	0.0526859645088612	-0.0887760611402557	-0.0131531281449085	0.0139952474346376	-0.031363039351938	-0.0194863709233558	-0.0433093650150841	5
0.0128827326833029	-0.0243689297838894	-0.0832009740354965	-0.0546117934471892	0.0448237907166208	0.0264356792310764	-0.000603818468562353	0.0272921990632078	0.0401335021164022	-0.0451154766359191	0.0166439928871621	0.00155859021358171	-0.041363665656605	0.000499038244284031	0.110998314442668	0.0326068510454076	-0.013472152200976	-0.0522019744687686	-0.0561645205438198	-0.071276480215711	-0.0599309070069021	-0.0165500871578174	3
0.100126072031966	0.0140118516979361	0.0149381666700964	-0.032027298289279	-0.0328254999126465	0.0322498727935362	0.0442496271879559	0.150110724674161	-0.0544747603765388	-0.0222106391331039	0.0362658707298924	-0.110812583423186	0.0663847866524259	-0.0242336159431782	0.0411502834912162	-0.0871968852937258	0.00515643011905383	0.0209844552534053	-0.0192829216605965	-0.0407631475780758	-0.0223771329956779	0.0980911078786945	4
0.0693859565898891	0.0360278635056206	0.0969875307741106	0.126200240703669	0.0431879493798942	-0.113796499128405	-0.030030793955298	0.04650105653705	0.0392071591391527	0.0242465848048371	0.0129640997135096	-0.0951674395077507	0.00977442607815221	0.017862773000522	0.0363417441326506	0.0807483224767043	-0.0447368662939117	0.0115819166883095	0.0448316329016723	-0.0250081867068462	-0.0336530307343813	0.0252169057334539	5
-0.00762814126014849	-0.0528960149287487	0.0716753832850227	0.0258118135257299	-0.0228019261804623	-0.0504128279094172	-0.0588656801456765	0.0862456621272154	0.0715149177016637	0.00682803122687035	0.101326133361393	-0.0121389646032936	0.0279135878891877	-0.079408642422017	-0.0377133043857355	0.132930114177435	-0.0427669975888683	0.0168712173077484	0.0176294882689721	-0.0466004797558512	0.0111820004718671	-0.0315502434693493	5
-0.0269878258567543	-0.00016771919890218	0.0403205681503725	0.0662510098213086	0.0692376594921388	0.0230364376430143	-0.044548214517305	-0.0322342020671066	0.0494327819056199	-0.0232333350048107	0.0193157448928299	0.120741445172551	0.0316111626537744	0.00876314641393349	0.084415208852066	-0.0208560630541109	-0.00694825153050455	0.0966640094525156	-0.0739778227169852	-0.0100520783864637	-0.0901819587152924	0.0599733392574026	4
-0.0468635153357576	-0.0854835213235873	-0.0291602948739903	0.00489087390249792	-0.000784355714856327	-0.10159582919007	-0.0189944128261146	0.0141526845022049	0.0497577732175692	-0.016142069511649	0.115791896001205	-0.0410576343759661	0.0221385196675891	0.0226066124625483	0.038266813539043	0.00223561526008861	-0.0860450287762346	-0.0788227810586857	0.0058439457145305	0.0773534883323805	0.00488562662295849	-0.0422456714725844	5
0.0147111555249292	-0.0454858661421515	0.0117046331430588	0.0576322823356487	-0.0250963964817424	-0.0388909789659892	-0.034987324589681	0.0210233134318011	-0.0315126133979108	0.028882647771533	0.173436555973304	-0.0803772651223636	-0.0930886983268033	0.0262669514795392	0.00309337813929573	0.0533545873638994	0.0440182493808696	0.00970110139842387	-0.0862735428660201	-0.0246341059128517	0.064424443564531	-0.0119490395686966	5
-0.0695574749007006	0.093800743249536	0.0703298410041708	0.0231639358868427	0.0812287228521253	-0.0579987312145794	0.0380464170503601	-0.0777939735653591	-0.0681552490135112	-0.00567859334782512	0.0106605938135263	0.105202787708073	0.0435551820402376	-0.00362830080828982	-0.0728936546599517	-0.177560214873091	0.0460496097551103	-0.179179751843902	-0.00769828758563256	-0.01268990065172	0.0346642808296155	-0.0372693888335375	5
0.0673215318851295	0.0701728727296477	-0.164311522454902	0.0903191975395261	-0.0399937763550312	-0.0904136216527867	0.0142635576047188	-0.00389559962834807	0.0303889141723262	0.168298052924424	-0.0847318474051232	-0.0181746291124188	-0.0591148934989356	-0.0791442793033558	0.0502015695480421	-0.0172639169555531	-0.049222198943797	-0.0588996762668843	0.104589898380539	0.0194702686738713	-0.0104446907918783	0.00102366748762914	1
-0.0441874135854382	0.12635231929587	0.0626702766122191	0.144932468522906	-0.119437608681655	0.122842460221155	0.0923592859556611	-0.0321701962156213	0.0516955376720007	0.024926037335899	0.00936022302493016	-0.0201709808290781	-0.0188341067262663	0.135876406838702	-0.127479689977175	0.0279417172210164	-0.000815004497308779	0.0298660802944762	-0.115232040106254	-0.0744167991393708	0.0121142205013992	-0.034804367146798	4
0.0327351043817718	-0.0289904903198607	0.0812743847538856	-0.0869581182535362	-0.000500791011239888	-0.0109808908619493	0.0113693639457501	-0.0104300404086957	-0.0708128928501693	0.00593288024096517	-0.0152743717074226	-0.0678334860520264	-0.0317679759542971	-0.0290347309202309	-0.0197707051463883	0.021745968644621	-0.0693890565621819	0.0509127938399072	0.054455981604705	0.0804956010941606	0.0282723006649147	0.00169585699522725	2
-0.087532516201256	-0.0129027432731992	-0.0258618243273567	0.0636618238861761	-0.24594626200397	0.103012928068234	-0.233138323826483	0.101720029461061	-0.0590785070494912	-0.0254070511470453	-0.0296880728106967	0.112696886685168	0.0205880477493252	-0.0814866531784169	-0.0548240839050703	0.0711618986295343	-0.0482189277302256	-0.0711712368741456	-0.00600678083932223	0.0368393724332094	0.0569960305923142	0.0443679591442703	5
0.0665584309388494	0.0143473638381081	0.0773145344003008	0.120129013206109	0.00650272680154767	0.0188883310188099	0.0469109108700264	0.00309629044467653	0.0625969702628564	0.0242593060887149	0.0522340133392154	-0.0563994548582557	-0.0496090140885144	-0.0066996895386757	0.0253750714800506	0.0707689227872059	0.00752473130515791	-0.0385204408787775	-0.00781932756362577	0.00781207299534618	-0.0518076263185567	0.0536658931677362	5
0.0908259252935439	0.0664964328406289	-0.0615230252805399	0.0616785681652093	-0.0131362057515879	-0.049243208398076	-0.0764694391480112	-0.128075271963551	0.00617257038519192	0.187170973766876	0.137473359838772	-0.0808637599312517	0.0394355396899006	-0.0295049200426711	0.0129711893543003	-0.040559847095788	-0.117204403505787	-0.0575105708382616	0.0684140639540623	-0.0238505346518433	0.0432692589696044	-0.0885296846061737	6
-0.00890081850252515	-0.0362638841059722	0.0773219923712074	-0.0392544193229959	-0.0685699835876846	-6.27627799537346e-05	0.00363115988934603	0.0594850900216992	-0.00134814933231396	0.112442390910972	-0.0717731755940433	-0.0645988566678265	0.0593907787068518	0.0615852210579739	-0.0736854973211414	-0.0475135612754816	0.0196782700334307	0.183006680678125	0.0295280965560805	-0.0393166545705439	0.0583957568277922	-0.0218372475910323	4
0.111423929897647	0.0557652294409209	0.0116782599714697	-0.0457014303082524	-0.0812223565534235	0.0111756419784684	-0.0302917708688153	0.0118606125762157	-0.0461324496532583	-0.0162416728558695	0.0391573144008868	0.0937125364638862	-0.00376364738867578	-0.00380010855473911	0.0281375417569227	0.0683756915870478	0.0357267947141226	-0.0482218350307254	-0.0874900924130348	0.0563011820848154	-0.0339488113490741	-0.0370020627653534	4
0.0645542326641562	0.0206884361312988	0.0879408475556446	-0.0158694129627525	0.0152858929120931	-0.0235423986220745	0.0478516532974493	-0.0322983742492624	-0.0065292444260334	0.0593699146375118	-0.0361051232636451	0.0315130736700605	-0.0251306467954366	-0.00894279222814411	0.0656272801087238	0.0428473803143186	-0.055329499104971	0.0405997601289164	-0.00682803013235355	0.0335684757586113	-0.0570711357273555	0.0131709524662059	4
-0.0815592061215469	0.116043251916685	0.0586731082855945	0.0264562528145011	0.0649941580656392	0.0717820603322118	0.0626093217537481	-0.112501959587792	-0.0319324987094114	0.0730533970033066	0.0372613311704119	0.0573215154032613	-0.0581294756963163	-0.102304989988743	0.0348934421925075	-0.0706428265351558	0.0474726860329171	-0.023653012807201	-0.0663164385843706	-0.0107393591501668	0.0788130011038699	-0.0266635845177219	5
-0.127105507248494	0.0822397492872213	0.0170346675320032	-0.0455817908496049	0.0666742640375311	0.19809879140996	0.100693257356797	-0.0639483521935395	0.119648395599635	-0.0031034396712013	0.110348564643351	-0.0573236209602937	-0.0644475615284086	-0.0638939383833976	-0.0258695116948896	0.0241490163557746	-0.00238857486542002	-0.0511273448731883	0.00797186349795297	0.00409248424642172	-0.0389265064314637	0.0831072145181545	4
-0.0517613965247142	0.0440344895433606	-0.107719483372474	0.137665435202931	-0.19489886119064	0.148850470162162	0.0488551821832312	-0.261682513760948	0.071542514645407	0.158615415890645	0.0902282143573355	-0.0981121571740024	-0.0336827911923861	0.0569094282095717	0.0518978068910756	-0.078402642722717	-0.0996060283443122	0.0458335994399052	0.0499373124395477	-0.00827886789781803	-0.111179158437741	-0.0605083927657314	3
-0.0759889898784004	0.0376437564414206	-0.103276490016709	-0.0396759792118502	0.0105511043804985	-0.0519952027847225	0.0426507950249285	0.0455423790907223	-0.143417716876785	0.00167710892034474	0.182539780124769	-0.124669241332159	0.141030317668337	-0.0798470877465926	-0.0048434493901133	-0.0714040108935759	0.120299317647061	-0.00131782422652958	-0.0802516853159028	0.132981402300301	-0.088065488594327	0.0411894945552771	2
0.00899489882411123	0.0676855033638352	-0.0661098282876289	0.0365604031831764	-0.0242702757506233	0.102632672248774	-0.00463673557073193	-0.0544085847435682	0.137130744807466	0.0191101981829287	0.0129988252370648	0.0193101937561287	-0.00299031944620993	-0.0246966480371687	0.0565571988335275	-0.0380558962353773	6.39070612959943e-05	-0.0140289579677391	-0.141273700473422	0.107477892596956	-0.00593521452148558	-0.0374174041574321	3
-0.105062925564853	-0.0783508191480877	0.133390868049317	0.0825255605267932	-0.0088238736929703	-0.0370782291096173	0.0179834313269678	0.0740824300575173	-0.102867079603945	-0.00677012789841535	0.0152589738758051	0.0612307487092843	-0.0250330481109455	-0.0271423957504683	0.00418903645257932	0.0491681545851985	0.0630502428195658	-0.0161262945238474	-0.0380965632536297	-0.0488302701477111	-0.0193728832077146	-0.0329430881360591	4
-0.0864535282980372	0.167212822867522	0.0604315800682584	0.0281522716791672	0.126522247526677	0.0273462602195642	-0.0466935822483554	-0.0435976372762353	-0.0969415877765631	-0.00418779293766721	-0.0385844866942355	0.0968548641613966	0.0677110403267706	-0.0603630816710054	0.150923428432346	0.0411553324715388	0.0210735246936634	-0.0421045988081659	0.0291164209003052	-0.0309653451197718	-0.016657606594516	0.00885825264027713	4
-0.0623777870452156	0.0307245784233985	-0.0959332454321734	-0.0262469918767229	0.0539028214816889	0.0040509527038591	-0.0759169599819638	0.00869169229286732	0.018031573220345	-0.0286370286006698	-0.0542700236472596	-0.0903337079442082	-0.056988703495811	-0.0874052848649252	0.0318626211630654	0.00828848674459201	0.0146539255525349	0.042066030777435	0.0311679671474363	0.0751210073230454	-0.0459931431231454	0.0606036461256163	5
0.0246825669355934	-0.120256245673575	0.00468867196054878	-0.0572002316685431	-0.0308102058652224	0.0125028361292122	-0.0420774676712441	-0.0870526149415035	0.0525869893293513	0.0161529800345358	-0.0180045434921641	0.0812880563814305	0.0697578201356859	-0.0229775924256094	-0.00770315124460448	-0.0372635138451334	-0.10445627220335	0.0366357693837539	-0.0295853253078874	0.00655848839689264	-0.0197498954784009	-0.0239707274748473	5
-0.0239417056092016	0.122843333169676	0.0363672786686486	0.0140290021701473	-0.0258387546102497	0.120801191642628	0.125130680618096	0.0483887525724541	0.163743917220492	-0.11185256531295	0.0351474499998017	-0.113679826638535	-0.0897035899802949	-0.0413301425950543	-0.200023270755961	-0.0539096960798963	-0.0372599783409297	-0.0653335469852341	0.125348783216247	0.0283375499300742	0.00186704350385969	0.0285555260015926	4
-0.0192416969719348	0.105232879793876	-0.0360511372502424	-0.109470979505671	0.0468357076100095	0.00491818517891398	0.0204817642887558	0.0840671095785746	-0.0334412706089412	-0.0341925288480505	-0.0175258133572552	0.0110101963801797	-0.0757649199688143	0.012561013210938	0.0210282070574594	0.0327296599493824	0.0830114539588584	-0.0448399876713814	0.0626449907177563	0.045502380585188	-0.00625922232518032	0.0474070337349277	1
0.118006304526899	0.0423608879721188	0.0348378867105118	0.0814165944906742	0.0500141092990505	-0.056516542975354	0.0185401426622032	0.0599000256939258	0.0885081024819352	0.0369820244049956	-0.0429384474002974	-0.0137093126486935	0.0158955801316504	-0.0121582198953762	0.0111586310398354	0.0123017133872407	-0.0626338148945568	0.0122166094323646	-0.0328427522148795	-0.0107308429074611	-0.0689614156913385	0.0713802574540557	5
-0.0938747192940077	0.153622625624498	-0.0275226731741196	0.0169135976822023	0.168435150973006	0.0181042780652094	0.00244685031693182	0.108569308757384	-0.0872020888587742	-0.0503174812727437	0.0813585276870745	0.0103470605920127	0.00784828553538901	-0.19475498512682	-0.0159401047174738	-0.00418260156470719	0.0610306349436147	0.0191380360885418	0.0757292928547816	-0.0949984617652641	0.121061184475982	-0.121958210345252	4
-0.0285437354165571	-0.0830860136977106	0.0308371405094379	0.0291227307464942	0.0556378304505583	0.0418149034483338	0.00652681471215712	-0.0786249369647002	-0.0190134735537935	0.0285912088870927	0.0218369772538881	-0.00893661496716425	-0.1513831515384	-0.114852895722748	-0.0291754166050686	-0.153767071024918	0.136765025780022	-0.0834812266678226	-0.0215289724367118	0.0975161643795125	0.0537342546679534	-0.000878519657207269	5
0.0883903744448351	0.022730330665071	0.0090542819450745	-0.0904913506463705	-0.0833214500643964	-0.0185647547320909	0.0559082618326199	0.00462124621557672	-0.115409650234382	0.0392546547156813	0.070697897167392	0.0805410811556102	-0.0933305840346161	0.0356250775588481	-0.00170959305246908	0.0231605130564254	0.0326356658463341	-0.0154921897012261	-0.0934952395403904	0.0327308783387694	0.0245650498663371	-0.0755424769011924	2
0.0100877144681533	0.0357831141577934	0.0901323689161519	-0.059717859705383	-0.0836316568779666	0.130610008206782	0.146211216330213	-0.0398285366370703	0.107677025000503	-0.00837279673107679	0.0767670071780278	0.00384093316147984	-0.0255964153925665	-0.0388000492364794	-0.109220175301664	0.113322139413161	-0.0156722899435604	-0.023740676303686	0.0875390365591033	0.102418019040176	-0.00578028525244738	-0.00372409419187271	3
-0.029708284909198	-0.0609454056605128	0.0143838561190477	-0.0576364867482938	-0.0025420464215681	-0.00585989565205568	-0.0771034451390339	-0.0781023903550587	0.0195582347069628	0.00386707014695553	-0.0393513466773548	0.011612931888449	0.0156563261606464	0.0171961820101258	-0.0527872939221406	-0.0366040171111925	0.007985897691648	0.0306175298190648	0.0625719374707265	-0.0236136628866846	0.0540713488648131	-0.00821918349707104	1
0.0187371185105046	-0.154173418126025	-0.0694908985734643	0.112113161999041	0.0523334943113563	0.0518153663055618	0.0782227118939236	0.044420659417826	-0.0410717951636952	-0.12655286843398	-0.0130388626779529	0.076777565675996	0.0300847735673167	0.0130311260370586	0.0404173254724825	0.0244599726340324	0.0121442108096931	0.0313408295031321	0.053439264658642	0.0805386181300103	0.0299018588848981	0.00775455820085701	4
-0.111449128661605	0.107113649023949	0.105218654660901	-0.0126669338483223	0.160425276281153	-0.0609901100761589	0.0693483419802738	0.0557399717058264	-0.122800013274982	0.0929128609775382	0.0525643620330141	-0.0252351924890803	0.0361837491299821	-0.0180195468305052	0.0471025522491048	0.0680803463131368	-0.0135154794688768	-0.114295413077836	0.122325117565185	-0.0131525311011683	-0.0319658893566099	-0.0434889531178482	4
0.103473335818328	0.0549922807884918	0.0265612808262022	0.00365382185158988	-0.0443235513795229	-0.0378658916069278	0.0319690761110855	0.0656752793926062	-0.00691544984501015	-0.0346028745013267	-0.0763598997799261	0.0242149777479246	-0.0568441594386123	0.0250841419266688	-0.0161043070586633	-0.0352069008361742	0.0337986388307022	0.0600782360955556	-0.0118358437207816	-0.00376199338341992	0.0336492371333068	0.0158386292279677	4
0.105603770369882	-0.023279512432416	-0.00269795747866866	-0.0559609056968327	0.00714251309393741	0.0753529034017418	0.0242550697414165	-0.0295494680383214	0.00235163516375368	0.0637143440011921	-0.0307829120565641	0.0524840582054809	-0.0487434295246335	-0.082479726103457	-0.0122388691854643	-0.0869446546732091	0.0100058134852264	-0.100190490716328	-0.128670783860521	-0.0289224798891428	0.0169293762247489	-0.05629858932614	4
0.0626197912037401	0.0643097817749021	0.0258792389205151	0.0258169445214139	-0.0617548311567967	-0.0916025255138897	-0.0229199322420767	0.0111120161623669	0.0324190828626065	0.00015036938399268	-0.0177693414321285	0.0408053303367008	-0.0265687237269851	0.0389710393308932	0.0543613214536941	0.0322176930832948	-0.0097193355460549	0.134788869721508	0.114573570229405	-0.0408075905026374	0.0129632177500055	-0.0800895636328803	1
-0.0687701358778564	-0.076885963712852	0.112815953195026	0.0248810687588624	0.0310502183970348	-0.0922547985488263	0.0117537226025359	-0.0437608169180524	0.0271147246775462	-0.00171294341578327	-0.0862445732794801	-0.0179957523935183	0.0163962044177249	-0.0291215370629069	-0.0485809776692468	0.000768745473913488	0.0273204729663129	0.0550996829299371	0.000765424320325172	-0.00120046580253108	-0.0351578428023667	0.0517969906973478	5
0.0773067454102663	0.00790359009033356	0.0236490587357829	0.00558462254593715	-0.0747415254586899	-0.0253078405333707	-0.0485515165138474	0.0191861535689765	0.0260748718924194	-0.0343341520652363	0.0125276944775755	0.0716747848140449	0.0147527526656915	0.0150060866351199	0.00385961692510029	-0.0492615508175969	-0.0634929505667354	0.136100120084125	0.0967558302632623	-0.0525048304300448	0.00693141879381418	-0.0371958350236672	2
0.012520258503507	-0.0381669096653279	0.0599393711629832	0.0309747210008154	0.00633886110352242	-0.0414711902997004	-0.0910039218567179	-0.176063362520365	-0.0197367924521395	-0.0207056609233497	-0.067307357184864	-0.101610896680342	0.0400475552033872	0.044558811492131	0.0389049021838676	0.00153446055153977	0.0235998499467804	0.0814580561921383	0.0118115890764723	-0.0369223507744411	0.0357136544320924	0.00532419091233248	2
-0.0101567073467318	-0.0654392267097083	-0.0835402930563905	-0.057547563483147	0.0106283795961205	0.0451589851995962	0.0464596608247773	0.101056672998277	0.102295398864902	-0.0371794861296248	-0.0434612379256174	0.0162328331400477	0.0390254877441295	-0.159184440722942	-0.102602029209881	-0.0792936402501692	-0.0971991102455173	-0.0113815189321299	0.0469251168350583	-0.00691147030543225	0.00451906031132063	-0.0626622565704517	5
-0.111486690266224	-0.00906139051570302	0.0946070909431668	-0.0808223564773621	-0.107882500983894	0.0473183620469316	-0.131696985674027	0.0384363314725252	-0.0345999809738751	0.103490850823951	-0.0065172441390479	0.0297359018204903	-0.0748466662262678	-0.00837675831905644	-0.00572113167003109	0.0588014269828575	0.0441088671046235	0.114137629168053	0.0128821428808224	-0.0279052653469388	0.0286748076074009	0.00208975845977453	5
-0.124351854746923	0.0680953914377305	0.0235780925340735	-0.0029929996722378	-0.000339293274106049	0.0139358222052332	-0.078307095454978	-0.0676420900560825	-0.0090437018993676	0.0629563587344257	0.0762588240578583	0.0826528186304038	0.048940963061314	-0.0444252292479669	0.0598808502142544	0.0294252226651268	-0.0613728558837828	0.151278889629518	-0.135861293912088	-0.0752472289550261	0.0265910534297268	0.0842568629216893	5
-0.0738747171540455	0.051759434274884	0.0963718218438621	0.0723837094635383	-0.109720833968199	0.0902387752313846	0.0715501350426899	-0.0997207728209554	0.175303091828745	-0.0692643620388508	0.0821205685135571	-0.0368352328457155	0.0127997104345537	0.0743084563669033	0.0166389320781527	0.109755646597128	0.0587523433505533	0.0354550229240203	-0.0242025061487744	0.0519435245081988	0.0488495549914802	-0.00456711402889108	4
-0.026618742376426	-0.0257567440142972	-0.0816789623777481	-0.0801890313904437	0.0646904048512348	0.0496907681079801	-0.0698559490158998	-0.0253263064942451	0.029234177859101	0.0362112939156239	0.0471821161594288	0.0508392081182962	-0.0456820514826797	0.104184005559882	0.0155638373395744	-0.0337335459837382	0.0532652111287855	0.0870203324879388	0.0567318163701636	-0.11293989142392	0.00639593919654225	-0.0188072028216541	4
0.0354010415125949	-0.00354356543048517	0.0824913129544722	-0.00988579034492371	0.0645745700671165	0.00308920919556826	-0.010213510643029	-0.0183316105521904	-0.0166068969798354	0.0432141616336594	-0.0286800458866525	-0.0253064180338831	0.0165687720634751	-0.0164598191439712	0.0286912009418572	0.127125439592488	-0.0668810868446089	0.00193545530750284	0.0408040855935868	0.0758232608406981	-0.0477028302378124	0.0271458045472098	4
-0.0503310467419653	-0.165792557581976	-0.0639627205343628	-0.026336700866449	0.00990244551843264	0.0738882647215567	0.00952284214321608	0.068613892524436	-0.0118675952740932	-0.0637233595201819	0.046726423765317	0.0358609576633902	-0.0107690771206911	0.18705398702771	0.0703724108782095	-0.068629628233062	-0.0400996573407552	0.0784583403213798	0.0472854015983408	-0.0390136284374729	0.0355414712259194	0.0152990657346762	3
0.0806863768322833	0.00714784804413401	-0.00441803757217479	-0.0192971959761803	-0.0430639429989617	0.0330330206290803	0.037125369927774	0.0834584844947388	0.000972848280154669	0.00579749129972431	0.0382858415831616	-0.0215894395129724	-0.168448140804485	-0.0308689574502014	0.013536732046544	-0.0508057434498447	-0.0113801397422892	-0.0109783139078766	-0.000406495994456219	-0.00712017379797119	0.00362105099376224	-0.0308892883711128	6
0.00613105030084376	-0.0569505309853081	0.0766218892389603	0.0332391940744204	0.0573892110731299	-0.0220834221238096	-0.0331894855095726	-0.0680017914324618	-0.00506595487436786	-0.0554281730240798	-0.0440496517228069	-0.00468447724986404	0.0118294597102027	-0.0575902732913526	-0.0246286001569584	0.0283577277292911	0.0671171293066385	0.0497701596660183	0.0301601522749605	-0.0656773560080261	0.0430353392856065	0.0658499260040758	5
0.0980559584716333	0.041203326530179	0.0227683206806174	0.00527801243862563	-0.0933752593641535	-0.0212692085188319	-0.0594420098158672	-0.0279720216094908	-0.0196916267727841	0.026810449565922	0.0230870131915562	0.0619333124981794	-0.0724404742465407	0.00509380088667901	-0.0311479402135208	-0.0704943022902305	0.0650722927224207	-0.0576151309163565	-0.0765144068851462	0.0631151055701652	-0.1276506152029	-0.0400553925049986	4
-0.0200373756330096	0.06248968037009	0.105946696489551	0.0919938294699092	0.0310498403850049	-0.107479110555871	0.0662548631623402	0.03212112367083	-0.0485634997373553	-0.0198164292357509	-0.0543598539951261	0.0526864360223782	0.0058057283376391	-0.0719999818406071	0.0167199744075414	0.0083489492048812	-0.00842478025706911	0.00242041725467579	-0.030974597111252	-0.0858468106960519	0.0193267627783468	-0.0432632374620638	5
0.112134383624996	-0.0714411480409735	-0.0120094404919273	0.116563298079204	0.141860878256716	0.149021445139593	-0.0274877495755231	-0.00595588038966696	-0.0784074415736104	-0.031950632066804	0.0388544431399302	0.0981436388872401	0.0301488480058508	0.11395408894218	0.00709038144387411	0.0216821905025901	-0.0456116233455714	-0.0732145432486594	0.146837413945131	-0.0213730712323727	-0.0331087528394499	0.160655214536059	3
-0.038660878590615	-0.0724319818999027	-0.0576344303970248	-0.0174430598850264	0.0794263822241753	0.0623537478489596	-0.00173520901383609	-0.104077414541942	-0.0435066836312058	0.0645295315855613	-0.0872222484798665	-0.100034774179123	0.0700410556795414	0.0337794586744494	-0.0207765487736215	0.0665225555546996	-0.0418963102807962	0.0698037427703138	-0.0304349710768333	0.167759745891637	0.043828881278927	0.028710919632878	1
0.0433576916985744	0.0356179118542627	-0.0403991920190861	-0.118488768401055	-0.0577671070378719	-0.0464751693011275	0.0507913579192542	-0.00744288227607874	-0.0678397428594594	-0.10071658731362	0.04285867585869	0.00142554151703762	-0.0619565187252849	0.0471244854523033	0.0791453553524876	0.118895113042766	0.0761088994415055	-0.0412048231162521	0.0367083206856745	-0.21716747468816	-0.0630768303305452	-0.0249959590561759	5
-0.00916800539212095	-0.0505541807277352	0.0910383784173634	-0.143458185031461	-0.0511712996713768	0.00145260098939504	0.0746537526344555	0.0731818513354722	-0.0790406093031817	0.0757415742255635	-0.0296706365414944	-0.0296762479603889	0.0878901257592608	0.0237600400293768	0.0305872603429544	-0.0939735229923385	-0.0217702748089321	-0.00802785207576847	0.130693929130023	0.0591441185706549	-0.0822002932260507	0.011953355204347	5
-0.0315084007806557	0.0955025061003589	0.127217043097543	0.0639689638609635	0.0476157740835742	-0.012936532440704	0.0668102672383909	0.0135882519860912	-0.0331246481666981	0.0585737492302014	-0.10669597399444	0.10064676977278	0.0549757953100608	0.00393522670049037	0.0307099166109298	0.0453198553141095	-0.0426969381969949	0.0475837757831525	-0.109639224168107	-0.0713116435007007	-0.0409340791912437	0.000178703466493034	5
-0.0364949904603419	-0.0994506603187516	-0.124351653572339	0.0688508888853853	-0.0708640533194199	-0.111924959093144	0.0839138011853657	0.0377207852947015	0.0721195740338012	-0.0439314675415736	-0.106140840036974	-0.0156699760966315	0.0854343093152327	-0.0657824798423013	0.0364081269634132	-0.0339374207925329	-0.156308838091098	-0.0514375853139233	-0.0337353219799396	-0.145721007876977	0.225692393320935	-0.0275676123706004	5
0.103013360358672	-0.0420347109566891	-0.0384716259654511	0.148686150533823	0.0459491981381613	0.101143495912404	-0.0399399922013035	0.0423680970085927	-0.0564127213754819	0.0494152882688392	0.0805740987244528	0.0404927675149688	-0.0798476787319025	0.0373568402302086	-0.0817841433043141	0.0024661740046483	0.102742304452138	-0.0159914632326631	-0.151631574705521	-0.00173455152342217	-0.0116127396452128	0.0344815724423586	4
0.0824583622643445	0.0309069561085177	0.0144493244794992	-0.00233270973482998	0.0154655822485127	0.00920625016724863	-0.0376692613691169	-0.0905313380655381	-0.0132952620913999	-0.100936742463136	0.00128836305655893	0.00935607989003648	-0.141484625736811	-0.164035965607389	-0.0556884261226747	-0.271551784812513	0.0488731005258719	-0.00907417069744592	0.0629730966877359	-0.016732084926089	0.00500155980225726	-0.075194090429884	5
0.139609016076943	0.015429339230672	0.00984299634414978	0.115920711973945	0.0629405524139582	0.0223280504681603	-0.00383227841347206	0.0791430907214292	0.0121149318295244	0.0292504876350516	-0.00951574026412255	-0.011540549566705	-0.0155290185522956	0.0988053601751819	0.0167082990768265	-0.133087651450161	0.0187903124165537	0.0179498182026082	-0.062616969201458	-0.00142875297225972	-0.0322746688562883	0.083755915105939	5
-0.00861651114904505	-0.127410570165867	-0.0151614251212177	-0.0815218053268812	-0.0153568124409568	0.0166226900530995	0.0882671441295895	0.0377182584572956	0.0458204584364977	0.051497124062833	-0.0175534505879051	0.031697857576829	0.0271684919356885	-0.00955959396029525	-0.0197886673380425	0.053791593439766	-0.0888468391904622	-0.0844137170418414	-0.132244495017399	0.0390047658199896	-0.0198488268838709	-0.0280045162133081	5
-0.0138544038101791	0.0111139060760762	0.0976170014798429	-0.0612187378367764	-0.0336014952398113	-0.0110234266159209	0.0624956458230394	0.0608782878733603	-0.0226600856653749	-0.00624896778260626	-0.0936963355192242	-0.0401672928415059	-0.131027802908422	0.00356036949180336	0.0383311231721765	-0.0448049041986178	0.0687649455054681	0.00693498765337011	0.0798669927604616	0.00324927009337908	-0.0210467467893143	0.0208770106949605	5
0.0163595770981858	-0.0452739720693361	0.0408009738009599	0.0347470400710352	-0.0265525702679557	0.0630321752592693	-0.0752421622266291	0.133624814908855	-0.0477811526269445	0.0846975742616916	0.185543771873473	-0.114370021030274	0.167020165269738	-0.0620951172516349	0.0775039973508517	-0.0264878446030469	0.111720254961995	0.100288657257663	-0.0381327652240576	-0.0836082086035197	-0.0370355250826351	0.0989850381446055	5
-0.0422069005258473	-0.0921793199897781	-0.0375764302617675	0.0559791921263661	-0.0290776524954137	-0.113246495834572	0.0828811326681864	-0.0819057862586696	-0.0700076619894258	0.156526165158179	0.0700799400683867	-0.0560984789624515	-0.0588503662752464	-0.0154241528326703	-0.0215010646800328	-0.0739794661574573	0.0395878620685466	-0.0481126123399937	-0.0209469992652753	0.034035570176768	0.104338576662631	-0.0833531829624272	5
-0.0120859468681594	-0.000823395724949038	-0.0239394308074784	0.00958843401486926	0.0839697584431609	-0.00114173929313478	-0.0431561615911204	0.0579534991741532	0.138728457063551	0.0736783017235747	-0.0426737991636307	0.0157674898184301	0.0577579270453668	0.00840346204284438	0.0609528291476282	-0.00384918987814722	0.0146019893168702	-0.0903688218231202	-0.13140816377553	0.00107211912518934	0.00598139854000492	-0.0871300681988599	4
0.209737868558266	0.132428051686966	-0.0356234087352945	0.02479375314711	0.0259361032920131	0.0377669195481968	-0.0473994336446762	0.0452754172558417	-0.0242342916450132	0.045679728758851	0.0463503088734445	0.0490688201245577	0.0188280791520062	-0.0798639080468519	0.000534193556121332	0.0722412230913343	-0.0212667865322262	0.0164548941292241	-0.0944506622928823	0.082708676353203	0.0428942237841366	-0.0540559206583689	5
-0.0705047752231696	0.0269746303872149	-0.00908538394660155	0.0400481519107769	0.0296956712405357	-0.0596522982824002	-0.00419897062759354	0.0782510507101246	0.0466368191200202	0.107226227058149	-0.011313073642117	-0.148837325091158	-0.126150680523736	-0.031694465143748	0.00314180966139327	-0.0425259231082732	-0.0295575954005565	0.0130234058051107	-0.15289347109625	-0.0827065145899054	-0.0106202662992814	-0.0333721500376727	5
-0.0296108795385788	0.0579099007580822	0.049429224064325	0.0933951438582226	-0.0479322530957495	0.104788535134546	0.0837643427702341	-0.0311911209797952	0.190832478172943	-0.0342683110803817	0.0290862745944755	-0.101712776772689	0.0344863863038455	-0.00797672280725532	0.0995663634802954	-0.0311489488811816	0.0573845490275905	0.135041715200934	-0.00509654613805476	0.00844431256393301	-0.015534053121266	-0.0230368923707137	1
-0.00619555093654231	-0.0899375241814297	0.0455196996468302	0.0772818506749882	0.0598467682103306	0.062441199977447	-0.000911845437339399	-0.000149291950753054	-0.0569446271950664	0.0647167774264301	0.0184213549113649	0.0249858574094588	-0.14047740017265	-0.0502506955750506	0.0241906229765336	-0.0276273362028872	0.0168281642910466	0.00930166620258195	0.0486494943904579	0.000823268840833582	0.00869114781740293	0.0661558253488396	3
-0.00104485642180984	-0.0962704831203314	0.0411763747428611	0.0276512896348208	-0.029212987468091	-0.0248190347306986	-0.0139781091415686	0.0425301201563586	-0.0168285156982546	0.0667527017835089	0.123936704365342	-0.0200798474796636	-0.0313900135014137	0.0155474654974453	-0.0298076726174872	0.0462789818228532	0.00589034534898578	-0.0273336958490256	-0.0343387674695146	-0.0337194158529889	0.0484950070418254	-0.013745201767715	4
-0.100372646558378	0.089552928518158	0.0537833321878939	0.0454010541380551	0.0225257636604906	-0.024603149542876	0.016381648183179	0.0396783652529854	-0.0781490514185675	-0.0562101769004807	-0.0946558050184017	0.129087400737319	0.0376167105008062	-0.010249858852902	0.104999593671571	0.0464440175894119	-0.0681541245374233	0.0805190629100654	-0.119330286694728	-0.0239002091785589	-0.0312037938047741	-0.038238315753076	3
-0.0401736465455677	-0.1102804894301	0.0686038831121728	-0.0271470855874363	-0.116428039794433	0.0947968852388928	-0.109938994300075	0.0034009952062537	-0.0418709096770817	0.0374252801935692	-0.0423231085413561	0.100636954786074	-0.0342299569270891	-0.213499063038004	-0.0903535377093421	-0.0708720667455934	-0.0386066972024386	-0.0137993238702072	0.100888955201924	-0.0630897295904735	-0.0930830781638453	-0.0270944035035033	5
0.0162597762709291	-0.0386900203524732	-0.0121616557424068	-0.0435961083147684	-0.0170338797463012	-0.0744962434920173	0.083322079022203	0.0245081257543623	0.00448148985526621	-0.0991316732780777	0.030256987287156	-0.00243237116722115	-0.0190919809989176	-0.129214912498104	-0.00336731882805358	-0.136068999101936	-0.0397766316395851	0.0542365872450721	0.0218732249362501	0.00852411398744037	-0.0159657880535745	0.0900602883620536	2
-0.0420391719047387	-0.0612442367367414	0.00297813127687679	-0.00795111651161335	0.000225658096292208	-0.028684297078835	-0.0521005532710032	0.0259406623859377	0.123514799766427	0.0393397838669471	0.0113942044207309	0.0855633452522308	0.0543899784761349	-0.040475128211987	-0.0492206478697285	-0.0332093712926724	-0.0109096548275771	0.0338205526738396	-0.024426430344889	-0.0222869786215049	-0.0216483787628994	-0.0146121946960555	1
-0.034587603970145	-0.0478989996137334	0.062387665817035	0.0569395159275092	-0.000678304609083108	-0.117827525126168	-0.0526905528174138	-0.089558209931501	-0.00141583469843084	0.0130016503430302	0.135942246756944	-0.011964281070974	-0.00841000073499097	-0.0927658683365739	0.00704174196486123	-0.0367915515841779	0.0113172407138069	-0.110280693339772	0.0472599839460373	0.0492379708876045	0.0865895483163978	-0.0223385344777823	5
-0.0223328986297791	0.0438803569819955	-0.0160634186728992	-0.105401239609054	0.0440512392238015	-0.0212422716874399	-0.0539327644475752	0.0343848419420619	0.0304820706098332	0.0884973089100561	0.0314139232028045	0.0354831438241859	0.0110970664220156	-0.0200056475306812	-0.0642950019096594	-0.0133051244376275	0.00636689476394498	0.0419031022384215	0.0577651182299101	0.034123483828638	0.0103398418203261	0.00802506642041602	2
-0.0401208124217842	-0.133360886081622	0.072133299168087	0.00107281196663477	0.0419670298074977	0.0112305766249256	-0.00988052468985407	0.0304633288644024	-0.0263775358070096	0.000415684318264704	0.0304172767407287	-0.00446715339963542	-0.0273361254346607	0.0185225179883285	-0.00408365106130783	0.0292955591161567	-0.0370259947540871	0.0350652492302874	0.0174224512338957	0.00932723494005394	0.0666778774496381	0.0544005354848619	1
-0.00177324209163335	0.0405578412410687	0.132944575620812	0.134430780637622	-0.0492297599154423	-0.167532928345486	-0.0058638825957627	-0.0184891524294466	-0.059096106770847	0.0238045723529578	0.0850328930224876	-0.0124161167881606	0.00937708903551351	0.0231751222058245	0.0341705130277122	0.0133982367611464	0.0604260794046037	-0.144169507705994	-0.038225476690266	0.0167018690085779	-0.0292307961098829	-0.0399515825938465	4
-0.0211335169641712	-0.128680248802612	0.0567274197803598	-0.0500161359201872	-0.0255362089325063	0.0518914482772525	-0.0386406551914313	-0.0177395914261182	-0.0404869883057219	0.0252298404578854	-0.0426547962339669	-0.00139886780668098	-0.0439958813312412	-0.0780189086003137	0.0733705578737068	-0.0351114107252427	-0.159578303398837	0.0161794983688856	0.0272828078792822	0.0401223404714924	-0.0576625743011746	-0.0682322651363009	2
0.0511014888271028	-0.0174033775809832	-0.0312006666034791	-0.0850523736986849	-0.0284683395560847	-0.0256803900594202	0.00395818391951246	-0.0986629353766949	-0.028556152833912	-0.0447948583238034	0.0342055730975655	0.114866874596974	0.0267714328686273	-0.150736477053518	0.0156972274927422	0.00942532820156033	-0.01909995213872	0.0362607418959711	0.0753547355595629	0.118666211795398	0.0225649024132459	-0.0194852572378385	5
0.0491658530999864	-0.00720301349665151	0.0157494332737746	-0.0127017249366818	-0.0401379187972732	0.0702370992333636	-0.0850026549564618	0.0110964700271745	-0.0410135836329889	0.105869502322927	0.0128609483070852	0.000193687567983509	-0.093482960868077	-0.0657467603590838	-0.0586212349014382	0.00722531693844498	0.0221081189576506	0.215234306559387	-0.0398303294815315	-0.0358793285068419	0.0448389712908591	0.00916652087210779	5
-0.0327539614248203	0.0365842174521604	0.0131818010145734	-0.112255404592171	-0.00122588727661858	0.0577698081975547	-0.0660925930931452	0.0169121109801812	-0.0133454293758639	-0.0228877826182259	-0.0225633903747872	0.0253336200633706	-0.0272969699741339	-0.00229400152134148	0.00608825297059941	0.0192559616438361	0.0119262881037646	-0.0680204646150293	0.0626269337841921	0.101146861796141	0.0489726566529033	0.0240922650891014	4
0.0498188280573026	-0.0870943252728411	-0.000169620093649947	0.0280798561662771	0.0207331314312512	0.0322441914102613	-0.032724468202251	-0.0510752187732925	-0.0125890543209686	-0.0312572793421318	-0.0632791772414195	-0.0156348766893993	-0.000733810628732566	-0.150261536019062	-0.0425058558893784	0.0218527133423208	0.0973319397545394	0.0492750693815401	-0.0146142586183196	0.112032513273929	0.099197430068086	-0.000357103442023773	4
-0.0133364450069254	0.0694437830405302	0.0016985517784886	-0.0592607575434783	-0.0595497930775201	0.141547965079438	0.0856433134372833	-0.0788637878882755	0.0724305992411862	-0.0759519776875536	0.108836727898301	-0.0663106538555551	-0.0600172285806036	-0.0325063661219342	-0.0323418148170633	0.102890761596796	0.0309930522976148	-0.0228080249762678	0.0463424997953651	0.0225435515287179	0.0780834739912291	0.0132570044745349	1
0.0334610639577175	-0.139149635630985	0.0876552828318997	0.0219946717745723	0.0478260395283033	0.0837111163750677	0.0782043089326679	-0.0273327107368855	-0.0339632742276336	-0.0396262749328951	-0.000192195791005957	-0.0119869932532249	-0.0961925455549722	0.0381323163709831	0.136646234016326	-0.0133627037157622	-0.129629293962681	-0.119363493110267	0.102007290380532	-0.0156267426384637	-0.108004476162652	0.0754695238223648	4
0.153243491990716	0.0485477496759131	0.0185325670916425	-0.105276099094727	-0.0737769107758127	0.0863216694522309	0.102643474738201	0.0850309712752834	-0.163895167210457	0.0191817657581632	0.0404866019750635	-0.0596478762496705	0.387664151758974	0.0126327515196651	0.131230340742186	-0.190159085973072	0.0806783790732773	-0.0650463385672962	0.0204336361468742	0.0474677334172515	0.017079379679549	0.030723906974994	2
-0.114516360455625	0.112338420995277	-0.0621465564397646	0.0168295467104513	0.0577486268549792	-0.0574891068930499	-0.0344324664239949	0.0878963853639223	0.000593830322311998	-0.0936472676116816	-0.0574408285045061	-0.128919147698637	-0.0561756976798598	-0.0470031432615858	0.0512876509629764	0.000278328220389111	-0.0194850524605974	0.0392952238085216	-0.0731692076545371	0.0989384019540641	-0.0138746444102305	0.0423087863654591	5
-0.0635264941735978	-0.0519570731246378	-0.0702582268740368	-0.0260762389299219	0.108806821588068	0.0859288384190015	-0.0778468281486995	0.111783311147448	0.122914307611813	0.0386722140328873	0.0362809572239	0.0510686697625266	-0.0361664742745817	-0.135930537359608	0.0101379171212852	0.0449572041678731	0.0754581759536365	0.0503264158555928	0.0331204425558129	0.000658414235293323	0.00161027144166562	-0.00254324026793545	4
0.102139978653838	-0.0339988965139911	0.0463066909150865	0.0688288932273031	0.00947875645520171	-0.0512430692174465	0.0264874853306859	-0.037406724313574	-0.0293857375750978	-0.0841337861277467	-0.101271859460909	-0.0740403380824194	-0.0305293120406675	0.0381501280727367	-0.0429192604650624	-0.0733961684975633	-0.102445580565743	0.0305038774066723	0.0698843052320686	-0.0122596385120877	0.00638515463887042	0.0547972255575265	1
0.160443578187599	0.0860050168276241	0.022647634811436	0.00935952359387378	0.0174466323585769	0.0173449708356327	-0.0204924394406796	0.0215683911708737	-0.00543704731618029	-0.0414512253978688	0.0340990814036735	0.070579207942676	-0.0103452633572388	-0.0929303385544151	0.0206182455243519	0.0188648679636152	0.00505729088960041	-0.0396438101079693	0.0146881861205152	0.068257148605998	-0.0285884989052122	-0.000731640887861382	4
0.0645589240100864	0.033116427048086	0.00489480674184588	0.0536477880329748	0.0659380026465889	0.0268961569795103	-0.0588830900221904	-0.0270997199818646	0.0559370978168867	0.000346279021399417	-0.0682573195158226	0.0356735291604987	-0.0894312906488307	0.0495627799166586	0.127233721000172	0.00105431270156249	0.152909365315273	-0.014230470455288	0.0189515025548415	-0.0035080180258834	0.0186069037985217	-0.0309751039541546	2
0.0863035773242292	-0.0721720122605259	-0.0105474997637451	0.0402467263254621	0.0379975732591619	0.056490483703305	0.0533196602818294	0.0536473464008369	-0.00752601115330639	-0.00980059289492883	0.0163071618713041	0.031794628345946	-0.113671141630489	0.0620200643503463	-0.00424925025024071	-0.0942797100317783	0.0013536363976373	-0.0415395224066725	-0.0639601217279736	-0.0104168406993423	-0.0461380820539995	0.0414722937671268	4
-0.02950475170166	-0.0511116400672688	-0.0259865305483588	-0.0805334479256844	0.0183277723129787	-0.000903273027007336	-0.0337522390983894	0.0481818005282782	0.0949968633997135	-0.0307241688706317	0.00144551853376447	0.05000482104766	0.0314099075308802	0.0412862643335989	0.0204948503110077	-0.0237060336036971	-0.00702695677067534	0.025521050598009	0.000231852230191603	0.00820991169042823	0.021633006344301	-0.0493502318833068	3
0.0693562795373059	0.0431019340653113	0.000632571205771102	-0.0946144828538594	0.0201726641717512	0.0500517953670894	0.084648032758238	0.0577931677130544	-0.181511545530964	-0.112395662226161	-0.0111713985746635	-0.132576887229971	-0.122956166701637	-0.0724277152072108	-0.0496320292290756	-0.0122482452625108	-0.090969654397218	0.0276166828901784	-0.0427371466210002	0.0518629180182072	0.0891504768476559	-0.0316008634223595	4
0.0369743921975651	0.0159940142204451	-0.046507841013989	-0.0409858831754828	0.0317166357008191	-0.0386276977012093	-0.00163880540184724	-0.0219142337632405	-0.00669596063039225	-0.0865231299929598	0.0915987242862846	0.00629133884719071	0.0031069424726859	0.0286687854942614	-0.0369925589125044	-0.0668734558749303	-0.102072316117873	0.0330451612856208	0.0263090063202904	0.0266901985922725	-0.0201604305127596	-0.0035771758593236	5
0.0636958073805182	0.0281953068792595	0.0535463886082317	0.0570736322925749	-0.0203716654003878	-0.0897647606405259	0.0142281787947141	0.112140628973026	0.0757182194651427	-0.0386661216139831	-0.0193025949981209	-0.0527766419087761	-0.0281029677267082	-0.0472536440961226	0.0286958928291696	0.00713920713659487	-0.0963850834372177	-0.00230976627029371	0.0043889322348752	-0.0475982587768142	-0.0245752898360108	-0.0203214597910438	5
-0.011522785566059	-0.00130741743617099	-0.0191130270042711	-0.0708113000653261	0.0547915568439682	-0.0129004591764863	0.0159857435290526	0.109204337833869	0.040786824295289	0.0974785624671738	0.0563805183178561	0.0133179023219952	0.0574262451278058	0.120685736302973	-0.104230043962196	-0.108371705631209	-0.116833369687779	-0.0709073153427241	0.0135319051258199	-0.0423179728026103	-0.0137982497284394	-0.00152936417596541	1
-0.056104748056919	-0.0197320407043721	-0.0545266981570836	-0.0677276507201292	-0.0125058475484856	-0.0529615912325499	0.0507287702640933	0.00162770169336255	0.0771042647461711	-0.0870064502835544	-0.0174810034083414	-0.0573099200662443	-0.041550922867559	0.0447086200849867	0.00841573708338073	-0.0157094009568224	0.025466756839464	0.0345243240415934	-0.0216256305265056	-0.076542292666802	0.00415690411599993	-0.0120203371992471	5
0.10170156774318	-0.0305937491661075	0.0348254082583082	0.144667875192485	0.027825158262106	0.0670556435897994	-0.0947827050772728	-0.0116010483894488	0.079278729735785	-0.0338313304507719	-0.0750485277998327	0.0497505386229735	0.0203589456608781	-0.111859588352164	-0.0197527307001897	-0.034148509581762	0.0580563095465121	0.0182571729969032	0.0954003475451157	-0.0422236801566217	0.00225300142038187	0.0566241666590974	4
-0.0959869969961513	0.0826418635345376	-0.0316581865232242	0.0645536074415032	-0.123946387871235	0.0315489160918058	-0.209243279971965	0.0158344232811376	-0.0657108276037386	-0.138526103783887	0.0183816526774919	-0.0243932692573592	-0.0646756778403217	0.0658196190259267	0.0479251590617013	-0.0591162393363303	-0.0358992415308389	-0.130413823736679	-0.0842138989703407	0.0244386783768482	-0.00173520441563444	0.104735099013931	2
0.00599656658755082	-0.0361194569856135	0.0661049099545133	-0.0765251325132558	-0.0660219769947154	-0.0406295572423814	0.00128443488631367	0.0342484896318668	-0.0274724038341448	0.0139128304365204	0.000101806225641523	0.0140887954519803	-0.0529612344647653	0.0173902472021475	0.0444396005296698	0.0113843830394941	-0.117041235020005	-0.00033539479196205	0.055986025177287	-0.0107108966923804	-0.018851782219314	-0.077103541575205	1
0.0483329582391014	-0.129960024307401	0.0445749095748078	-0.00739464404405313	0.0266856181386524	0.0797967851522971	-0.0879456954244561	-0.171553922908679	-0.0307424275089584	-0.0665495694821373	-0.0516857486632126	-0.0204788437308018	0.0648157437821111	-0.0464503331330052	0.129503612607877	-0.0126489005608303	-0.133259683344389	-0.0518954369071072	-0.0162953431016719	0.000956923817507411	0.0405958345601144	-0.0810296284434825	1
-0.0987648578101649	0.0696134227893863	-0.169218974576968	0.0902765762916723	-0.216559147443385	0.0455892908482694	-0.206570275049113	-0.024759965276072	-0.150827804434445	-0.0356571820100288	-0.0112039227616128	-0.0518524885395394	-0.0528243791716935	0.0111187380648244	0.101618062801207	-0.00544015194427661	-0.224347633075595	-0.095933700295769	0.119837292516653	0.0196227882553359	-0.0526333087865739	0.126511668803926	6
0.0336832688961028	-0.0264928522389173	0.0128954995352333	-0.0727604013930958	-0.0266201302511354	0.0340967382098565	9.02933254333723e-05	-0.0607893326864869	-0.0237556792496677	-0.0915409787204623	0.00881222744303955	0.0617503993678858	-0.0897485503320391	0.012048127966924	0.0965929996502079	-0.0728414317331661	0.017482309880029	-0.0353824549041591	0.065434887030185	-0.0566915713892225	0.0494053509251544	-0.0560557456393613	2
-0.0100299909262769	-0.0441124458532482	-0.04751645331058	-0.172834922967507	-0.0078170059398826	-0.0212441118068681	0.0295677851909247	-0.0535783113361299	-0.0837124334956845	-0.051224746610959	0.14303120300117	0.0658804545923789	0.0126039024433085	0.070140381363693	-0.0881055875009832	0.016020383869277	0.0301710645174445	0.0779917025267237	-0.0442507419691331	-0.119810501253907	0.0217710967963983	0.0579358469786486	4
0.17285761473393	0.132534225446137	-0.0178222208027843	0.0696207623192008	-0.00940687102717993	-0.0135892597335614	-0.0851404167274722	0.00301758499134681	0.0730721406143626	-0.0374790118081221	0.0209037295567056	0.0798539832489133	0.094173524916797	-0.00466484715820961	0.0258618574730843	-0.0316592193795453	0.0279148467761739	0.0361914602752458	0.0935649125329495	0.010235227222506	0.0146502308035614	-0.0340288083439267	4
-0.0636493213842226	-0.0386417298742779	0.0804732910621828	-0.043560097412808	-0.221651559745331	0.185196835696208	0.054040651907621	0.15451483993781	0.00875494213822796	0.05886131706301	0.0383107073380738	-0.215120526105264	0.337987493417267	-0.0878007303357221	0.232255956476623	-0.237750134441222	0.181416052226577	0.0623972893982782	0.0426672781964935	-0.11003277858669	0.0457893638910572	0.0165807706407606	3
-0.0574451663076427	0.0554747691891186	-0.00145720521639123	-0.00373801855721625	0.0125961977547303	-0.0199276352515707	0.0559232882608537	-0.00157035469182106	0.115126525512275	-0.053028544551217	0.0478602836812409	-0.0453919784078013	-0.00748270645783946	-0.0761020437773823	0.0413816362534222	0.0337931934610867	0.00678717829618243	-0.0295009934998015	-0.0781054636150733	0.05203221332583	0.0808853487441551	-0.123756004927292	5
0.0491847929876519	-0.018162160646389	-0.000809597898631169	0.00825053370269008	0.0932307966189959	0.0372223324254273	-0.0366842977065145	-0.0880934416994357	-0.0232439659876733	-0.0570957551739146	-0.0496257852555787	-0.0335547833154174	0.0415651344531611	-0.0793616571753572	0.0763080397144711	0.0512518239346191	-0.0118256359931959	0.0586797675287386	0.015832134586162	0.0240449734433646	0.119931759829043	-0.0601376695202303	2
-0.101400141619019	0.0807432507432472	-0.0309315565160755	0.057430338308202	-0.125230302860914	0.0619451230684865	-0.181901126506903	0.0426734195170617	-0.00567409984136952	-0.109933353137617	0.000137866153270098	-0.0276813019993446	-0.00437495857627129	0.0585878207772679	0.0339748937263033	0.014964639691088	-0.0912471437122565	-0.110216784951292	-0.0298692547669161	0.0735888575697523	0.0472474070395916	0.105618015290561	4
-0.0905071788329299	0.0691543204234665	0.0449435589680297	0.00860554853372975	-0.103476013086503	-0.0100899018438602	-0.15310698450227	0.0150395666284065	-0.0445122750439363	-0.0883315296815143	-0.056394419101276	-0.0761913471481109	-0.102246089733817	0.0877327833760959	0.0587411553812421	-0.0215950516919356	0.0675037848473638	-0.0217103747039905	0.0612367464881659	-0.0126466694034329	0.0639956853844518	0.0938077263787047	1
-0.0159827474169961	0.0381370398666123	0.0118858812136173	-0.072863700916958	0.00239795167001233	-0.0291623880457533	-0.0650709942523618	0.0538542067737112	0.0709139276352819	-0.0268625629527318	-0.028969918519572	0.0182757588445927	-0.0547406076446918	-0.0624655532387095	0.0713602396746206	-0.0222892210091103	0.0576542288300767	-0.0960267573289086	0.0621807809401733	0.00233678106016942	0.0546296388035847	-0.0425747589566075	1
0.203888344254173	0.14174475045097	-0.0441368342628969	0.0294745018583036	0.0243126115461113	0.0271914175905465	-0.0441686989536607	0.0175513510490083	0.0648077580483686	-0.0617519062698711	0.010561355711614	0.0715239252924085	0.039438979149304	0.00645220895301844	0.00627002919012897	-0.0260380253179338	0.0260109792051376	0.00314896261815229	0.0406136794342554	0.00660665364171658	0.00915153884439163	-0.0654604034529021	3
-0.0977447927269438	0.00339963785081844	0.0345469272043251	0.124687022287772	-0.147494821521466	0.047500947712741	0.0904083528400163	-0.0790302717315067	-0.00333555333762223	-0.162504833159324	0.0618919550644362	0.152009769192651	0.110420171553826	-0.0201742481907203	-0.243491485299424	0.0392742521674988	0.0575713995619033	0.0143833574174207	0.036753200481887	0.117672707019193	0.0672080114099459	0.0319811072746644	3
-0.0132609014838812	0.0270862283186455	0.0248768339453578	-0.0750927258728822	-0.0312135804760765	-0.0508988726968876	0.0227140642125362	0.076885290297759	0.0260136935903418	0.0100685423112063	-0.0538689669130867	0.0259016820633223	-0.0298881184217843	0.00972394388587909	-0.0312900846204944	0.0397473353216152	-0.000225544206136408	0.064737023818334	0.0543628753422814	0.0401117076395253	-0.0317485604361087	-0.0127014024343894	5
0.060671503384505	0.0442780638240406	-0.0692476934797002	-0.0045955019748243	-0.0278781855317237	-0.0564101362032105	0.0364065228584458	-0.0655893383942133	0.0383974147648537	-0.0880280785441101	0.0465742081827184	0.0698924116992602	0.0420235395448831	0.0113942701961322	-0.0466781314983957	0.0351409723285377	0.0452186222957335	0.0850429407945686	0.0374866724932115	0.0269108565811039	-0.061087484243273	0.0479360440697034	4
-0.0972803742064126	-0.0834001465489551	0.0818946073251204	0.00762797204246968	0.104484994058289	0.0435651848723997	0.018079271420492	0.0508727997569911	0.0163474981229607	0.143555534470108	0.00227553007624337	0.0440249085744931	0.0919931400716515	0.0372104257408262	-0.0422055975759191	0.112076447233995	0.0857694697451994	-0.0907813108729002	0.0679278272539437	-0.0225584688223041	-0.00241252031196107	0.0213332737742198	5
-0.0572799312817507	0.108142247311646	-0.0368735392674465	0.0705870056137466	0.113145666591805	-0.0493288733427583	0.104731766110462	-0.0182642371584251	-0.0840107275784409	0.000829434444205766	-0.070840093175422	0.0436780450934364	0.040245325274941	-0.0342702001928784	0.0335324647687626	0.008522873742067	-0.00616299384562747	0.0495241618841871	0.00489296937902893	0.0190838412069434	-0.0543106437019483	-0.00154982096754492	3
0.0177817878132741	0.00387021966113288	0.0186586093107933	0.0305232064635339	-0.025967037075293	-0.0512209090891692	-0.0506357440333934	-0.0165970222952657	0.0963994961925439	-0.104186431674463	-0.126370899991442	-0.0407404666538917	-0.0690566174170057	0.0874056153668647	0.102400948915695	-0.0288752869886818	0.108014649249934	-0.0960563532347246	-0.00857212531040017	-0.0164343912127661	-0.021641831984626	0.102839844053248	4
0.0185297780637104	-0.00618975773720248	0.00491142180884758	-0.0101976433560996	-0.0261255504945937	-0.0874579124157851	-0.0235530705257695	-0.0112289650991308	0.125197781571805	-0.101324080778643	-0.0532626787706031	0.0144419539960042	0.0160142600104016	0.00497205296900163	0.0488671630982427	-0.0334881968279686	0.0201718525539675	-0.0583405626740657	0.0101933476575328	0.0838266390593628	-0.0448286171152998	-0.0150533586343797	5
-0.0890646947005683	-0.014342581605001	0.0631794571101173	0.0507302313946685	-0.0588275466943745	-0.191739183289623	-0.0549989020813304	-0.0239720548407158	-0.019815412268116	-0.0523701019264727	0.191155161942386	-0.0833545721207938	0.121129464288228	0.0650499923474844	-0.0441124728064302	0.0988692987332919	-0.028038623772695	-0.111824840068313	0.0601659046717888	0.0395431289978633	0.104339851423891	-0.0924726624354283	5
0.0229659822126338	0.0261518813516442	0.0415029805905944	-0.0854526051004872	0.015379399820175	-0.0453397315466195	-0.0482911129896776	-0.0380820225199241	0.0321962264235316	0.0289706480960289	0.0144737323605939	0.0360404975927735	0.00795222543778736	0.071847319722467	-0.009597293202412	0.0190910217513996	0.0493826785609678	-0.0542136454105397	0.0283133269901985	0.0718222056422266	0.00552084200700644	-0.0321771352550665	2
-0.0253242229026492	-0.0164886985594605	-0.00127957873531774	-0.00572247738839118	0.0853612023213267	-0.0379660625557111	0.00534822235092435	-0.111335622633377	-0.00276769352235659	0.0120321113385029	-0.103495656216957	0.0245728314781962	0.0920799776016459	-0.0890861098853	-0.0644021366493557	0.0209993428644654	0.0361379051521352	0.0340589686949148	0.00554542753012755	0.0167503337238351	0.0409152786837334	0.0871402985983211	3
0.00563815212060119	-0.0755382549898746	-0.0469795202070139	-0.00829700527156965	0.066390925320645	-0.0283890738768499	0.0301171619783537	-0.0670219329962854	-0.0339629476124355	-0.0774879417222993	-0.0321945816758683	-0.0609742495193884	0.0684104573209212	0.0349759882167975	-0.0742117785599328	0.0404571703843589	-0.00120047915842172	0.0248807821312453	-0.085316395005922	0.0218166875015453	0.047242709362813	0.107577560831969	3
-0.00434435717221599	0.0280726823825983	0.127582599048133	-0.00633500343118511	-0.152276337483245	0.124890853312735	0.217296747785764	-0.0561522768429403	0.132198303008749	-0.0529887906448697	0.0657805402108202	-0.0882694110452418	-0.0484983240319562	0.0891185618856327	-0.0157111099350827	0.0606458784411657	0.00508761670352663	-0.0562794685729528	0.00249423672848464	0.0596772821486749	0.0097085218849144	-0.0267723343939297	2
-0.0298644304042617	-0.0691068691035813	-0.0528853449655244	-0.0199459451973571	-0.00728432480732022	-0.0676944859707992	0.0603450563110206	-0.0627935139173836	-0.00468102561843171	-0.0542655392227689	-0.0203774185585034	0.0681233567761879	0.0271014116338144	-0.189640136104895	0.0038283407146315	-0.013247201992307	-0.0117127797552399	0.0822901370403459	-0.0581764526015343	0.0874130588196033	-0.0752456858383898	0.0857814976418329	1
-0.0506027196206684	-0.00607596471796121	-0.0461318237928724	0.00986299896382533	-0.000566937158652143	-0.136172254388164	0.0177873717217823	0.0678445143754085	0.0601388979629004	-0.0134137510252601	0.0515691879961933	-0.0562393022700084	0.0644305609101773	0.0270552986971992	0.0255762859367778	0.00624652992885187	-0.100935348451	-0.00658391324039134	-0.0560494343173287	0.0589241439195049	0.0726295109627189	-0.111736144851436	5
-0.00999404356464082	-0.0113947471236845	-0.000950752512826138	-0.0354108311661688	0.0549810632091786	-0.0573597355387666	0.0256070574586006	0.00427439354316668	0.0873774345891647	0.0430074868657909	-0.0423851310039515	0.00845151955000497	0.0627744598237903	-0.0210028724814857	-0.0484090586811437	-0.0520739309253477	-0.110365876694772	-0.0233875842731072	0.0456123397813526	0.0546598782460221	0.0153989077128448	0.014658764182157	4
0.0324985872769192	-0.000559799246884567	-0.0139817778021239	-0.0435754315244903	0.113242630510331	0.0558511327113718	-0.0435965663018219	-0.0455815244295007	-0.0604124614482878	0.00586593661290797	-0.0453382921132354	-0.116915537740743	0.0114804194874544	0.063025260184195	-0.0189065509664176	0.10186465632529	0.0112033460686651	-0.0149738316909525	-0.0383353684456128	0.0374740988960539	-0.00210403477671687	0.0343616939369216	2
0.0263587475299595	0.00811135105218751	0.0801757544667097	0.020655628700291	0.0266860495684695	-0.15292744504376	0.0318332029078489	0.0256046541783736	0.0215714906270338	-0.0126925080335591	0.0400565988933879	-0.0299181876131277	0.0254979895245065	-0.0133728516294179	-0.0673260049435502	0.0140204904249195	-0.0429202733312583	-0.0829340018970529	0.111047162793089	0.0448199532242099	-0.010899752092188	0.0126144441697713	4
-0.00278498277483443	-0.0309327185783502	-0.00277335943903892	-0.135710430935873	-0.0315918567983969	-0.00480520174043255	0.0511893851502783	-0.0294817819864891	-0.00608082026904459	0.0850905030248212	-0.0547670950699031	0.112117960788811	0.0354343557987329	-0.0136698646764582	0.0568912525769627	-0.0661350139597404	-0.0162715801247073	-0.1254220317843	-0.198893037695412	0.152602572478565	-0.0814751253921057	-0.0418578150828796	5
-0.0963814708153677	-0.017258873365754	-0.0356853230833358	0.0319357788650971	-0.0159552344739765	-0.137870809628468	0.0139171285896037	-0.0140821737121429	-0.000228464758858941	0.00846495870401585	0.0357283254196949	0.0398045823785479	0.0688872659721347	0.0746336213036094	-0.002969626715343	-0.00461732992879195	0.026753339521794	0.0732919233059167	-0.0517196140913773	0.0548774584245516	-0.0340945181581884	0.0462061179543666	4
0.102833762958338	0.043836153945258	-0.0512208961021319	0.0520152611829883	-0.0138880836554215	0.0079688374680579	-0.058364679500654	0.142890637775784	0.0539222288007805	0.00828097196475973	0.0013753611218685	-0.0167095282141838	-0.0614538716530762	-0.0907896046313351	-0.00684555126859523	0.0139356845186376	-0.0179425882591322	-0.000565338911026684	-0.147674123153712	-0.061392232687	0.0471492079745369	-0.0526661194424702	5
0.0228361452462323	-0.0550973396356813	0.064445175827834	-0.0390277838692862	-0.0383898234095194	-0.0639846588835046	0.0311094612256705	-0.109816845268034	0.040295917347831	0.0979092462454935	-0.0986930808352303	0.0331356202248072	0.00814424844622283	0.0948619111057027	0.0507411611732716	-0.0786798437207376	0.0282895683923521	-0.0389526601274168	-0.0471893431281279	0.00463704909735099	-0.00524733947954134	-0.0661451465225817	3
0.0169501811406557	-0.0447505905730904	-0.079200092567599	0.00860798388587254	-0.0302759793526621	-0.0765380091856293	0.143090967295462	0.0207106883662386	-0.0121366446811227	-0.0409334647191079	-0.00721792875306441	0.0530203454396894	0.0649487766927294	-0.0349772858107245	-0.0595026570486606	0.0677278223820999	-0.047625747776628	0.0665553787074006	0.0141752412877418	0.0358397719074071	-0.13297128684155	0.114716820101479	2
-0.08220244988331	0.0101324613649563	-0.178376432481052	-0.0128131843000769	0.0254636819694076	-0.0109627586010858	-0.0020757961890027	-0.0115819897595785	-0.0094334123047187	0.0823199662048359	-0.00736595172682462	0.0104829116920871	-0.0013999089260027	-0.0211123629979746	0.00219952127956329	-0.0421912384417536	0.0960436283356666	0.0186260474988973	0.0148871263027621	0.129806518814122	-0.098218960203036	0.107586477415254	4
0.00212115262918322	-0.0344423382016241	-0.0427402574831888	-0.00284218040481649	0.0384994926328455	-0.0239675383344863	-0.0733604266407742	-0.143014357705717	-0.0410402342294984	-0.0168514945685922	-0.0752963175486376	-0.122735581060983	0.0688944767119938	0.0185725542299885	-0.0487465844272067	0.0119628853866447	-0.0386175746030323	-0.0258139139732631	-0.0985791985159969	0.0409865592628725	0.00785456055897195	0.0358939514781624	1
-7.6817365994556e-05	-0.00856268742824005	-0.037885504782786	-0.0364862916709589	-0.0152488448041125	-0.0945573223989015	0.0433758472271147	-0.0115271837090945	0.099389893783568	-0.0700502902566105	-0.033111888797108	-0.0126666416172818	0.00184909766693486	0.0502581359180887	0.0444443574646774	0.00926616885155349	0.0859241728364039	-0.00917160410010905	-0.109848484811781	-0.0909308983525168	-0.0243085720268485	0.0052312855061652	5
0.0586416762236156	0.0176393244312726	0.0499564787406323	-0.0231659621666882	-0.0158683036866494	-0.00159267133165365	0.0490494304695083	0.0534782028111332	-0.0780667990343523	0.00679361826729764	-0.108763046872184	-0.0481825231451743	0.0176556190147342	0.024730637034806	-0.0749167762195389	0.04840349173542	-0.0451270986285703	-0.00278140056148672	-0.0609763528119128	0.00325208522268703	0.0949074533680235	0.0138849630824506	4
0.0365871165335356	-0.000791801118242307	-0.00430163604381261	-0.105335383042997	-0.125942895732258	0.0375215879586156	-4.99689497583915e-05	0.0442639906930805	-0.112162702486689	0.0412926700423363	0.0176492685840688	0.0268369727141699	-0.081828998415896	0.0829072119779938	-0.0394688841576584	-0.0167004906848688	-0.00118512810976088	-0.0409091527072965	-0.187082729359329	0.0570824600630998	0.0917601834815907	-0.0639124249667013	5
0.0649361312507681	0.041669724073191	-0.000940443984168758	-0.0860398152167868	-0.0156430383762162	-0.0412848410811304	0.0169573831618187	0.0286151259783892	-0.0489485415920236	-0.0161614255114707	0.0472099865920872	0.0250532749264056	-0.0166553000990009	0.085561283220978	-0.0364468170608591	-0.0175639024696622	-0.0641664672362736	0.0501672413331751	0.07294411479791	0.0141634923036277	-0.00968592575390423	-0.0553920758636618	1
-0.0625366481338712	-0.00800170196578474	-0.0499392433972764	-0.11947694831464	0.0583653580829226	-0.0209549959675476	0.0056268216393778	-0.0127848299204911	0.0342304396569117	0.0292725930788564	-0.0143684279792719	0.0486937203413419	-0.000411498375862489	0.00339711198588719	0.0155283102491192	0.0509212135788463	0.0821237837687279	-0.0213365611546966	-0.0442908702663	-0.0883723207615987	-0.0514873159262619	0.0437736374887981	3
-0.128398148212529	0.0932333646528767	-0.0298503032955513	0.0167355353499689	0.017784991839163	-0.00856869651832408	-0.0459865820047121	-0.0504590463083165	-0.127055582017122	-0.0766494707999757	-0.0121338891967348	0.0730354600422988	0.0731137672349076	0.0777124443233269	-0.0026439449368452	-0.0350097607026358	-0.0934620178415507	-0.0668310375789399	-0.0309264062469433	0.0274255971793256	0.0403136184425857	0.139888899658894	6
-0.118059586159458	0.0877538107911213	0.114330385019687	0.0382086736898066	0.0224414405933076	-0.0227978857920725	0.0498972229015017	-0.00452592789535713	-0.140504590365179	0.043789782206465	-0.0919426380168335	0.116196377789438	-0.00205572743014331	-0.02262161119285	-0.00357244487025614	-0.109785392275533	-0.0167906574814789	0.0137419523012018	-0.0567544396742783	-0.0378309969566709	0.0104613171139108	0.0128793181734066	1
-0.0313321006235756	0.0221716152207647	0.118413851981689	-0.0104980867414908	-0.109169760330522	-0.0506697888768027	-0.0199335866417967	0.00488382893715274	-0.072565360731666	0.0274720248723041	-0.138026869204343	-0.0208811610711483	-0.104180572940833	0.0539305205819326	0.0350294735787074	0.0440209374388768	0.160692387044893	0.0358614826149113	0.0149925930757737	0.020345542071377	0.0777404290579449	-0.00460042263641121	4
0.01438870343378	0.0119816472824669	0.0470847550849418	0.0431538247205867	-0.00332597561988815	-0.091320686319336	-0.0194093886816676	-0.0311507700697516	0.077503269871609	-0.0410784773640996	-0.00889853841414722	0.0611462470164153	0.052206055911612	0.0481610036086345	0.046883105685873	-0.0749126338446002	-0.0150872344573999	-0.000470990364131743	-0.0535856915839101	0.00597237408218619	0.0545717412191381	0.000821991784169526	3
-0.00798133825451249	-0.182166366030952	-0.0761558339948278	0.150370669427331	0.0439144619473876	0.154981167717859	0.0348062149848508	0.187961943099686	-0.0178299969116198	-0.0565584050477581	-0.0155804772804548	0.15424557148112	0.0493068867154924	0.207261736617684	0.0905689124444647	0.0598103907808758	-0.02697998890014	0.0025428029985953	0.0941580036263756	0.0503064793196062	0.11101901444907	-0.292792298489259	2
0.0301643334026166	0.0156761461698698	-0.0393454453324356	-0.0426791107656271	0.0856784414539253	0.00459258973990373	-0.0331158919632055	-0.0619808854105954	-0.0543010188072795	-0.0173546267076078	-0.0496953702953429	-0.119334482060386	-0.00593921123751054	0.128802313700059	-0.0157773165904569	0.0598290311021315	0.0409132034250199	0.029488018019856	-0.0619370953218797	0.0331948781851199	0.0781092441530757	0.0262580207345807	3
0.0245474919987254	-0.169456078488495	0.00805291912189698	0.0857394633773616	0.110717656273938	0.0671090793221075	0.0459085334742158	-0.0455967566530036	-0.0625837737651972	0.0386728560138801	0.0610612344127259	0.0892037009784511	-0.0197442039062925	0.0835765730699291	0.0377641290960001	-0.0252695292571519	0.0754198390862489	-0.18613878800044	0.0574997074256208	0.0463229660142156	0.0660736828803963	0.11807542340114	5
-0.0163290752686561	-0.0551886860357427	0.0105584795884737	-0.128378572954141	-0.0211665876046634	-0.0346405899366407	0.001763240579903	-0.0183532537720422	0.0390517914329058	0.0140038482001021	0.0106154764484794	0.105954099652497	0.0201722862545789	0.0360243462440263	0.00822195489801472	0.00730672732127312	0.048804183677284	-0.0165567653970538	-0.00502985770758461	0.00775524147715005	-0.0111106287028053	0.0157956408727801	3
-0.0798032013599856	-0.0855092363471861	-0.171862458917804	0.172704273245595	-0.0117538916788268	-0.0133687036769371	0.168888465772616	0.0631772252692766	-0.121951020004626	0.0203045063315423	-0.0656547292107628	0.010490192064327	-0.115588420618414	-0.00331301729917541	0.122142422027414	-0.0112159090727735	0.170957196359817	0.0325179248248245	-0.00269848712729658	0.0980121731515467	0.0532658750511349	-0.217232291740077	2
0.0397282925603279	-0.0836424657767614	0.0495048171143691	0.0885528049978741	0.0265283230575115	-0.0150710615539194	0.00642858301448464	-0.00341986109989174	0.0791979260550306	0.00211199809018379	0.0148410298246781	0.0638252466688525	0.0592526876867448	-0.0387254852911373	-0.0818698377939323	0.0248865775851867	0.0154609005901377	0.00713666898214651	0.027009773014956	0.0190048973500255	0.0341574276574397	-0.0297393996679831	5
0.127918197165318	-0.0235260275931767	-0.0106533727400958	-0.012132255488739	0.042359271501126	0.0596003990644187	0.0108211128230029	-0.0667437370887028	-0.0876471634818436	-0.0642235791381192	-0.0849343409157922	-0.0951488629306137	0.0562647603072794	0.0174403123817553	-0.078436279113446	0.0595760673609946	-0.078399591333396	0.0724020132632365	-0.0447436129173135	0.0745985480052807	0.102013659932609	-0.00668426998720179	4
-0.0770223963507569	-0.00536245787300903	0.0331742607359106	-0.0621657230339395	-0.0847057161430747	-0.00715973058741194	-0.0390475076085727	-0.00884044187151732	-0.0124038188211458	-0.0958901245977231	-0.0268594454991282	0.0529583648556306	0.0206909702074632	0.0962135605240876	-0.0679135233150233	0.0485577438944119	0.115301264504283	0.00432076658474796	-0.0252607085053574	0.124804886918993	0.101479140151586	0.0540700280553027	5
-0.0766129335170369	0.0406437576464877	-0.0709250994006658	-0.0554534231784478	-0.0242104240094412	0.0575066343603501	-0.0572961412653956	0.149463655963397	0.0719603228221157	0.0948054550083848	-0.130885869442264	-0.000594551841067232	0.0408185360494151	-0.0223609566067967	0.0176929556136129	0.194494184760609	-0.0593966033553071	0.0209241997361515	0.0579819732893632	0.0930894365163928	-0.077014865994166	-0.00824744680416015	5
-0.0623604634226245	-0.0311921421192096	-0.00485325260669807	-0.111680464173475	0.0540093312026803	0.0432844833210824	-0.0562830780900944	-0.000358600855287467	0.00739660017101836	0.00387714677922398	0.0775357044362786	-0.0129207527447446	0.00840052649986019	-0.144404976823855	-0.0135280691069276	0.118417565475298	-0.0316666233309697	0.0604529305363056	-0.0373067045430087	0.0246403186442392	0.0290102125224503	0.0126716835166167	1
-0.0367437372201106	-0.116186092899943	-0.0190598082905717	0.0403771502700385	0.0407895103781859	-0.0151150906922235	-0.0347344096607134	0.0207253686063187	0.0274066257265041	-0.0663703288798847	0.0890310639055431	-0.0255506500917579	-0.0501170293625455	0.0913665051626168	0.0339687714843114	-0.0912627813610762	-0.0642731819908448	0.00613977128219832	-0.0575661448517846	-0.00258479013736152	-0.0150306642219739	0.0580353733513193	1
-0.0132706010186041	-0.0490561866397373	0.0334959537895846	0.0326619432167635	0.0629557333216627	-0.00926417236461786	-0.0856798440332372	0.0580364055651657	0.0805185059371555	-0.00420113050786853	0.0231317509259898	-0.00360105802552633	0.00718104274813191	-0.017006937712892	-0.00901452142785544	-0.0234966042239794	-0.02379993698837	-0.0242696469569685	-0.0866495079429559	-0.0234006617116433	-0.0258167527963461	0.0642601445518676	3
0.00517739232888852	0.00287728267140952	-0.0337429862603906	-0.0647561863189394	0.00325735446736031	-0.0134805284098707	-0.00543767619757873	0.00791478097238365	0.0638324381338539	-0.0599303361542212	-0.00475335170006837	0.0548340187848921	-0.00843650888723664	0.0688903155596553	0.0791665442198221	-0.00244623764412873	0.0719297147221169	-0.0208611942307554	-0.0029930504152487	-0.0503742558690568	0.0198923928644756	-0.00998284742836129	3
-0.115405475063913	0.0712386712945309	0.0818147711469422	0.0556739746609335	-0.033632589007247	0.0457205895510272	0.00858226013538171	0.0355654850058532	-0.157865893619535	0.0160615803581492	-0.0817629551411325	0.137727501985122	-0.0137036770042873	0.0322477018362137	-0.0291754892230521	-0.0526669449630206	-0.148966144607531	0.0617720215360645	-0.0791202530403741	-0.166057139379208	-0.0137361537069897	-0.0129623572210109	4
0.0384985713901215	0.0319934388247284	-0.000430135885475253	-0.0788049372448111	-0.0182669082309022	-0.017566006606854	-0.0675108752574189	-0.0777898167721369	0.0322758387229804	0.0854926137544574	0.0346643338430084	0.0942784335937951	0.0650144054855439	0.0671022367087372	0.0755280626714302	0.0499648099100248	-0.0446449461964385	-0.0941633716662804	0.00567839483550769	-0.00985581455070082	-0.0329504320671801	-0.0881815330096454	1
-0.0127130409344218	-0.0984331376174445	0.0399700065308297	0.0605930797147557	0.022848731871051	-0.0227666712873102	-0.0530241758955966	0.00945423190087923	0.136767836478677	-0.0189894412155523	-0.0708401216041613	0.0524343579951458	0.0627620627758061	0.0412693610957696	-0.0149674466584716	-0.0389999394193915	0.0481141090797706	0.023643545087395	-0.0246510141346815	0.0717860014337491	0.0454451106491764	-0.00720424157882995	4
0.0137759128705129	-0.0881351032935279	-0.104378593515821	-0.0203945080141713	-0.0702885961319683	-0.0576806425168442	0.0241202885382505	-0.0545901540482986	0.101994413777642	-0.0469173496641295	-0.0201308917792858	0.0550653134557643	0.0734319213499209	0.000536134014591337	-0.0550334994127768	-0.0224549536143742	-0.0520321226611499	-0.0130246516057455	-0.135949998713504	-0.170458771613553	0.0477791879266163	-0.00334712433381228	4
0.111611711758857	0.0239882331644192	0.0356716790758589	-0.0407908408805362	-0.0570449602669932	-0.00372967610707924	0.0515024524087994	0.0250663391119402	-0.0654806950868774	-0.0371153569013483	0.00191089980250964	0.0236528433701211	-0.0408821961184449	0.0299312140317387	-0.0113715925427526	0.0551726943345274	-0.0335609112845692	0.0822739385137811	0.0304606136143101	0.0582698715427207	-0.0231883775430411	-0.022386242702426	3
0.0172177959237104	0.00755646851718349	-0.0396373198444303	-0.138139895171741	-0.0140152639004511	-0.0212353688995035	0.0270206727347354	-0.0769177127409178	-0.0439896126296169	-0.0678446715935487	0.0819711108733282	0.0413151287634325	-0.0333994427722463	0.00242282649128925	0.105582850950303	0.0839883549119875	-0.00363316695847927	0.0176284656948035	0.0130845830679327	-0.128208166515259	-0.0329111348385258	-0.0678356993554394	3
-0.0564549589587412	-0.0277751933436877	0.0334617058087058	0.050864708519179	0.0496553288181238	-0.106755529816722	-0.00887786943297901	-0.0225351822635326	0.0530069684127202	-0.029056620262269	0.0464506494823754	0.00909323310277781	0.0385875562502788	0.0338213349012848	-0.00747753059594864	-0.0269421224638921	0.0276114241102137	0.0267027963908741	0.0678218548603326	0.0414136928228339	-0.0126803733201103	-0.00571263992080738	3
-0.0419353900729046	0.00636884499160108	0.0458657167535258	0.00544099496990541	0.0725156115806644	-0.131811707150855	-0.0159771755299821	0.0487547788894569	-0.0172140053213698	-0.0068048541155543	0.177882626443437	-0.133817126728119	-0.0207940413019265	0.0207966550183772	0.0599006705792764	0.0847535364121423	-0.0101661724110916	-0.0960943478124167	0.0766947171154603	0.0247715868959277	0.0520799277860583	-0.0306497436930635	4
0.00673029862872692	0.0120875563746127	-0.0382034116515651	-0.0974359302882111	-0.0058653056362673	-0.0192187438170202	0.0688404883714263	0.053097655152674	-0.00992467714216927	0.0232674978356309	0.0184194896732427	-0.0476537756251128	-0.0745410329181831	0.0504737939090562	0.00232727489773108	0.015360412214302	-0.0790442410939865	-0.0213992314542493	-0.023090248934336	-0.014523914584338	-0.0824534432238268	-0.0177022229859078	3
-0.0998734120306937	-0.0380958212481364	-0.0867637990084697	0.0101238452244257	0.0156227832967761	-0.00693109533191173	0.0448414277207932	0.0854551474552046	0.0676892707024831	-0.0668971283199568	-0.161732661048439	-0.0815368729740516	-0.0330693146177345	0.104382357629734	0.120306751255886	-0.0697381529899548	0.0716314659722529	0.00390115703323442	0.0510247401510391	0.167010700370376	-0.00461290343852763	-0.0402784832259068	4
0.0332204648968667	-0.0129623254016937	0.0763830956477554	-0.0122336461559272	0.0144615346118437	-0.0561621586873045	0.0953660351758744	0.00654947947040777	-0.0987654606433064	-0.0273405600192341	0.00867291374266814	-0.0159699831114968	-0.0365272820143824	0.064876497837706	-0.0637090543672617	0.0356427568873824	0.00541418814965258	0.0965320518227552	-0.00713279592796116	0.0206521943095153	0.0306606685543824	0.0683757139809489	1
0.0165054690719628	-0.0837928522213413	0.0107049231075046	-0.0221346406191038	0.000429425607401612	-0.0570310075210419	0.0776204872863333	-0.0872346711833953	0.0198790408056691	-0.141580695437028	0.0333530238025096	0.0698954392887799	0.00542418833232886	-0.0698469878572291	0.0599086278210727	0.0745201168398793	0.155297273740859	-0.0356366818508734	-0.0404915093973534	-0.122492790481182	-0.0737647178047631	0.118571182406461	4
-0.040094228503488	0.0133833892189786	-0.233549664456366	0.172013995159548	-0.0047689316124648	0.0216203488881366	0.0449736147702907	0.0541136997323062	-0.140754899585278	-0.0183931197452194	0.0636322992037649	0.0886537671110796	0.0142216848188501	0.0684605874569876	-0.062223231236308	0.0767460587099987	0.0955900959387275	0.16264637283338	0.111059531916839	0.0299512824296664	-0.104201550032528	-0.231074092987758	4
0.0227101068061706	-0.0296070621518775	0.056349625287758	0.0473853736698809	0.0255672731871534	0.0229940623110454	-0.0781072767196417	-0.0181487281655549	-0.0333655694312548	-0.0517658414317051	-0.171335017842107	-0.199141393587013	0.086652789730467	0.00964934601655329	-0.106188205674645	0.125740798179925	0.0799848595155569	-0.177917558028082	-0.0323717583873071	-0.0862003727486588	-0.392736175793708	-0.212959744542672	3
0.04020094159766	0.0461233841238312	-0.00464994207878998	-0.0503735497552482	0.0613575291988031	0.00100708085396325	-0.0902658584156334	-0.141573461500315	-0.00349971588871352	0.0851580265860357	-0.00844058806767775	-0.037241410889392	0.105659941204174	0.0412617656966297	-0.0193825628450023	0.0235425241243426	0.0161664004554899	0.0181241818455735	-0.00799116844524327	-0.0177831837004514	0.108629937953199	-0.0649855524105903	2
0.0264403095987907	0.0351226784522645	-0.0380864231413877	-0.046527824758693	0.0440333282272268	0.00699116586773751	-0.0485271975187731	-0.0641326456598823	-0.0251650743989756	0.0126160223270317	-0.0400988457685024	-0.0861670541126716	0.0109677498449685	0.118307383055884	-0.01085999114479	0.0640601095598188	0.0142357108150184	0.0203197465846085	-0.102916879579729	0.0389190868434729	0.059790963478454	-0.0248499622323021	3
0.0165043258109037	-0.0491914080328131	-0.0572116415545559	-0.0464786571054674	0.0690056983686995	0.0499418779159896	0.0654935063207727	-0.0459213485566749	-0.00955581494875994	-0.0752292332724911	0.0570049938358165	0.018677404357816	-0.0575289681416514	0.0522207547990096	0.00278147851929243	-0.0335369277137663	-0.00972865236249476	0.0025178141469652	0.0123365214063835	-0.105398276042485	-0.0306457673010373	0.0593343424566921	4
-0.0478500709848586	-0.00944207668962814	-0.110806869200239	0.112002305818941	-0.0252508025883233	-0.123421362136676	0.0697333798806176	-0.0543649693841965	-0.0932925729726651	0.207295059996826	0.0604894956407114	-0.0524869289956914	-0.0585869013270831	-0.00556092909843432	-0.0731232717561943	-0.0164226848659289	0.0456286322898609	0.0300674509869995	0.0516787058205236	0.0902279508529062	-0.0786835286457967	0.0270874650789825	1
0.0216628915816494	0.0524317400869074	-0.0718525905716589	-0.0175463169851579	0.0744968462318961	-0.0279340087548542	-0.0339847058010173	0.021009056417447	0.0398916564187553	0.00194175099927977	0.0239410838579188	-0.0521372713928674	-0.0257251821285942	0.0598366012629628	0.00584736004967997	-0.0403742165252938	0.0131847208847703	0.0608473916849693	-0.078124141469967	-0.013612167121906	-0.0170604470172127	0.0430101674262576	4
-0.0772642855583883	-0.000872930259957218	-0.132486625497871	-0.00980478978194799	-0.00279822355117881	-0.0091446149099057	0.0507753367590692	0.137941049451044	0.0732957290022908	0.00596302081044234	-0.17367673233922	-0.0503425597312717	0.00394560222655923	-0.00959740805148187	-0.0445471717923592	-0.0189896882536611	-0.0524353939618263	0.000309093704246382	0.0168197633226203	0.068721019299709	0.0138563258050627	-0.00760405398446548	4
-0.0819732528951618	0.0799449973861465	-0.0385757270473854	0.0806804892512522	0.0434730379493242	-0.0155252846040265	-0.023361500648504	0.0858309700031449	-0.082438942644743	-0.210602970692956	0.0184582343216107	0.0455862800686659	0.0161305196756954	-0.0527703390919322	-0.0726893489849069	-0.105858106861148	-0.0516060485726066	0.0106459945905495	0.00715798867496474	-0.0508504732690621	0.0415193386986357	-0.115030481629652	4
-0.0615060907278518	-0.0170739652787799	0.0269804523177417	-0.0298373723864261	0.0664390091490944	0.0528172076039071	-0.0592337765593084	-0.0609779897480106	0.0394446971438827	0.0218033396669	-0.0743730913622801	-0.111575407646508	-0.027268576828131	-0.0427828096019409	-0.0870938580692009	-0.0629490001979962	0.089533067128528	-0.023230851775547	0.00323557086006127	-0.0732964512822991	0.0271685354173286	-0.0246007315060978	3
-0.0210344007903598	-0.09107630853684	-0.0667069827107112	0.0685710892794105	0.133955713795636	0.108409101707979	0.0254913332311665	0.0994997859203034	0.00380918619537113	0.079120258501062	0.0366025908764048	-0.0353198339292095	-0.0342273665360861	0.0390848643868529	-0.0261359620338639	0.0068542986762339	-0.101877340305737	-0.042856440239039	0.0442029999963061	-0.0850096900424471	-0.00235490362275002	0.0435674673167424	3
0.00908801618109611	0.0577900582236619	-0.0680669968770466	-0.0768704797369005	0.0740358316655024	0.0287453824212847	-0.0557866764832443	-0.0357962788978879	-0.0163040511228946	0.0561602937484828	0.0629697236759935	-0.00508988539701205	-0.0549593077874406	0.0218393360218049	-0.0193157584843799	0.0335339744620067	0.042591221255963	0.0782956894015322	0.0296994723838247	-0.0536318032856049	0.00441083631700153	-0.0112550314600378	4
-0.0405946620284757	-0.0803959834778878	0.0169953041934455	0.0425471509796011	-0.13973139751755	0.0281301222336623	-0.0920230391512671	-0.0551819832021341	-0.0823361909928397	-0.0427155680333406	-0.0651860485600616	-0.0311091048262624	0.0820599025662276	0.0012294449957277	-0.193126600996116	0.0084920320992128	0.0893440072732843	-0.0384818832347774	0.0396035275575098	-0.0601991393317652	-0.260821461737546	-0.143535771172699	4
0.0210005173405631	0.0606209421546465	-0.0833446606987461	-0.0168669742182785	0.0422350505701868	-0.0634810153260878	-0.0112335032166567	0.0523048212195988	0.0529823403818536	-0.00524254034052852	0.0590107155418113	-0.0223066455845747	-0.00309636204133463	0.0509601448787199	-0.162124249929505	-0.137047666742137	-0.0439766022203489	-0.0251989601824092	0.00388340825617875	-0.0884553585366899	-0.0362943065396841	0.0410007215022399	1
0.192395315427623	0.0837080226896377	-0.00355288878016365	0.00843702490168318	0.0531424244384924	0.0816230157669781	0.00573639701448398	-0.0174138898039259	-0.113382933970984	-0.0368432512896841	-0.0666619025903948	-0.123014961174046	0.151451397873606	0.0119389441542019	-0.0603842725249988	0.0589913580679898	-0.0450332741493786	0.0341511260155402	-0.049202034433118	0.0782764997850457	0.0953580650443082	-0.00418241061750632	3
-0.0254674718438588	0.100577172375517	-0.0578070662867007	-0.0894363186870277	0.0399748278455347	0.0711273576378053	-0.0449812065509996	0.08969922525574	0.0505795952309416	0.0537305468657283	-0.061385969310387	0.033687096194964	0.0506938114084147	0.0186484793757827	-0.019746923610871	0.0540988607315688	0.0839777407143911	-0.106317734338249	0.0194954049922953	0.0231410199024726	-0.0154359518607777	-0.00416772358643421	4
-0.0193758026580637	-0.0863150435768295	-0.123045307282226	-0.0885987485131518	-0.0661771851026439	-0.0237358450368211	0.159193309521093	-0.0370917051068151	-0.0322230454186441	-0.084699993489323	-0.0136424962336337	-0.00417468180911103	0.0245956790005186	-0.0439801152408264	0.0813848916195138	0.165931370929438	0.00880364575372588	-0.00150884664371731	0.0152858965039173	-0.193950317348494	-0.0885114954399496	0.0610755309511167	4
0.0765542876247684	0.0537792517799869	-0.225027520477743	0.103042397383794	-0.151466863097749	-0.0536121492850953	0.16206618434402	0.0432829187237225	0.00332939971036811	0.157805408009837	-0.16165068117498	0.0297131555053286	0.0402682772087486	-0.0899794165748234	-0.0728719407380083	0.187555496904503	0.0608084888702802	-0.232381141283724	0.0521477446605875	-0.250926493165295	0.286633794855313	0.258375922459094	4
0.0594743531364013	0.0580535629200109	-0.00371242836432197	-0.0021392944580086	-0.0256531432505954	-0.0662971868482969	-0.0648654737918935	-0.0521868253984294	0.0715723543922008	-0.0174469431000286	0.0400659798432109	0.067174998809541	0.0260285984391533	0.0362854153433779	0.013532118071935	-0.0171677130929368	0.0342001761623361	0.0404218463212001	0.0537283588326632	-0.0709414689503222	0.0362716106200871	-0.0388166139813431	1
