"SV1"	"SV2"	"SV3"	"SV4"	"SV5"	"SV6"	"SV7"	"SV8"	"SV9"	"SV10"	"SV11"	"SV12"	"SV13"	"SV14"	"SV15"	"AGE_GROUP"
-0.0468954739958886	0.0327674893104217	0.0284655658522727	-0.0274074670270939	0.058667830654838	-0.00957809880756974	0.0443232164822305	-0.0220295424802044	0.0186553300207354	-0.022064942459284	0.0706221309706722	0.0307651364381518	-0.0732050236706078	0.00493455309810988	-0.0479216611579289	4
-0.0311371323249274	-0.0237873445469847	0.012403594759873	-0.0508489911605581	0.083588074911357	-0.0483248215026482	-0.0147733184361848	-0.000633135611450503	-0.0440016341341588	0.0186344003701123	0.0208654894021997	-0.0190624041796339	0.0434667725810444	0.0403573071501938	-0.0039873126124482	5
-0.0475400216249118	-0.0743522662624549	0.0226710217936304	-0.00192537046309599	0.0126543240087158	0.025970214675539	-0.0142455950397025	0.0514136808783674	0.038737847155101	0.00186482312006252	-0.0465639058565204	0.0245014007663452	0.00480413094577736	0.0117405153274082	0.0235528453488491	5
-0.0147748607944333	0.0176538935321516	-0.134592710447186	0.085485223399511	0.165123133890075	-0.0877120429797494	0.114604693223824	-0.0398036050550256	-0.0108098736914929	-0.0370156665380914	-0.0400106896831597	-0.0414282665876834	0.144170770959648	0.0230311670843868	0.213658042674153	4
-0.0437061225005397	0.0318833485719538	-0.0250226915412072	-0.0660677677189182	-0.0198695733576419	-0.00350366883203185	0.0103702847224716	-0.0141046824145513	0.0167295388870395	0.00838894835952428	0.0770075641577513	-0.0175863409388416	-0.031159082276913	-0.00551602199929244	-0.0545769958806399	4
-0.043036662523778	0.0637492091663299	-0.0586878562918952	-0.0737575932062894	-0.110314399553486	0.0245375895175818	-0.0648677593044758	-0.000100493669550353	0.0307910268225604	-0.0281503004236197	-0.0410413753621843	0.00385813890905231	0.00595515493679977	-0.011833021741865	0.0645933226989238	5
0.0673585415568501	-0.0497898537041174	0.0245225195116962	0.100192402272272	-0.120576278892086	-0.0679972232796706	0.0504343562258163	0.0280636062152468	0.0121397435713648	-0.0246356268382366	0.0959347639495102	0.0811703688518839	-0.0388897707736928	0.016272974653541	-0.0521045966788973	5
-0.0448935985765543	-0.0193975453224862	-0.0203451282883213	0.00919429201318089	0.090979501963547	-0.0371170768432885	-0.0486650916948591	0.105443669807636	0.0192913884901353	0.0359388926855321	-0.0501237460143846	0.0456357346980354	-0.0807346408273547	-0.0501203205246982	-0.0473672142537098	1
0.0676602057844893	-0.0595210957171933	-0.0957790056377495	-0.0295190844230295	0.0386399763040054	-0.00853640006561551	-0.0577698822888889	-0.000818512344454209	-0.0373168042334407	-0.125774971652037	0.0489795887604851	-0.03772658899975	0.00138931846776202	0.0130069558713493	-0.0437605929464586	2
-0.0462949275677939	-0.0270039220306953	-0.126656279787262	0.0481797916755686	0.0552339478547658	-0.087331567754135	0.0271439875338153	0.0040220434556849	0.0946964834717862	0.0623002070146257	0.00643894411563622	-0.0210385192893979	-0.0391203717876757	-0.109076311536397	0.0585449783430299	5
-0.0364060999568904	0.068794856146512	0.0666080624078181	-0.0226116632851289	0.0797534190193306	-0.0162008720261106	0.0453678050421917	0.0656775329974136	0.0564927091457294	0.112593684081179	-0.0906263855850619	0.0321098943513323	0.0401704177515157	0.0772344619150335	0.0658025079120961	4
-0.0573280172280432	-0.0799818199288533	-0.0162607230179261	-0.0110483014505274	-0.104857907645989	0.0170263685174121	0.0417237339236061	-0.0501409397486472	-0.0349858752477438	0.00354272417708673	-0.0294822318066508	-0.0526191945195281	-0.0203819265721565	-0.0769098358763826	-0.00185186045346902	1
-0.0446539239906524	-0.0395821689687296	-0.26394661607272	-0.00212492552438142	-0.00665043400689276	-0.097640274890935	0.067619088917374	0.0502764455326515	0.0393436141396204	0.101051144221698	0.0441422208633744	0.0862649662793104	0.089167357534007	0.0429031784209997	-0.0100139868348031	4
0.0963665310883514	-0.00263232822296062	0.013202803941417	-0.0558124764056709	0.0376591104765981	-0.0269339141205578	0.00343491374114616	0.0163146600775641	-0.0639710264644194	0.0643890463613205	-0.0241464032255466	0.0406173544108501	0.00679426327450816	-0.0116752263673316	-0.0272188593981901	2
0.0858830363957466	-0.040061561227708	-0.0789594990066782	-0.00401702409031496	0.0179888979180301	-0.0161120077900347	-0.00675323414586894	0.0542754697851464	-0.0927673096782822	0.00838230081547592	-0.0606907966644018	0.034956129959801	-0.120364329912185	-0.0228717134495202	-0.126389450132981	1
-0.0194224430106039	0.0894466692153155	0.0152440835524034	0.0916644528361055	0.17417154028531	0.0659856230269827	0.177167960808956	0.0108480718328496	0.027381021467198	-0.074460938507044	-0.0105821058380626	0.0827433808445786	0.057805185033745	-0.0118274695472747	-0.008403408941976	1
0.0947728430635102	-0.0103209101129027	0.0194259915180772	-0.0353096948763994	-0.0163909098638502	0.016100153910738	-0.0537530047572696	0.0351501884333623	0.0532629306943665	0.0635981137213526	-0.0029962878139953	0.066969634110342	-0.0506243313169223	-0.00521204611778435	0.0374950714138415	3
0.0979347169166918	0.0406790015471655	-0.0415428744695233	0.0344167841263994	0.0888063007350387	0.00956302328080195	0.16326869830475	0.147781132834047	0.0477043899580126	-0.0729721115761723	0.0513142840537931	-0.106263216201533	0.0646291572935908	-0.0078630494234514	0.161762470073141	4
0.0824730325803545	-0.0138306553625627	0.0125111400849465	-0.0249335905108049	4.16851313356953e-05	0.0472876846761345	-0.110968111330897	-0.0125541719083792	0.0581596330107051	0.0139675172811974	0.0226027644152136	0.0427619809058095	0.0342211771244132	-0.0501099952218342	0.0212539512535537	5
-0.0465057060315044	-0.0408108367962283	0.0391867787471414	0.00641899565929302	0.0281401380680677	-0.0155219676000257	0.0523194481642452	0.0455444911052694	-0.0151337521740469	-0.040158857128722	0.0442826114654007	0.0481801551391676	-0.021826654046514	-0.057978163052527	0.0485230050523155	5
0.0826201114264517	-0.0239164697512833	-0.0779525417491185	-0.00594674784361953	0.0279641939549266	0.0429950812197004	-0.0467695149386886	0.0491132985826061	-0.0664479995972428	0.0246881617460777	0.0109899158576972	0.0617722090336889	-0.0778026971338338	-0.00580344109339774	-0.060802815228292	1
-0.0132517875193695	-0.00195553118411901	-0.109080993457611	0.00947232834585338	0.000788715786187659	-0.145018338960144	-0.066738397298704	-0.0559394256926465	0.0541777822653502	0.0609683790626022	0.0128176214570128	-0.0120843570218995	0.025046731691842	0.00150062410813161	0.0222305735644369	5
-0.0360355095589943	-0.0540696624652345	0.0594787770814724	0.0821396506175722	0.00127554235184207	0.0212554256616805	0.0558993314526253	-0.0277428513257735	0.100748308525055	-0.0345890760068333	0.00460690822091991	0.0673578017807638	-0.0603138623719579	-0.0476116990796384	0.0303055683656516	4
0.0741579037910074	-0.036962094493622	-0.0720702094434056	-0.0361611040525811	-0.00447416179365976	0.14982015532609	-0.00381310482569577	-0.0694114192967919	0.118609845241495	-0.0607390571235067	0.0351765474789186	-0.132438005328332	-0.0287017006319512	-0.0290536154884797	0.0398691783144374	3
-0.0491617941375529	-0.0532014195372512	0.0190529695658962	-0.0291095459051745	0.104056589992796	-0.0374445146331867	9.16157702133872e-06	0.0848600553323226	0.073777615514063	0.0705423448238459	-0.0187992966495834	0.0129692761311844	0.0389963291692104	0.035724106685511	-0.00154907528140016	3
0.0847172735503093	-0.0518696470269148	-0.0424825963191344	-0.00411714437102911	-0.0152590418094752	-0.0611744563911634	0.0227384963460568	0.0398384270412336	-0.0637980579390254	-0.0375156672960682	-0.0678920992776666	0.107210274973213	-0.162986881561121	0.0785762699505499	-0.0380503435722232	4
-0.0400454338909585	0.00619383314359459	0.0297701275280073	-0.0233964727013974	-0.00923433040056317	-0.0163896729514949	-0.0338829902471071	0.0326218955113826	0.062712792758263	0.000248763878372515	0.00940903898598014	-0.0156999956865528	0.048779394443447	0.0111489642743857	-0.0281014207495309	5
0.0938969150962971	0.000287053590725463	0.0457086556229691	-0.0107177616898451	-0.0620176812798922	-0.0411910729454263	0.113997860060422	-0.0381596683771373	-0.0150636490666628	-0.0451447052918863	-0.0144445891788969	-0.088112010882661	0.0806328856665567	-0.0869412419447966	-0.0428440117708312	4
-0.0351835724136591	0.0264609674981391	0.00605394900118853	-0.00861823748393016	0.0300060404879459	0.0238582108654963	-0.0103573517616631	0.00303186112885264	-0.0418597881233181	0.0417070685547398	0.0411601505568671	0.0205016499296946	0.0454983063639182	0.0303094472292506	0.033035105286143	5
-0.0398538060045044	0.0971832148923064	-0.0418640402913281	-0.0466448583008928	0.0510640899425743	0.0143711771502487	0.045933463678401	-0.0526115628127686	0.171027904564378	-0.117197303015866	0.0732293058098747	0.0708413614437589	-0.0194103818096057	-0.0144176108326567	-0.01618789672361	4
0.0237104646887592	0.183965658696509	0.0575305490012437	0.121761521260594	0.042176365813107	-0.00523024436878051	0.0432795692781928	-0.0103598751974002	0.134169652518701	-0.0472699632109455	-0.11194890520713	-0.149598566828525	0.156221550626181	0.0289990869934871	-0.224984266416533	4
-0.0436084289590455	0.0243593540686458	0.0127231087837853	-0.0574384182360305	0.0318691221245358	-0.0106017503495059	-0.00352403997994242	0.0806754257899856	-0.0533143444960396	0.0182903436763297	0.00518108302858236	0.00775369211228086	0.0397004201166236	-0.0103058083558363	0.0451093608735922	5
0.0833313050327556	-0.0311688049631836	0.00082674242498003	-0.0396740749771675	0.0264203008170053	0.124293819475493	0.0879694951261419	-0.0120049040066278	0.0393914519539107	-0.055763793361963	0.0417714949791851	-0.135347080690076	0.0825642356888037	-0.0291792616798236	0.0711583048738643	3
-0.0212938142841501	0.0829112742890647	0.0149226355702509	0.0421318630403739	0.0191671295501252	0.00713581239311249	-0.0636136529254162	-0.00113767504143987	0.0655513757237242	0.0467369781019749	-0.0194732253030426	0.000232214263866723	-0.00719678086908609	0.0548294027555279	0.0133550810224841	1
-0.0419295470112268	0.00779481667889415	0.0536074762415909	0.00881020650390127	-0.0288432911191666	-0.0206421096243002	0.0692619872000212	-0.0676492611217161	0.0232201796226015	0.0132001739907294	0.0483224076967096	-0.101587989232172	-0.0448237455421185	-0.00574857114701195	-0.0297935477043841	2
-0.0473787644092385	0.0412423013915094	0.0103992702026161	-0.059776746790774	-0.0670207536579845	0.0225747593997247	-0.0356939556595316	0.00352102804981659	0.0210202101292147	-0.0314050324105461	-0.0502626939691191	-0.029439299764808	0.0214343827647165	0.00266563616105748	0.0657998462905694	2
0.0871223475240932	-0.0341414887143264	0.0113048336470907	-0.0587353300045655	0.0232229253637883	-0.0135892760768518	-0.0304836176721687	0.0127567066228336	0.034823735774228	-0.0638741213260667	-0.0745882331880162	0.0805517672758912	0.0190718954708294	-0.0553822661502764	-0.0085189161369899	4
0.0323308136665597	0.0717797885724177	0.112963160105922	0.136742779769934	-0.00128601258363365	-0.0240734494045036	-0.0727394013140425	0.0583690535968138	0.0643989887465893	-0.0399196782485014	-0.0348240774401856	-0.0711258467006202	0.0351065362935738	0.00565324201874468	-0.113913632238845	2
-0.00170026081017845	-0.014497856592251	0.00563755433323077	0.147919921738803	-0.0387493374579259	0.0772746745650981	-0.00926474730131229	-0.0317532154915684	-0.0227895126167665	-0.0128380399108173	0.0282233906599357	0.010951864803471	0.0550288464437521	0.0330490622190036	-0.0053080359131173	4
-0.0475375953825123	-0.00964654014838462	-0.0473855567051006	-0.0063824896780992	0.0287713424104735	0.0530813190749914	-0.00796510947056266	-0.0249815314314608	0.0664092133411446	-0.129156335040797	0.00051867270005207	0.0812110484545556	0.0433614291737767	-0.0528069342990465	0.0319843341693027	5
-0.0417931431677557	0.0135095193938116	0.00917012262392777	-0.0265427240901276	-0.0607729130533964	0.0335270237383965	-0.0797924932230633	0.0263599066503086	0.00867872583112043	0.0405316890632212	-0.0945238690972712	0.00518439709766174	0.0398807815599871	-0.0557995452252651	0.00706959290263047	4
-0.00460660800306518	-0.0200401950848054	0.040516654030103	0.0277479659624779	0.0428738404284476	0.0631776469053829	-0.130537463884221	-0.0195425557308294	0.0228197710735926	0.0326222015224331	0.00221705657442421	0.023675248497539	0.0758167543632371	0.0409986083273239	0.0367104587914928	4
-0.0538142119143398	0.00880932275810925	-0.0470980262544394	-0.0849578872075854	0.00684397626550346	-0.0086440793578376	0.0266176529709738	-0.0239818708535148	0.0147076782564264	-0.0250650495713412	0.0968592194788568	0.0451162384540019	-0.0133583419150625	-0.045674405837755	-0.0146954391168385	3
-0.058686167955787	0.00107126478898248	0.0421316968848314	-0.0641386363527901	0.00675693370043393	-0.0166024123312498	0.0636324549274616	0.00256032813038223	0.0976078289004771	-0.00865033214460662	-0.00839646035891771	0.0181737417720037	-0.00775759996237151	-0.0175241414726078	-0.0250738148691589	1
0.0981641143862822	-0.0181153744429455	-0.0393864931498157	0.0253896875013174	0.0171230259503626	-0.093937682163539	0.0679022134696555	0.116894055815888	-0.0463806553587973	-0.0936855256984969	0.00784585284910844	0.0240326852058127	0.0149763210096591	0.0530482061298883	0.111822443672136	6
-0.0527525167498719	-0.0116622139043173	0.0580353262439745	-0.0359878874734914	0.016570513307954	0.00357498736727647	0.0600658955833827	-0.0255572201424946	0.0311101760160312	-0.011884085586437	0.0622284708596385	0.0620872957747989	-0.0416833697700109	0.0359020402510737	-0.144422723818726	4
0.0941104581030598	0.034231502447201	0.0418528555315509	0.0307226862480761	-0.0554934792329568	-0.151637123348788	0.0437391123730513	-0.0274492636662572	0.0103833263071217	0.000357097905797569	0.111928578105585	0.0405610302492798	0.0523299747159203	0.0212862349844256	-0.000233454204846721	4
0.0920862845509961	-0.0402835374582938	0.00436998083174569	-0.0609828810326764	0.0133953954379264	0.00363067881845415	0.00633877708665246	-0.0366381772111134	-0.0547316373383683	-0.018889202361098	0.00981839193542721	0.0359190673459447	0.0531729663841338	-0.0996958864957273	-0.0380199052204189	5
0.069473098243405	0.0341974116607415	-0.0243235986989953	-0.0397191613836508	-0.010361159191908	0.0212011412937439	-0.102731245604305	0.103234976733102	0.0453916018217689	0.0179006773988752	0.0715722117463988	0.0598679072000117	0.0753536915167467	-0.0195126161395836	0.162641053144625	5
-0.0473115174841862	-0.0404763753765898	0.0373254203317134	0.0217706162244114	-0.0308722669617683	-0.0179763957706348	0.0713161358329583	-0.0300830006566446	-0.0139851825197818	0.0508802520669319	-0.0322783168475613	-0.0837112838144277	-0.0213875631719466	-0.0334011453778679	0.00359649010703202	3
-0.0511164146136	-0.0208588990706329	-0.134086589968417	0.0162678433764495	0.0154155401528002	-0.0957872302795583	0.0338958590122404	-0.00657090225208844	0.0450313110074205	-0.0143289270474934	0.0692566696263071	0.0481640038249182	-0.0208056327649962	-0.0498492868174415	-0.0536729650960484	4
-0.0451051548632412	0.00849258814571214	-0.211559420648526	0.0121408034954308	-0.0591993429668948	0.0076428761947193	0.0317473196691323	0.0370193776773662	-0.0921615347566964	0.00541516800005436	-0.12183804276895	0.0904825203622046	0.0411822411310982	0.00886506660607477	0.0707041300280186	4
-0.0396125526523973	-0.0601651286375311	0.0580621188879688	0.0201909901409875	0.0456851970136031	0.0218147084017098	-0.0607099893304807	0.102568749145189	0.0216918683663021	-0.0565467181817599	-0.0107851567300136	0.0597874997011137	-0.0259832546471674	-0.0630174341614821	0.0492152728562625	5
-0.0131350300264474	-0.0241494326703665	0.0210226464989845	0.0251426458820488	0.111407196132464	-0.0441386863052419	-0.106799272544735	0.0152412308978659	0.0219940607547861	-0.0513116813194705	0.000275639071517869	-0.00034933918856253	-0.0220149861406759	0.0113472110033655	0.0369314129030459	3
0.0883105969141757	0.0239259068801362	0.0480983474383441	0.0819980810628064	-0.119996903492935	-0.0157700042892265	0.0716216198594934	0.147176473791806	0.0279955945738276	0.0575610486696072	0.165067924840657	0.0862474672309007	0.0227154503646676	0.0016615525998356	0.0727980711460205	4
0.00173327511611182	0.133046358350705	-0.0465359125257025	0.0305815910164785	-0.0581449717557812	0.0616269862914136	-0.146026337762063	0.0583131752605386	-0.110013480030423	0.0120979631937002	0.0415374951554906	0.0317308206077638	0.0253471135060909	0.0217322179337524	0.0643396119932923	1
-0.0218593090880714	0.00142475175432727	-0.166905745167357	0.0162105005857743	-0.0317936809742907	-0.076079770713315	-0.0963877975045574	0.0286427075873518	0.00517775960719307	-0.0242350997128011	-0.0764832631780142	-0.0149349285817401	0.0784074894874208	-0.0234622801638804	0.0709541730367632	5
-0.0242900004938479	0.0825799291310105	0.0308012385381289	0.0914742424467029	-0.13022063305366	0.0302514841966341	-0.0148499623879371	-0.0244808409808941	-0.0218562280310276	-0.0451926527268488	-0.165447019579197	0.0311745941201022	-0.04797900771331	-0.0281175185253428	0.0790343174647207	3
0.0851903809872931	-0.0479379986561832	-0.019343232981281	-0.0593570133370543	0.0144788708777892	0.1198990165197	0.0165163405710394	-0.0734850242439762	0.0909352912560775	0.0289474903403238	-0.0437685295608225	-0.00582024610257688	0.0173415246626002	-0.0483421368609918	0.0156184997028614	4
0.00235562889484856	-0.0398987760667662	-0.118617888249843	0.105966674539352	-0.0342243739073204	-0.108072130628603	-0.012295443226621	-0.0570374630034405	-0.0246925652627602	0.0419701461154014	0.0225882421285283	0.00231394535615095	0.0281693626012534	0.0243779214650257	-0.00576028276133074	4
-0.0563973147778579	-0.103259225629766	-0.0451043638123604	0.0297474256771242	0.0178135027780739	0.0452798789107547	0.134815582821988	0.027846136527128	-0.0392354825453913	-0.0157791357567723	-0.0502812932028934	0.0428149195870971	0.119681676286704	0.0256960218708801	0.0207623790320675	1
-0.0462255780481486	0.0627318230074723	0.0518111657818876	-0.0489296389029144	-0.0264596595410674	-0.0286651207352262	0.0114142627082529	0.0635621849146305	-0.0622690116436534	-0.0346628490680385	0.0320133568624952	-0.0282530854580341	-0.068008019223082	-0.0787898991253376	-0.0102536465959475	2
0.00428970212201289	-0.0582877339367918	-0.0505489266601685	0.0627290487295664	-0.0357133970771441	0.0111184567424254	-0.065505245049256	-0.0175621633251679	-0.0432396975385749	-0.0329054615083421	0.00785906942034016	-0.0277535969251293	0.0604228905457473	0.0847087962650804	-0.0946220339541505	5
0.0797763276548275	0.0235048492723124	-0.00612489584824043	0.0322520308117807	-0.031018159144014	0.0704023126296646	0.00324034457621291	-0.102961919481761	0.081838170757542	0.0881816954339086	-0.056504477946147	-0.0679315775306157	-0.0191018277837149	-0.0399888659786712	0.00293397501840028	4
0.0920495986649512	-0.0130193189863971	0.0219598864965035	-0.0349792681949436	-0.0230746010212072	0.028212930526584	-0.0694093376360071	0.0231764696970263	0.047726486327465	0.0503402420947831	-0.014859196595364	0.0091665786910245	0.0719524165463041	-0.0844938226787697	0.0308025982396521	5
-0.0405984275130475	-0.053855332210492	-0.0338927476973986	0.0203491121293536	0.0964841910887856	0.00809162860693229	0.0274639942596979	0.0294456690910404	-0.0218696250706652	0.0393452178080587	-0.00696134735879069	0.0754956655105508	0.0267480328326313	0.0272558870024212	-0.0367324904906774	2
-0.0405281683404367	-0.0596602120733933	0.0171810874734831	0.0551598070502423	0.00767338936690919	-0.0322818921346045	0.0702039389481423	0.0567603190055893	-0.0244512112608052	0.0725392958335174	-0.0142294726058361	-0.067659433178106	-0.0856883669004804	0.0187152317085573	-0.0570908431182269	4
-0.0403421219842265	0.0430325436331825	0.00739911841029288	-0.0163105676330265	-0.00984615590934691	0.049025068143996	-0.0390429883058552	-0.0108466916802757	0.0285469298235089	-0.0176459932262701	-0.0824035301948136	0.0757098310302342	0.0586140850308513	-0.0495392931777793	0.00645033209158498	1
0.0391432332533426	0.0691785910045774	0.0229527789360135	0.141083076906677	-0.10602357527219	-0.0941948278772759	-0.0327351251084409	-0.0079284372910228	-0.0502876657888833	-0.031558627941658	0.0463643805860999	0.0816819544184142	0.00137193793492634	0.0959061162712813	0.0107111742419186	4
0.00866822472577234	-0.0335667975715704	0.0586063815137119	0.102165364526605	-0.0279732268564939	-0.0952440503650474	-0.0562247005440232	-0.118851453293252	0.0639500197275813	-0.0546832707528892	0.0197762381113707	-0.0274905454921435	-0.0601466393710535	-0.0385874250177413	0.0337031447700614	5
-0.0222607139701815	-0.0175093589394221	0.0380335806530452	0.0429946270559732	0.061570291254556	0.0851690498452233	-0.0318803431124323	-0.0259317495446191	-0.0474290464909917	0.0645810126305091	0.0355915655959491	0.0518982379038167	0.0418248800839616	0.0329707116058189	0.0398999286161197	4
0.102386052589339	-0.0171270493337186	0.042854508455131	-0.0547519913398847	0.0101023358974497	-0.0314055967569023	0.0786729145818881	-0.14236812359515	-0.0146513461216757	0.0863670130163769	-0.0149460004427609	0.0285266847241363	0.0698340183798434	-0.0473842879380459	-0.0174037979227352	4
-0.0441054564596765	-0.02617991622174	0.0333720035831632	-0.00826435442445045	0.0552910615771564	0.0104257573134986	0.0385318012752078	0.0313450353372371	-0.0372286384177839	0.0335657428122006	-0.00177497651765021	0.0103087315285079	0.0383806278184989	0.0112225877742765	-0.0379473739963802	2
-0.00867009994228621	0.0322997213337318	0.032516283040728	-0.0212777603639418	0.0429691921509174	-0.0608912379725718	-0.111410965781029	-0.0733672721624427	0.06627058332251	-0.042191558901421	0.0398835602739905	-0.0086186319582545	0.0412359123886281	-0.0214788835482753	-0.00605073833757655	2
-0.0494250374215934	0.0771900524145318	-0.0154080140914368	-0.0721528861707036	-0.0440577961694112	-0.00236260602799387	0.00885214968280283	-0.0148411114172256	-0.04163992622118	-0.0193915050480142	0.0307632256141432	0.0587667017660767	-0.0939691058768098	6.89653526883571e-06	-0.0249630857197152	4
0.0908609241142499	0.0513288505284018	0.00983526871608774	-0.0108256927342156	-0.0127057509106831	0.067257383025456	-0.0609583455137461	0.0143804459258184	0.0550569994937449	0.0793534686028125	-0.00676616970594892	-0.0598890194914281	-0.00688301267158791	-0.0814603202466931	0.0354330813243999	5
-0.0363795576386378	-0.00538290255441732	0.0304122196042511	0.00320840950310692	0.0172883492254274	0.0286264822705272	-0.0128273924815916	-0.00664358016759757	-0.0277041226246229	0.0448956235269129	0.031570289227016	0.0452975040793962	0.0374990073225604	0.0446329135195133	-0.00983529023749691	4
-0.0501738247096401	-0.0780727442227943	0.0147833969323524	-0.0168212940676404	0.0706361462999579	0.0973685896898213	0.0316633924735001	-0.12647586941339	0.00690421970287603	0.0486288881784583	0.0659720530444456	0.100162746723622	0.0574137803761296	-0.107282573628947	-0.0135891616389042	5
-0.0525292222726954	-0.00110725703439968	-0.0214590919079235	-0.0610496347878118	-0.126787891183354	0.0220641117183788	-0.0298269448207383	0.0378340855186052	-0.0180403551953428	-0.0746728955698996	-0.127055710367838	0.0397910699633561	0.033877002568644	0.0182075677767405	0.0629515072199865	5
-0.0539460704942781	-0.0878207252234656	-0.0146404466554544	-0.065543470732028	-0.0325260037252461	0.00191255233302137	-0.00357894359199725	0.00362014730525975	0.0662080488093508	0.0700750612448684	-0.00998315420542261	-0.0305291153378175	0.0265692929247297	0.0826018538168374	-0.00605146551194313	5
0.0741796015551473	-0.0388268655213106	-0.0299044221228997	-0.0884096032744341	0.0460517082784482	-0.048193774054094	-0.0485973280767647	-0.0497898764153167	0.0621876705477453	-0.104171499362592	-0.0259527258935466	-0.00500447623982508	0.0707197243840269	-0.00679414113401777	0.027493668147785	3
-0.0483546224086303	0.0348190465115817	0.0378311964924313	-0.048558913718584	0.0343316051476803	-0.00384791373477487	0.00228636768547116	-0.0537392942857698	0.0948356757872973	-0.0522789659791803	0.0601421324353622	0.0547517272622429	-0.0321250848080992	-0.0579089382997953	0.0517377903584716	1
0.0872205204576394	-0.0182604870000104	0.0398229894507019	-0.0805080376980735	0.0181545678381627	-0.0461483773444463	-0.0201402015254159	0.0126167814746491	0.0449192419067948	-0.0410971977613663	-0.0908529684827823	0.0396337363643859	0.102498706258052	-0.0653339287034738	-0.000338984290811725	5
-0.0534388881843681	-0.0379612643502051	0.0479117301779183	-0.0109765951251319	-0.0316923056082765	-0.0360375918477934	0.0653823107144092	0.0062016756644876	-0.0186365234083627	0.0355379036806797	-0.0357673143279763	-0.0963143507722621	-0.0216510309937226	-0.043924687335644	-0.00890710351345825	4
-0.0550530292060709	-0.0975199676603354	-0.00731782869702179	-0.0328255269492424	-0.0740307061423853	0.000164777153029608	-0.00798430068967349	0.0294678119410063	-0.0184999552307762	0.00584792277577594	0.00889298205013483	-0.0120543188144392	0.0416962254956865	0.0958955146719377	-0.0657640552791306	1
-0.056679551079615	-0.0861565401808654	-0.0259076111156414	-0.0551698147665276	-0.0728428557105086	0.0168622551528852	-0.0149636106899551	0.00778648914388148	0.0916037409794433	-0.0280827153967786	-0.0033049071683254	0.0435430048804789	0.0247716960528277	0.0763981410272989	-0.0566835046015806	2
0.0937801067639693	-0.0306566010376681	-0.0260513105021437	-0.0574778214243659	0.0526964235350529	0.0645781842966619	0.0252169520273728	-0.050244245240557	-0.0312739205696267	0.0246351634280881	-0.0114525197063026	0.000833246982597574	-0.0247089014795603	-0.0478713496595496	-0.0442697476847583	4
-0.0165811333291366	0.0759406537007361	-0.188797454003948	0.0578323842781543	-0.0183307351360116	0.00312824097992815	0.0298787116728598	0.0296300042211208	-0.00219338000612948	-0.00183317399602889	-0.000587304121487754	-0.0114295165253343	0.131854349713889	-0.0270996144107457	-0.142027266740738	5
0.0536888762105823	-0.0290828430186783	-0.068424652051732	-0.0232836451566261	-0.0375065565634281	0.146988085228015	-0.0288849481939836	-0.0158596082343571	0.0105097149380334	-0.0665926075931358	0.119856385680579	-0.0365310576115085	0.0451493203341352	-0.089002164373162	-0.0808085823545353	2
-0.042112171028531	-0.015607494108925	0.0637203654454117	0.0243225903215986	0.0241393456462302	0.0160292091651982	0.117648728120764	-0.00413698207201038	-0.025310106822957	0.0119564920182532	-0.0643282510388916	-0.0878120919171324	0.0235166850898297	0.0220980997604636	0.00511408685639055	5
0.0743807268019651	-0.110252502725676	-0.0062835212719574	-0.0760276158825676	-0.0282121861282238	0.0775899603468995	0.0311134823639434	-0.188256464075461	-0.00293433356425789	0.00894616987937301	0.04183004769794	0.0485992662391761	0.0764744248244529	-0.165020121734988	-0.0998104424103686	1
0.088807561876764	0.0575656279794947	-0.054762389896256	0.0938921271165453	-0.0563634770412505	0.044742727018125	0.0724742405396131	0.0499054286667697	-0.00821243250764679	0.0382422527464017	0.0605400248244765	-0.0342390136452267	-0.101663939486167	-0.0369526640532463	0.0211161747740479	5
-0.0397726584424218	0.0338690290702741	0.0190432320997771	0.015792311769625	-0.031959698562289	-0.00657897504612465	0.0347695905139629	0.00365211105162481	-0.0338436973123987	-0.0595123482345225	0.00859114678241324	-0.00984236623945871	0.070205060650851	-0.0125504692365287	0.0132099406384763	3
-0.0435695118983854	0.00133128614088532	0.000189322874182278	-0.0459685784191205	0.000603240628268294	0.036622512308129	0.0345174154384028	0.00168288964970009	-0.0478410768094704	0.0565624736256937	-0.0244565534493087	0.0181239972829986	0.0780098954537182	0.0433736444626308	-0.0284526819295774	4
0.0344868376863137	0.0308650914513823	0.0506574152430706	-0.0101804254041708	0.0687294362704214	-0.0788580698787584	-0.148686566603155	0.0174409806130145	-0.00825729537024747	0.0718573307586332	-0.0175133268642637	-0.00598562700617669	0.0358384344448298	-0.0154413999069963	-0.0514029042314977	3
0.0809259677707132	0.0103120533039583	-0.136689325729308	0.00455697832917331	0.0448257244663497	0.176054241682333	0.0594410843073396	-0.00306014259197809	-0.0106757329606095	0.00337474481680399	0.040311054173324	-0.162255539176346	-0.0954585987920062	-0.0035211587785946	0.0785267882238159	1
-0.0268705915211303	0.0888726803320669	0.056806796628952	0.0140050874900652	0.0551984505814927	0.0499022924189396	-0.032885933291395	-0.0519082774197036	0.0639758438280114	0.0417307888578653	-0.00952142281368054	0.0452920272999127	-0.088746320669484	0.0531745097740529	0.00209118453874187	3
-0.0508022033441202	-0.0379965146686705	0.00177414271137623	-0.011555259152139	-0.065204254160669	0.0311171320140148	0.0203269560919593	0.00855490676926777	-0.0789860211349961	0.00987223338576721	-0.0528328663307862	-0.00434304392045647	0.00527161386410924	0.00986774353867521	0.0323102331455527	4
-0.0523902624559364	-0.0507181129091874	0.016426842200794	-0.0459902391133609	-0.0659712404840924	0.000812803895897449	0.0137337919770456	0.0391309926884022	0.0067249608220647	-0.0593700350091315	-0.0017864788922973	-0.0247779894728374	0.0332224375616891	0.0776193004677509	-0.204108748414376	5
-0.0502675951243559	-0.127961190253766	-0.0701615748838934	0.0272102890546331	-0.0934401200348816	0.0432386993955995	0.117043210909144	-0.0252578650804109	0.0494982634609023	-0.0268433506551059	-0.00921413419621034	0.0369258882462327	0.14104245054615	0.107793521744389	-0.0982892409400688	4
-0.0376976790044627	-0.0465102182800771	0.0324690309140548	0.0549412406355543	-0.0633550515537468	0.00616954664666725	0.032317278508197	-0.0178712236335149	-0.0540314053770691	0.0339573358389181	-0.0495962118896112	-0.0394542016821424	-0.01746972375727	0.0800308923485894	0.0416773434047701	4
-0.01719905911346	-0.0449532155257037	0.0581435187103762	0.131891130328951	0.0996629286198702	0.00194047118310012	0.0754103753531232	-0.0138166970004569	-0.0257886101842961	-0.0865799868601235	0.00340901233126464	0.0316677495554907	-0.144952357795106	-0.092634247258726	0.000680909362872955	4
0.0456594487666811	-0.073327453776257	-0.0103670840960621	0.0962097536431304	-0.104380421162869	-0.0675353212963484	-0.0197156396094376	-0.0322512714833578	0.0770751346006159	-0.0996159257587899	0.0287712984190767	0.0322901133008869	-0.0427621057175256	0.0983586197371823	0.071387343789759	5
0.096309986378713	0.0279038607022575	0.00796597329095519	0.00400728222989566	-0.0432058698684892	0.000333297832666075	0.0606356430768795	-0.0284371487338504	-0.0576572633220989	0.0778668417790725	-0.0158012470104331	-0.0329550162505227	0.0470973040851008	-0.0626284511624929	0.00851763712430362	4
0.00388597504740088	0.0528816624649933	0.0193710688389865	0.0932433326669436	0.0748677705876084	-0.00267336906845513	-0.0309244611841782	-0.0416918878009881	-0.100809482571487	-0.0616890132286785	-0.014993923029932	0.0346025515612124	-0.0580353549523771	0.0310627802849188	-0.0255679041389588	3
-0.019666776398454	0.0640600640107118	0.0503002060469943	0.0307224317073282	0.0164498958398716	-0.0128423676448812	0.0187595191006209	-0.121330980543572	-0.0171298580370982	0.0188720327989528	0.027823624050616	-0.0560945885935454	-0.00445851481726264	0.0107981500427862	-0.0130939871849558	5
-0.0323258087874657	0.15993113235701	-0.0119177414352366	-0.0141270890604712	0.0253896510021623	0.0178778674808066	0.121997082093307	-0.108357763250495	0.0527252248368087	-0.0240697260051365	0.0609454845848373	0.0591194583871295	-0.0312974138675506	0.117857267028796	0.0458862385792501	4
-0.0194173384674907	-0.0496979763592689	-0.0927915522807724	0.0515378881907973	0.0216150042729883	-0.126074074247141	-0.0557236644531099	-0.100427816115843	0.0596133465421888	0.00261553490721806	0.011833200676531	-0.0161707001172253	-0.0439546667070637	-0.0443649206858155	0.0404411285092332	4
-0.0229628388343182	0.0281593725540979	0.0232912128109904	-0.0291567633608085	0.0360323519325234	-0.0555456719150371	-0.0860428552022794	-0.00136320984776496	0.00981385474677179	0.0434127824746593	-0.0310842507798584	-0.00698496591569071	0.0717105764352592	-0.0361226833653784	-0.0279690063839189	2
-0.0307514244350524	-0.060462826566514	0.0562448630747773	0.0437124797529563	0.0320792852642737	0.00315626258478161	0.035341419217444	0.0532831966047495	-0.0541105081958939	0.0806466093900964	-0.00840998425288032	0.0164598440641289	-0.00355931130458642	0.0637091945255937	0.0129735025021244	2
-0.0289695371031897	0.0369927767529297	-0.025601231132425	-0.0334401852229938	0.0143540719347662	-0.0501744440267671	-0.0616995204274102	0.0402198906004366	-0.0352798796302782	0.0168255758500189	0.0871392455076197	-0.0562487819202228	-0.0161446757583287	0.0389803467177486	0.00661192332302855	2
0.0217253918966148	0.0581904771407025	-0.0110416216032418	0.0945858256383044	0.0550679271501479	-0.00315486324020938	-0.0599047924777942	0.0412159325922914	-0.0839883001173304	-0.119966480240239	0.0205432538494833	-0.126188483074225	0.036890240400425	-0.0372866791557949	0.0635383350062568	5
-0.0536371147127078	-0.131665563366296	-0.113734416975248	0.0430412897301244	-0.0918237838778612	-0.0175288858638946	0.0607976259806449	0.0215632446072845	-0.0187817886778005	0.0366168544309126	-0.0836207096877392	-0.0249825881911304	-0.0312459852907391	0.0297958768095846	-0.0872138131011165	5
-0.00736471801529519	-0.0859093777412799	-0.0168685756202235	-0.00498539834952972	0.0110463817019706	-0.0115113510084875	-0.1236228169187	-0.0612028318154669	0.0086954853735117	0.0160739065666719	-0.0663141240422437	-0.00891510295050478	0.0754180001381911	0.062489945198192	-0.0593093333138665	2
-0.0469839165345049	-0.0398287308739587	0.0462503376023337	-0.0310301202995361	0.032330980343375	-0.00244136002536406	-0.0176699601666325	0.0334758852441567	0.0457794225611234	0.0215042995749095	-0.025933213776816	-0.0340474140369844	-0.0133290875613898	-0.0056560120326055	0.0522802097085387	4
0.0313141319861749	0.00903951320037656	0.0516372015968981	0.00947466892516409	0.14485938786397	-0.0139076237974944	-0.0603674717519134	-0.0146576828150487	-0.0921348200709377	0.0515725501125803	-0.00407779566113267	-0.00369923367866963	0.0145774936639556	0.105539053193379	0.0142706215111245	5
-0.0436483135738451	0.00185310524905501	0.0131908085868713	0.00408053319683664	-0.0267658962294954	-0.0295924362060231	0.0186764738507836	-0.01587722856937	-0.0439767573381581	-0.0132338065203107	0.0239085062736253	-0.0361210364912058	-0.0368690873725822	-0.0741041790309233	0.00265101554721044	4
-0.0220318233740785	0.00562918729508202	0.0236357297024215	-0.0599945631500317	0.0887528251574065	-0.0284676145339803	-0.0381518171064853	0.00943097120176466	-0.0505467516063824	0.0326146793965624	0.0755665934569363	-0.0607818703772651	0.0728482024537906	0.0408619979301504	0.0833270381806601	4
-0.0483895590358092	0.0612870746637113	0.0247416195605608	-0.0289620532276885	-0.0651481755353723	-0.0459743830931441	0.0687509469259345	0.00439263441566025	-0.0495417064985593	0.0457430397725762	-0.0428143263487208	-0.0548965706402037	-0.0290988194943871	-0.00387418076635194	0.00324230680487942	4
0.0972687030560548	-0.00351862327993841	0.0404238814170825	0.00357121704812311	-0.0505044781722974	-0.116958483350615	0.0654397990812836	-0.0535125853641895	0.00134225347772204	0.0819582893561482	0.0570525351905002	0.0892416902618297	0.0231686486954304	0.0486108335792483	0.0338999954248668	5
-0.036074439858722	-0.0669677970932303	0.0646932993210241	0.0412376164288335	-0.00397324321781847	0.0362488199569288	-0.0168259965458362	-0.00387984975843755	-0.0225443605901596	-0.056113785810089	0.0761274247934186	0.0390728583454921	-0.0620564565174969	-0.0129295938449046	-0.0432531633152997	3
-0.0459498102276366	0.0218297461182934	0.0180755883877031	-0.0913167474666837	-0.00618221399332164	-0.0464711438194541	0.015211300981698	0.0112091601213323	0.0981594129742857	0.0580561818635308	0.0497979376927181	-0.0779693314942934	-0.00742180650323426	0.03977193306501	0.0249549309317021	4
-0.0517997424806686	-0.0538060865020421	-0.0481870387548966	-0.0223197805806627	0.0659732340722455	0.00396221597337848	-0.039223307895391	0.0355193597601634	0.0252986459587467	0.056439506390637	-0.0391685927612041	0.0693672520073169	-0.00779711601697319	-0.0496644315979928	0.0295111752554371	3
0.105619723091891	0.0316723759018796	0.0462091183098372	-0.0463766168225368	0.0271262641364523	-0.0606264258286449	0.0456381889367443	0.0286168484557611	-0.0540429149669287	0.0649974969558176	-0.0329762068088031	0.0289407690331829	-0.0247053029173762	-0.00563076151702081	-0.021043562446528	5
-0.038691778338831	0.0939616003368185	0.029124385914472	-0.0746435936035508	0.0234838555575919	-0.0240963135787813	0.0368107579006493	-0.0485835551833966	0.0275740511823223	-0.031327251015569	0.141902933439827	-0.052323806997557	-0.115567789109494	0.00108818596246003	0.0106495595198267	1
0.096058202634773	-0.0306393855082021	0.00857051739083408	-0.0427326809675625	-0.00520983911367932	-0.0236103511739217	0.0379169646247741	-0.121163646855981	-0.0340717696411884	0.0361330138645454	-0.00255019595788574	0.0390093656093021	-0.0238876486875609	-0.0950518047647909	-0.0506573483325856	5
0.101720787940611	0.0391729868694804	0.0754596237126365	0.00956905612946014	-0.0442778610382551	-0.0500908076901875	0.0330481317323103	0.161891783840015	0.069240005198318	-0.0548667027692105	-0.0452943566748678	0.0806194564351688	0.0322124068422072	-0.0492174327060246	-0.0980071546206524	5
0.00496024867916462	-0.189882255435418	-0.0623118803946666	0.127307449261456	-0.0914730701431698	-0.00507273499574614	-0.00448942692132268	-0.0213465502591043	0.0293090858532456	-0.0574701371475147	0.0822053479582486	0.0768429496812637	0.020172348484012	0.0473356267365386	-0.0216305640644034	4
0.094326412206236	-0.0119196884582389	0.0340737779983341	0.0139117348661532	-0.0395299199324642	-0.0649334869900603	0.0393919565949446	-0.0467315588062326	-0.0084472325067488	-0.068383581422954	0.0545366238553179	0.0403125135569996	-0.0801938491459406	0.109676965517557	0.055146402182471	4
0.0998424500350788	0.0237995898729379	0.0758668186963322	-0.00121239234127893	-0.0296119878488689	-0.0706927533871855	0.0752673569350674	0.12080280883695	-0.0102737400196934	-0.0625347229726689	0.0483051017172121	0.0562188987758037	0.025249578371682	0.0676256590681958	-0.00852278850060593	5
-0.000525462458754331	0.00653625460898372	-0.0290740397897936	-0.0096798646235221	-0.0132534307590582	0.117602994616611	-0.106446029377173	0.0587408597726135	-0.0171001759560981	0.213004894821659	0.144335227894203	-0.0580324748977756	0.0134892162962667	0.0632564426252599	-0.0774767352498963	4
-0.0476891721735095	0.00169769909437438	-0.0412706195018996	-0.0507164375405751	-0.0470849875440498	0.048582668312163	-0.00314475336253566	-0.00229368118990831	0.0479011520315263	-0.0361149025015743	-0.0405897972494306	0.0320566353359676	0.0377044994870204	-0.00153225259140335	-0.0518936198475614	3
-0.0340665734032425	0.0780054126927565	0.0017621647432874	-0.0283845957611605	-0.0166898096414256	0.00040014931532658	0.047883563161117	-0.0082577249435724	0.0282811630889055	-0.0313192152176926	0.0788363336093827	-0.0696049765313663	-0.0309276046642406	0.0712062505180748	-0.10895973695223	3
-0.0197459451396649	-0.0153415126717362	0.0455274433392468	0.117515186390822	-0.0426127110946483	0.111757113265904	-0.0210862598040069	-0.0208891956459137	0.0269227488584985	-0.0965044881492468	-0.0761227063474828	0.0488708335200754	-0.0100815186839916	-0.0541655394027168	0.0923904321007633	3
-0.0590808535886237	-0.0166922113498312	-0.00988055916513034	-0.081935555486539	-0.00411740176220862	-0.02638041427954	0.0445165666627953	0.031038499762551	-0.0264325446253787	0.0242910360063957	-0.00930469758398911	-0.00837891978152138	0.00563349527048617	0.0265617544862498	0.0240235923081296	4
-0.0223785156594436	0.0185501772913397	-0.13794436977871	0.0126590552191554	0.00606579113885995	-0.161456902195485	0.00893542654880458	-0.000264148786193997	0.0268245596407632	0.0869678271181028	0.0805795903057472	-0.0570276513570182	0.0185974396339318	0.0138999212160115	-0.0287007463728293	4
-0.0112207252444095	0.0458404527415348	0.012697908320668	0.0699886318619367	-0.0335504848062718	0.0442588153922765	-0.0745391880821752	0.0397906513121844	0.0571175846359526	-0.00597732651272515	-0.0574843374266103	0.149689724656168	0.0107818037723321	0.180792014026517	-0.213601411345351	4
0.099370909828691	-0.0262980963588593	0.0068356220114146	-0.0534072880116282	0.0198587090616273	-0.0456857113216341	0.0305648774681001	-0.0202190686073846	-0.0774559184520782	0.0424153404173421	-0.0621480894347817	0.0506617914000254	0.00140157046805946	-0.0133046935509212	-0.0367918880804376	1
-0.0402609972873099	-0.0312636237845628	0.070213008841256	-0.0107097515391593	-0.0205857195891072	-0.0224203860325961	-0.0110416529695531	0.104462444958594	0.036704599957404	-0.0334910650008763	-0.0449938596508985	-0.0278586801803148	0.0477687137983737	0.0373909316647548	0.0111417677059165	4
0.0184408066829379	0.118281696136023	0.0163426079764053	0.0203534675859299	0.0411404928818241	0.038967482576119	-0.130220279770845	-0.0542590351243169	0.0301753098029102	0.0441095898212849	0.0179097320265895	0.0196282574236203	0.0360204871966255	-0.00179272302539753	0.0376617357404267	4
-0.0392060616690835	0.0707241779513881	0.00399692764354253	-0.00454988275358489	-0.018908813857763	0.0154774506960656	0.0609069642932986	-0.055151045861745	-0.0167211958151094	-0.0275130812108592	0.0283983631585472	0.0208985523745659	-0.00981167703237644	0.0216551266577276	-0.00766512993397836	3
-0.0476437719995917	-0.0635475196960299	0.0774652098083207	0.00988425422854448	0.0173406542076924	0.0102203952459259	0.000910381338854777	0.034072087372378	0.0430907618609163	-0.0110956403432934	-0.0529018599869334	0.0154141639994095	-0.0606093048471442	-0.0116890266237769	-0.0430334837355247	6
-0.014285496954204	0.0403705042622943	0.0390238467880398	0.0800518442810291	0.0268656556518404	0.0663979372513992	0.0967774837922964	-0.0123747480759258	-0.0328949932596847	0.0092944559206763	-0.0143544498975036	0.0569786442824977	0.130270596844449	0.0563045872439655	0.0365627593344308	2
0.0953134892885758	-7.0085919694565e-05	0.0500984815838427	-0.0419766257569473	-0.0128648434283756	-0.0179285505850943	0.0527831802695582	0.0624597424907939	-0.0508778194805234	0.00338978536157266	-0.0544720373340582	0.0535957902713389	0.069946249606773	-0.0160863491476371	-0.0812922101982871	1
-0.0242599975173523	0.103388009669445	-0.0430899128927479	0.00553681232850852	-0.0070419593409796	0.0786261178675935	-0.0243618625084538	-0.0986927222616838	-0.0279654435121404	-0.0124473053135977	0.0575159113902781	0.0747576727305767	-0.00228984623170334	0.0613749880771296	0.0500909831899231	2
-0.021235333342338	-0.00825577576309192	-0.148963098887095	0.0973372878456226	0.125203372884273	-0.0822997705164202	-0.00123160454473846	0.0303955380759862	-0.0757696682992207	0.0401334439368331	-0.0182694377419817	0.0567359609281577	0.0508182393195749	-0.0411430059016481	0.0300415328154252	4
0.0560323188173995	-0.0196187892081248	-0.143559135737987	0.0621044348299073	0.0717626330315412	0.0155593771217799	-0.0756287532605222	0.0737875299471993	-0.13009008430728	-0.0885700115382013	-0.0108107032719597	0.0196852930348257	-0.0878578743538171	-0.0501599126812513	-0.0435244079077959	2
-0.0075935500878977	0.0557281790199111	-0.147286435178862	0.0389046057262888	0.0136387446046818	-0.13541562443025	-0.0429974867996034	0.0433017419208489	-0.0392807362013248	0.0280793325118454	0.0497397288147669	-0.0224177942322379	0.0328483648040466	-0.0618752830796338	-0.00517365018108686	2
0.0263055017286902	0.00213231584764347	0.0322280410731984	0.197802832099396	-0.0324449699723438	-0.00816405851541776	-0.0323190056261248	-0.00560677197337997	-0.0694602165987837	0.0484273185364377	0.038489832630657	0.0633539159966373	-0.0891302341913698	-0.122003832396961	0.0017712757598742	4
0.0174061812099823	0.0965992357720967	-0.096374394462945	0.214375219188099	0.0568398182989718	0.0351416757423417	0.0273165324417468	0.16624996588684	0.0461313612046499	0.0118737640316264	-0.158944010223736	-0.0639669132563866	-0.0243457267688148	-0.023286225403294	-0.127339031562194	5
0.105929093460348	0.0114512227895084	0.06194972870077	-0.0646842253800525	0.0113115591869558	-0.0193708100137081	-0.00237191931045066	-0.0215324243503643	0.0386219887655501	0.0950284812075615	-0.0995087230590667	0.0264837291110002	0.0274257808206923	-0.00635605788696037	0.0558869086882183	1
0.0954115718487489	0.00534256003964589	0.055095320994109	-0.0784060830255962	-0.00949500463030703	-0.0547315748424313	0.00712794151005345	-0.0433858216818778	-0.0564857495356916	-0.035468531928827	-0.00978173638959486	0.0224187327291262	0.0227672707449119	-0.00782587351548168	-0.00974577711978195	4
-0.0570546444064422	-0.0137199492562455	-0.015865045635895	-0.0905134933956285	-0.0345579614963604	0.0195908991630224	0.0852341473832379	-0.0390497744503169	0.0344699104481343	0.0522892100081516	0.0391779743207452	-0.0269192342528862	0.0124441543388064	0.0602289383169558	-0.0509800854470172	1
0.0910766444734281	0.0589753735430964	0.0685501582689603	0.0281365949249738	-0.061363561107093	-0.17716804127675	0.03715668972218	0.0543431101419124	-0.021303476481532	-0.0566224886739059	0.085347786564057	0.0299100186636507	0.0607573870615216	-0.0307787580174769	-0.0811504402374612	4
-0.0404497341971816	0.0604559233008476	0.0394476749424522	-0.0268149864920757	0.00415409447276241	0.0146894723002594	-0.0198477709641189	0.012725366598491	-0.0598226288503519	-0.0165036110417929	0.0309750189615747	0.00412729344988059	-0.058296210882799	-0.015894026778724	0.0209029290061955	5
0.0654829123225746	0.000757055475784142	-0.134078870003136	0.0511061115276456	-0.00425268517858557	0.248516936867539	-0.00286773720031657	0.134784411566233	-0.00523746751918144	0.035295024105452	0.101253406368383	-0.15754081335063	-0.0716295676820764	-0.0629975214761507	0.0250650611017372	4
-0.043665990175391	0.0117140490684562	-0.0329174297739371	-0.0183854056662095	-0.124525503834108	-0.0112829650832498	0.0362895067377359	0.0113324268194217	-0.079916225262083	0.0115137693072874	-0.0713452056993262	-0.0935897783129269	0.0105268636727187	-0.0131986664304123	0.0970291878459656	1
-0.0530402176388146	-0.0406928559353774	0.0165956914576414	-0.0643114576933895	-0.0199876656492564	-0.0285967682552196	0.0137666213965752	0.0161420523816515	-0.00972740996578693	-0.0295852084574743	0.0816760337951862	-0.0774233969655268	-0.0378034728296235	0.012322971088423	-0.00464039620005476	2
-0.0530379177176921	-0.0539177156747417	0.0157923799772201	-0.0411440697421882	0.0454480225750187	-0.0310505631161739	-0.0189739824699151	0.0698481210973375	0.0541779912263846	0.0664106602170497	-0.0234196992363679	0.0237651514074111	-0.0281077514936686	-0.0589254251934713	-0.00457422385407761	1
-0.0405401636400927	0.0278078270778332	-0.0460863051253069	-0.0297473871678681	-0.0957181117981191	0.0853536302616048	-0.0390437685200264	0.00976442565979011	0.0150877611936233	-0.12298903249019	-0.069222322386258	0.0334446241838767	0.0522159779183696	-0.0333899398844312	-0.00529887584958887	4
-0.0090897613634047	-0.102786219900958	0.0219260514747235	0.0244046022693051	-0.0231439889984543	0.0326667539109115	-0.0944676954864509	-0.0732019349340485	-0.0863048661507437	-0.167395492096705	0.0293431658189417	-0.0283678103842968	0.0210621633418236	0.0174151870476334	0.0068425587071006	4
0.0994890473693651	0.000401081232993629	0.0369950398253077	-0.0500810148399687	0.011804592748196	-0.0738631397793528	0.0044683642646347	0.00219720362100105	0.0333116953852659	-0.014995087626499	-0.107445448145112	0.041912813430874	-0.00155500829701489	-0.0504677093814392	-0.000587112937245816	4
-0.0348429307002843	-0.124157442306753	0.0328540926547227	0.0625090897423828	-0.0416774857082181	0.0598991566339332	-0.0407394496916552	0.0312945953556511	0.0601252611681318	-0.127191825310068	-0.00365020207088789	0.0307888366652465	0.0155899760211237	0.0467845583495478	0.00770780533447751	4
0.0535159940974786	-0.0203963346847966	-0.0728220295110447	-0.0278296260814584	-0.00978753647105855	0.00448030858268349	-0.119221732874823	-0.0469149577739761	0.0849901663350976	-0.086372972096947	0.0857660030251984	-0.0647809501656062	0.0512933020765885	-0.0713788296892706	-0.0476759653374233	1
-0.0475205196492382	-0.0156729283872793	0.000371048255122565	-0.0695670389316809	-0.0651450164840548	-0.0204417647198276	-0.0143767910617552	0.0423113477832928	-0.0209630141713878	-0.0151987937103737	0.0519596326688869	-0.0723014838646898	0.0167956373784445	0.044700943293085	-0.0325797694304285	3
-0.0415103282816474	0.0544169215632934	-0.0206417313992712	-0.0425154084791347	-0.0505046910486898	0.0123288431302226	-0.00372446914021539	-0.0456765434182933	-0.0391993467055336	-0.0173556494898401	0.0229369588886606	0.0894704615245425	-0.0769186326238025	-0.0398166355556178	0.0282371997340526	3
-0.0344150282133183	0.0484050485560487	-0.0120792045954339	-0.0411049812834627	0.0230238571753893	0.0056330361064068	0.0129054027444575	-0.0485554231269987	-0.0159608798181315	0.0120916682521798	0.0367438233674447	0.0117302440820489	0.0125806584421527	0.0828354242288128	-0.0137821806128197	5
0.0906288108689263	0.022382014968851	0.0223447458088548	-0.0454575380223458	-0.00489001154532253	0.0204153536171777	-0.0174335520337625	-0.0297575245842958	-0.0522884429522716	-0.0212293797219897	0.0152825663113527	-0.00217277559585793	0.0138387346529579	-0.0888827453777876	-0.040376295286879	3
0.086049945343487	-0.00818205087304653	-0.00928783342317471	-0.0139151633460644	-0.041586119602178	0.00965586732945787	0.0393521626647808	-0.158497647980333	-0.00324567741512964	0.134389977957235	0.0734219910499977	0.0204686408450884	-0.0367383475534088	0.00248614627848608	0.0445077405522003	4
0.0909658395468158	-0.0382677402599025	-0.0662694507639555	-0.0113356253718136	0.010563986275133	-0.0410353866526379	0.0376935861736986	-0.00383567408558095	-0.06923745307657	0.0381088995607484	-0.0325466858867087	0.0224417060720947	-0.0919425231946284	0.0266498128695422	-0.0107824797376235	1
0.0691355773969963	0.0111862823247707	0.0047848843473762	-0.0647535901121529	0.00945710731076592	-0.0783539494028485	-0.0576493695037072	-0.0339119121756688	-0.0568312714892344	-0.103671193132887	0.0727123130216816	0.0163369764453462	0.0361158366848934	-0.0195250931510591	-0.020547941297949	1
-0.0272989744594102	0.0331579354824293	-0.0149328755164635	0.000646450075833006	-0.0348954441975149	0.00654226327841936	0.00152155576930454	0.0546229279323892	-0.0495669697211448	0.0358581257205215	0.0288574227807591	-0.00770235463044968	0.0052765702446477	0.152133386157335	0.0148774084883571	2
-0.0246623955330145	-0.032106541895308	0.0422482381222652	0.00851197842523092	0.0403963595733296	-0.0123047727111532	-0.0836999328969167	-0.00143224686730477	0.00312290052316811	0.0219256862954914	-0.0770869409386519	-0.020485713370715	-0.0221565133599834	0.0161292456409541	-0.0718085003715655	5
-0.0345003544710515	-0.0318978717001127	-0.0913954109676941	0.0965667981427148	0.0328073805126338	-0.0563313742951009	0.0465115085880815	0.0321526291724272	-0.0428546125001164	0.087985503219418	-0.0231891289311472	-0.0457696749597041	-0.0685341076571157	0.0101967676615328	-0.0691737883270827	5
0.0909893890837235	-0.00487315665205757	0.0685032293257257	-0.0596983109978798	-0.0409859442132319	-0.0100876955571731	-0.0190288491676353	0.0646243546260727	0.0522470388117004	-0.0913220114647161	-0.0404347275581397	-0.00105606713768611	-0.0136916441717142	0.0614591166616469	0.104097519819968	4
0.0200329018428177	0.0252471026953766	0.0124220133732016	0.12991212485623	0.00647970657672678	0.121791181995257	-0.0867752610337718	0.0203089860465832	-0.0461936613120686	0.0226700050245172	0.0737703474796708	0.06892342302947	0.00669875577099428	0.0433396033432858	-0.00663719136715278	4
-0.045608481562722	-0.0536463743801073	0.0323266866206729	-0.0205101507482469	0.0135089422476604	-0.00491360483945328	-0.017869475541028	0.0496843878284975	-0.0323053720137327	-0.0695369315711191	0.0604216489704547	-0.0172372137200942	-0.0374599389923569	-0.0136965000712134	-0.0186561096657257	4
0.0934512230461353	0.0150216136992397	0.0395630494348928	-0.0362190205971792	-0.0321724549178503	-0.0388007495139316	-0.0336024693872285	0.0629672568729931	0.0369356871711353	0.0776588341361816	-0.0515669117343572	0.0574072432214334	0.110322678882587	-0.103503754143801	-0.0357500980502403	3
-0.0332483124723324	0.0745592085869381	0.0163632481312591	-0.00892724000432719	0.0826538588948854	-0.0102161618487599	-0.0595064763034069	0.0259175996692938	0.0735089269241235	0.030337913572021	0.0393309619010857	-0.0227119339729919	-0.0643327185852163	-0.0178041750355126	0.0431007938800627	2
0.0919001150764437	0.0307382519046641	0.0427203530250296	-0.0487941392868174	-0.0371978380329843	-0.105781196475177	0.00942642218173752	-0.0608880857135931	-0.0692884164548266	0.00811707634624711	0.0123792831983628	0.00386315010565248	0.0673352948076706	-0.0934120324319882	-0.0227638634911733	2
-0.0409183984111507	0.0114757903264186	-0.0346425185344989	-0.0216795879171982	-0.00905004141884392	0.0422520078619458	-0.0177630736260904	0.0541523786320749	-0.0770242678416849	-0.00873808853711968	-0.00849292464485859	-0.0379544034712991	0.0228338783704439	0.0170349783451852	0.043870434304188	5
-0.0317764458127723	0.059510745642737	0.0402818368034808	0.0262579174334241	-0.0212234423408289	-0.0171823835093169	0.086834715218019	-0.0109602636786333	-0.059310004326109	0.0844192490879688	-0.045820122015031	-0.0369522742659825	0.0361217310357006	0.0564083948137375	0.0358519444614862	4
-0.0184667248241539	0.0100404006061745	0.0431450647327946	0.081194743180559	0.006078940511815	-0.0161676747165841	0.0677486504530114	-0.138916353008911	0.0585821775503395	0.0127638930619381	0.065244305298509	-0.013479888926899	-0.0549572773915503	0.0609809574253916	-0.0515452862255555	3
-0.0542202677375884	-0.0103875952584734	0.0423641947280765	-0.0581802927999022	0.0137883986120393	-0.044350887891258	0.0940324978027171	0.0310256485534413	-0.0353997396325608	0.0857363522469466	-0.00188213136999687	-0.0154207821765998	0.00351742093201135	-0.0248688814349003	0.0408429959222171	5
-0.0422821740088519	-0.0168185097204156	0.0384114608673423	-0.0202607467113176	-0.0682405728734986	0.0210190350500666	0.00115782365979107	0.0409124057951868	-0.0615341321087475	0.0300536938827824	-0.0462769051696933	-0.069258197504884	0.0349122593642548	0.0646629415691316	-0.0411477974709123	4
-0.0176419907534815	-0.109632635887896	-0.0752223114202259	0.128688885052286	0.0286643995552327	-0.0104174678505615	-0.0274508705503065	-0.0891767600366798	-0.0503199655349181	-0.0301430116113519	-0.0182413419873673	0.00507957583139556	-0.112602124365296	-0.0314980801240751	0.00258579846467073	5
0.10036184946152	0.0251935948056846	0.058934564491875	-0.0152989854675365	-0.0344803363419866	-0.024651069176482	0.0216498211429599	0.0856425335413849	-0.0460513116001066	0.0571517743779838	0.038106432376804	0.0591157155623855	0.0107099649490543	-0.0572876902710422	-0.0229455126317581	4
0.0847655201914861	-0.0770757094951852	0.0117084106455935	-0.0656217078649476	-0.0071039505427717	-0.0101526675876761	-0.0235629028609737	-0.0415457980596494	0.0867597843257766	-0.0270884865610536	-0.000359731724208084	0.00775947686270573	0.0694306019243574	0.0326441969290024	0.0373730729397221	2
0.0926954129744761	0.00442655499864368	-0.0218487107272435	-0.0266158050011356	0.0115855678620961	0.0627044930259449	-0.000902605132615795	0.0237412411671199	-0.032044776030297	0.0315156316882467	0.0456688074418009	-0.0242312949982384	0.00730785012708866	-0.00988433669523013	-0.00383735830582546	1
0.00802535221346392	-0.0291200852651894	0.0628358324640034	0.0198972656552961	0.08677462400179	-0.0445614987385978	-0.0775467431134327	-0.040057664450186	-0.0891253694512564	0.00753503669469719	0.0113048371200526	-0.0615222416535541	-0.00443148954539151	0.0319670681682808	-0.00112714217236594	3
0.0323272505344474	0.0342916279672152	0.0908513712031605	0.0847603960569253	0.0409343085710481	-0.0133732834121449	-0.058519140525881	0.00746351481411563	0.0580589725358832	-0.0950063122603795	-0.0322560095030312	-0.0679577684796558	0.131875447002293	-0.0652995457948961	-0.0817707305386492	5
-0.00104691654533766	-0.00455286891333887	0.0447567563253567	0.040966927035194	0.0422443445835315	-0.0321974445586955	-0.0702330336399188	-0.103585139412748	-0.0480946825804956	0.0170080504785012	0.023536075091419	0.000991284179753308	-0.0148012436442441	0.0120916158657884	-0.0528560588648271	4
-0.0348490311789308	-0.0356689197314624	0.0208992214122526	0.00843705752949269	0.0328076365038759	0.0466644446509864	0.010629799725116	-0.0140018514522526	-0.0126690320525592	0.110511069889753	0.000833902421455084	-0.00926466663358854	0.120557632944844	0.057618764110483	-0.0639675406804032	4
-0.0291454866473561	-0.0730104573238489	0.0414251837256598	0.0198214239440642	0.0204729338875379	-0.0234166535608271	0.0438030705138912	-0.11298384623905	-0.0211836357377031	0.109901966395783	-0.0238706988724406	-0.0628531995939832	-0.0230630045090833	0.0465035290494931	0.0159211576584709	5
0.0939305484884053	-0.0293911967666094	0.026321096837088	-0.0651922577805585	0.0215659752409064	0.00529038087750947	0.0486812159598731	-0.044156214274126	-0.0155010669176539	-0.0331624096065064	-0.0349597883396908	-0.041740655334097	0.0162600350760163	0.0553659695718614	-0.00847574311861627	4
-0.0363425579227733	0.0652246597344332	-0.0049221084520476	-0.0519117169892914	-0.0686546106236865	-0.0562572742225411	0.0341135653033158	-0.00580771790276664	-0.0271797955839733	0.100233277663989	0.0224593873043828	-0.11409221309804	-0.0616850769045778	-0.0230757814044412	-0.00350815486228678	5
-0.0219710087687981	-0.0215021631393105	0.0770158388953992	0.0924064712108283	0.0120634716070851	0.0704999627466602	-0.0316039329569174	0.0229558691638126	0.0201880713954872	0.0575534925294479	-0.104918393824323	0.00282540990970682	0.00466170028994193	-0.00445764365542337	-0.0251763178780887	4
-0.0430792400588927	-0.116549592681323	0.024988775964185	0.0096978898744641	-0.0250055973528682	0.0457464038659375	-0.0351578012162761	0.0035039196117525	-0.0494566893592476	-0.0114556004358537	0.0377101646527864	0.0103371691058094	-0.0136767853974991	0.0164014392833611	-0.0381807742321255	4
-0.0481834900539168	0.014148444855838	0.00805381602716714	-0.0532236871195152	-0.0268018268507473	-0.0264679742622394	-0.0320201790136329	-0.0373218061339404	0.123733336922112	-0.0409746277299432	0.0805006187563162	-0.00598329922592455	-0.0733896744670002	-0.00624762172300046	-0.0170101692266119	2
0.092639301210869	-0.00284165808882107	-0.00360453138333056	-0.0589356951702272	0.0402199768754199	0.0447470514826391	0.000668927907218258	-0.0101001554505861	-0.051975849457126	0.0144575823538318	-0.045709773085363	0.00673607043612172	-0.079379351693341	-0.00477452170828381	-0.0619729580731203	5
0.0795622958385334	-0.0616784646121101	-0.0861393177311362	-0.0130061993679542	0.0365648930488008	0.0595888631426341	-0.00179517927716096	-0.0385718688998093	0.0797976559000836	-0.0855152556056939	0.00514726458054054	-0.0817094639273186	-0.0257871370133332	0.0105902307719582	0.0860058491034261	4
-0.0295178346232047	0.078642874799401	0.0173781612994907	0.0362891595199162	-0.138673574594504	-0.0145537930177669	-0.0295029831343269	0.00086482011160582	-0.0230065026762883	-0.00525316936254205	-0.174636656397291	-0.0461013098780452	0.0363650654275594	-0.0389823935366365	0.0618898420852426	3
0.0194789557009356	-0.00273307528970727	0.046182278189687	0.0384022192583586	-0.0159681265965327	0.0599132462556336	-0.0867545293698177	-0.07899361625101	-0.105446428866189	0.00887476425872473	-0.0293158633370592	-0.0157977096639621	0.0888854950320292	0.00391273454233361	-0.055389055605472	4
0.0903009661965889	-0.0227918150495238	0.000971182867111048	-0.040668457133595	0.0170057783790061	-0.00221426274986626	-0.0158841032138956	0.0321372077334731	-0.0667313057845487	-0.0430164835968629	-0.0377872140670899	-0.0252170676101959	-0.0412605961379995	0.0177396335900824	-0.0739995555797675	2
-0.0294236137091841	0.12063493784105	-0.0772683682404427	-0.0170262264521318	-0.134548914353763	0.0500314795841306	-0.000156739612913515	-0.0711402937489401	0.00692904974934837	-0.00204603331752737	-0.0971333776666262	0.0174200060027701	-0.0609582984649834	-0.0387479348422322	0.0540836122577084	1
-0.0311847600594276	-0.0220335708558927	0.032051689548375	0.0830472997330388	-0.0837265143023276	0.0189209490824429	0.0182675331981627	-0.0288955476640414	-0.0617112660022707	-0.0248576791878407	-0.0376756925844912	-0.0292294207861804	-0.0177410654542843	0.0210635934750702	0.0225506498626439	1
-0.044457961378784	-0.0104606376262162	0.0192557893528679	-0.0130194775996158	0.0741355257459287	-0.0348866040042803	-0.0355206639499238	0.0619534492659502	0.0422040953388713	0.0328043987224455	-0.0244580243102562	0.0011764827169793	-0.0168864961243367	-0.0396408975307985	0.019986805112077	1
-0.0440975812014782	0.0718809056035252	0.0187761783259074	-0.0238104556517613	0.0595908200289964	0.0279140163840984	0.0190076041459088	-0.053696821002116	0.120337753628625	-0.0183810338519091	0.0344551443888876	0.101648473364384	-0.0282594381640439	-0.0106361077515845	0.00496383340477903	3
-0.0547305651063612	-0.0916854779592374	0.0371167257501942	0.0262117401969555	-0.0247572036066824	-0.0124946091137146	0.0456664778400845	-0.059395207811949	0.0619253687118096	0.0566222900850254	-0.0552584417446166	-0.0143948481576377	-0.0539963200510006	-0.0108678769148147	0.0880971020584105	1
-0.0438337928671916	0.0826574989699593	-0.0374923583260089	-0.0352616873538869	0.0290966062217533	0.0394199581114049	0.0533339324645677	-0.0122658806992808	-0.0433186567964833	-0.015261449363845	-0.030375719608213	0.0398628633503578	-0.00609363243504484	-0.0661920453693536	-0.0564517120550094	3
-0.0451534915968657	0.0267472713145684	0.050267828410145	-0.0173550107965931	0.0580718421310117	0.0367579144564717	0.0648652443170935	-0.0280991976161632	-0.0114723549403686	-0.0781658151466771	0.040446437040879	-0.0115467754504962	-0.00906748674447476	-0.037098886107195	-0.0357254743485447	3
-0.0323552619287845	-0.0113624247844205	0.0288723257465385	0.066673093032718	-0.0717148232757025	-0.0148418203153884	-0.0100887672140586	-0.0368623158554965	0.0601220857177022	0.01830428579854	-0.0578095829210596	-0.149559792123969	0.00332985246507948	-0.0476614001484878	-0.0376108908465681	3
-0.0461805729470155	0.0941245361956624	-0.042369019120134	-0.085090660210151	-0.060428049384818	0.00755837873317559	-0.0163936882490564	-0.0240052689530143	0.0390241251979445	0.0335624174835025	-0.0503807998444367	0.0169908469757039	-0.104202820814442	-0.0416103072255653	-0.0213659261754091	4
0.0755173629994144	0.0596978033074714	0.0178334659949694	0.114750390760743	-0.0154755415148471	0.00102344732916645	-0.0619633154987217	0.0280477354617987	0.0414673699350941	0.0171637612175089	0.018480811582811	0.0192854502460193	-0.0127027246578017	-0.128363911077308	0.000844148811716397	2
-0.0401104744900353	0.0704303867037622	-0.023343058804947	-0.0304814415487944	-0.0232582621346479	0.0814152137697533	0.0225947972356048	-0.0623163927134807	-0.0371429939739977	-0.0230266761588293	0.00789458787296489	0.0754107496052918	0.00878981856745065	0.0382434893638909	-0.0372306149007228	4
-0.0362259564931915	0.110443390288331	-0.0385651886788428	-0.0510495968572021	-0.031052580120955	0.0763061181559925	-0.0162417117100647	-0.00454962102987227	-0.0501810127285014	-0.0727604600821056	0.0174147097425473	0.0295721092726057	0.0102602568925537	-0.0240296878010476	-0.0435154575085013	4
-0.0462869194389988	0.0226087767257087	0.0117243795838496	-0.0199439912108449	0.0361575910114161	-0.00452603819701161	0.0191794179107479	0.00390079930026083	-0.0675660939734852	-0.0137046739810569	-0.00520914554502594	0.0577364132815243	-0.025810513180474	-0.0956247740320721	0.0113431849281593	5
-0.0124209557370413	0.0415339519830306	-0.000373542761181965	0.0364545496345535	0.00526548489801875	0.0338005328255908	-0.0134247249303031	-0.105458736692445	-0.0738528270522461	-0.037362618066166	-0.00624806264914134	-0.0143007113803672	0.021338808980071	0.0437067001148829	0.0659559240038882	4
-0.0501985490866788	-0.0166481780572451	0.0184721364587081	-0.029982100776782	0.0365134287351356	-0.0243789956994617	0.0149278465818198	0.0434861195172078	-0.0514570105462787	0.0249498042835582	0.00584488048210905	0.0126807533316987	-0.0688431051195587	-0.0692699533501656	-0.0451543602210007	2
-0.0395873881272408	-0.0346705960327755	0.0548305607314402	0.029871899148086	0.00586603668067239	-0.0282093498884471	0.0322746692297009	-0.0256788113211359	-0.0276662534128908	0.0706911053686773	0.0120177227892697	-0.109772985710743	-0.0324311975873972	-0.0289858757550797	0.00437492371170927	4
-0.0111433821807838	-0.0344698843905061	-0.0890675432845242	-0.0125585536205579	0.092702590850592	-0.097281786495632	-0.0843805574722031	-0.0392124765737034	-0.0784738169061306	-0.0189551515816616	0.0363530013602869	-0.038189246873129	0.00306493382669826	0.0359824172499069	0.080826732459984	4
-0.0169764982460459	-0.00749957619517227	0.0668530464275186	0.0600044713652576	0.0355917224977986	-0.0721053954494333	0.0229905230791445	-0.102237706575226	0.0750163284534686	0.0722681539753846	-0.0924368435946054	-0.133755815598856	0.0109829132085674	0.0222307953920545	0.00915658867521535	4
0.0836346438937049	-0.0257782712701138	-0.0664817376383782	-0.0297439903801708	0.052938016083962	0.0927649950106356	0.0327990739684982	-0.00279973781688566	-0.0268528511124284	-0.00920643455859873	-0.0616723230666736	-0.0700300006646169	-0.0733710062417101	0.00660321161132981	-0.0760252091041181	3
0.0818672938275368	-0.0269739732064437	-0.0277175498851319	-0.017467660459541	0.00442458006451751	0.0276613276837546	0.035062704334244	0.052139735220142	-0.0187705195616809	-0.0759661405100033	-0.0547758806331828	-0.0549925885306484	-0.198669386585452	0.203946645018385	-0.0208995337015612	4
0.0913899167162347	-0.0158260018265133	-0.0583634053157273	-0.0196218938544578	0.0405080408974891	0.0751724410840822	-0.0160402236258608	-0.0204671880791871	0.0725327568862791	0.0541013186402898	-0.0797876886418552	-0.0813763271437071	-0.116033525637521	-0.0303815574500875	-0.0731833085423176	3
-0.0410639485628076	0.0282371706096105	0.0347622600114591	-0.0274448159611857	0.0841020313647903	0.0221566244715827	0.0235702086629306	0.0169491022654731	-0.0467622896658755	0.0540955977835724	-0.000700864577802638	0.00310202251493531	0.00753821819500716	0.0023041434155424	0.00334698839642329	4
-0.00549984752044083	-0.0125032749125147	-0.111744705636501	0.0331728543286429	0.0341113863013414	-0.115607736127816	-0.113681911402407	-0.00524906831077343	0.0498368488245377	0.0606849690016926	0.0354071658049404	-0.0205400420742174	0.0506095680162927	-0.0303704976963306	-0.0432166432039633	5
0.0950667594319466	-0.014964282065126	0.0147935573804127	-0.0477570099059904	0.0149484552525395	-0.0365560330909663	0.0250734219977358	0.027871941658397	0.0775266141409092	-0.0577717241470967	-0.125736155699739	-0.0119692067846	-0.13654356646265	0.192262655538612	0.0848717470040858	1
0.0886201263402304	0.012384523974746	-0.00928977952931443	-0.0414582123589304	0.0428421255543641	0.0795739100055912	0.105634997459186	0.0163069989298267	-0.0056561867577019	-0.0205585496934123	-0.0560002504509189	-0.175585143146352	0.0884270025446403	-0.0150553091510461	-0.0205312224592709	4
-0.0630825991025177	-0.0895829513942441	-0.000730910111291716	-0.0858121140464611	-0.0325239493855964	-0.0130731864245527	0.0193128908292245	0.0203102357099622	0.0604604797964793	-0.0315392919698001	0.0292319238140162	-0.0168585944799006	-0.000894728645222536	-0.048483796167258	-0.0414072944722421	5
-0.0501390115482605	0.0198752867667129	0.000478449551285743	-0.0621689874330042	-0.000217679412745451	-0.0413432186554531	-0.0087790160912517	0.0847245100801726	0.0390260097356331	-0.0121128834187288	-0.0107665443517402	-0.0633382729272451	-0.0712182258073695	-0.0663510140318736	0.0240704469636741	3
-0.047818135814657	0.030805626560693	0.0103414337445314	-0.0475241717291509	-0.0297749165268192	0.0430569910449304	0.0192412977310333	0.0294261940818992	-0.106961079903854	-0.000622068447847414	-0.0929828485761966	0.0360610922186307	0.0231779056981907	-0.0352350618256047	0.0612086940478007	4
0.0927292047330031	-0.0124278688860582	-0.052210304078594	-0.0235475064355797	0.0233471817005174	0.0382865045295155	-0.0118489104058759	-0.0385109332821717	0.0642148996864888	0.0261092801718417	-0.0738264207314052	-0.0260704466412222	-0.180222837120137	0.0678782459899049	-0.00634597882767992	4
-0.0303234588460711	0.0329356359384086	0.00963291260110168	0.00646920439960461	0.0592813520647086	0.0267744739703533	-0.0275677111034198	0.0533427536628841	-0.0531856185823159	0.00663033521497479	0.0504722953260882	0.0302281878223261	0.0550936503979217	0.0206482865452463	-0.0152683629738269	1
-0.0362616415836771	0.00647379832181388	0.041530296396236	-0.00581149565371619	-0.0101431747335021	-0.0174197639595	-0.0694666656722873	0.0866183335641267	0.00168176370488674	0.0280728262927778	-0.0633856187340013	-0.0351879486589274	-0.0327695706326279	0.0180817553931458	0.0130367549332946	3
0.0669064754936853	-0.0684951344428859	0.015328030992934	-0.0297255514450739	-0.0663120897581522	0.0763453679739317	0.0250395428825871	0.103050545902182	0.0353762484353623	-0.0349386123969217	0.116552812874738	0.00878061473944936	0.0575040916639067	0.144040147879613	0.0438729925487557	5
0.0500956845065185	0.0957481685282332	0.0114577011607262	-0.0421696932134748	-0.0465000255721633	-0.0538500652030573	-0.0476084068243351	-0.105812241899031	0.0388255497469462	-0.0486194752578551	-0.152342681005614	0.0405242421853525	0.0591414920648621	0.155181000913922	0.00350836607253104	1
-0.049578479027858	-0.0137430819399753	0.00698108841843974	-0.0771929123697584	-0.0341215532767201	-0.0214812009381523	0.00643834879715176	0.0345290954813973	-0.040577473387948	-0.0161229057892866	0.0244582556620755	-0.040376713434392	0.0113494309114826	-0.0635336452616461	-0.0310042883227144	5
-0.0411542497636398	0.0617154143378202	-0.00733032492770577	-0.016278037476798	-0.000572540385452092	0.0182478156036997	0.0372819150900833	-0.0565870652920823	-0.0364413169013191	0.054574585815209	0.00470442210537273	0.0169198509446534	-0.0531044283654595	0.0386995946153352	0.00982226783301596	1
-0.00745010309086404	0.0359832990118251	-0.0539156688921017	0.0154123394279028	0.0736050187043828	-0.00880107885541757	-0.0937715463816537	-0.0110202876427385	-0.0940023812169635	-0.0469305319630582	0.00585909152825833	-0.0647017118534249	0.00123617996420824	-0.0342532028823016	-0.0123224027330771	3
-0.020035657042626	-0.0533446503488274	0.0419930757754823	0.00185042011697834	0.0460617299350598	0.0144177444242588	-0.0293382761953372	-0.0596840259817739	-0.0503575721937569	-0.0998818748613712	0.0521499508411515	-0.0314605982589429	-0.0396342906152486	-0.00603768113201729	-0.0859849186622912	6
0.0768557527199279	0.00166806006957075	0.0516237072516784	0.0438260772604109	-0.0294269071905171	-0.106278591275438	0.0304540007662657	-0.0104070320756885	-0.0114530205481181	-0.0783851586934573	0.0642143672694109	-0.0132970216108625	0.00471955612197148	0.0589748800040668	0.016004594017947	1
-0.0514982944189132	-0.0582808431269596	0.031091304032857	-0.019690594217078	0.00250221793909774	0.000633302702248156	-0.0142021966429875	-0.00476253940666988	0.074507175885397	-0.0230374288486903	0.0412689805455382	0.0273476502558506	-0.0388641953271177	-0.0192009896280849	-0.0300182744147529	1
-0.0522622870106522	0.000386577033918487	0.0144258506102757	-0.0340013524351839	0.0534858019069995	-0.0401178105979471	-0.0121373676081667	0.0514213752939957	0.0478527252135367	-0.0344831065824938	-0.0151855100330698	-0.0157414142586022	-0.0546455367052897	-0.0645826469266237	-0.0067985782292455	3
-0.00506623905524902	0.133315609379173	-0.0381252161270678	-0.0333913895194236	0.0133644088602157	-0.00382202129477183	-0.079817457298109	-0.0897603272102488	-0.0777925916360124	-0.00305017809865957	0.034471267038188	0.0265600799451959	-0.0600173377720622	0.0488072945677022	-0.0646863121883475	3
0.0901217411080809	-0.0443764161433976	-0.0154391899204341	-0.0664202487522396	0.0644586159132043	-0.00492006331894362	0.0161726949234247	-0.00118271785977893	-0.0367874038824661	-0.0857313977908421	-0.0688047517756529	0.000610263023010334	-0.0432177865961627	0.069744669011074	-0.0416947907860917	2
0.101101213022799	0.0379612393405222	0.0366637130723767	-0.0163460703903104	-0.0685138957351154	-0.0844691958575725	0.0594959498723942	-0.0585691363323931	-0.0715436681562662	0.0457134165815422	-0.058020075005872	0.0335756706977346	-0.0359662521473416	-0.0477715635197041	0.0387575466050546	4
-0.0259514598007652	0.112357045270555	0.0914385900061101	0.0106821584254017	0.0540065965101752	-0.0343452644107153	-0.0407005908635755	0.0135810522461309	0.0750181860676511	-0.00272365471401835	-0.0205143298515981	0.0189405074823568	-0.0470900322527526	0.0252626584860928	0.0143385172400757	3
-0.0408229291486176	0.0139252088025026	0.0387499264699967	0.0142458804017083	-0.0619542747805898	-0.0473396273702918	-0.00405690300307149	-0.000465290772324231	0.0536631064779963	0.0415621112649416	-0.0541597537608664	-0.0889388743468513	-0.0688231381464787	-0.000413339447636856	0.0411117166938901	2
-0.0253138905949557	0.160603138047985	-0.00445867789891943	0.0411792905873017	0.176675845028747	0.0693118383459791	0.161498091965107	-0.0218701318930898	0.021281355307983	-0.0667552322001554	-0.00628195496988382	0.110558044600932	0.0342159380052575	0.050571731561196	-0.0353660017349308	3
0.0959217981243541	0.00323151129696854	-0.0111372315792731	-0.00042183267136927	-0.0107847505573759	0.0128986741225967	-0.0273076991872671	0.0172787999988954	0.0818763769866222	0.123925409170209	0.0223469972402114	-0.00734296686325639	-0.0373016173808088	0.0475039347834781	0.0676156186481647	4
-0.0444817419963829	-0.00912832807208491	0.0742476758009902	-0.0390500437180961	0.0249902608027306	-0.019207045911608	0.0180681218414858	0.0613242842122929	-0.0589143441039919	-0.0204859165514035	0.0347228659355083	-0.0366517794610053	-0.0592602142520885	-0.0444000516104422	0.0479420972489707	4
0.0851542413343796	0.053828389780831	0.0342866337403821	0.0877264119977587	-0.143089920506294	0.066159801813627	0.0286262539150528	0.0759793731895984	0.0148851848102425	0.102060375132995	0.169908052520507	0.0137085445239968	0.00464706723578194	-0.117143205871787	-0.00885734092014271	3
-0.0338358493919043	-0.0223511982925446	-0.00244276462465623	0.0288079874573717	-0.0709422992315907	0.0153256853084782	0.0289789440698257	-0.0281772522899342	-0.0381869984100748	-0.0156429180079989	0.00671423287588092	0.00961767443002234	0.0646861134557623	0.0544065861629792	0.0187340508162123	4
-0.0255962332841325	0.0362792891047974	0.103363063361569	0.0373878924197346	0.055488652920784	0.0488109381939339	0.00589687283517974	0.0224146169148367	-0.0407711812300629	0.0144502964706913	0.0306309920012418	-0.0231034294178475	-0.0515599952923907	0.0113632097723482	-0.0342889158557164	5
-0.0527899343093083	-0.0324605617023157	-0.0386946417937439	-0.0448533390199883	-0.0765331313519494	-0.015291370608623	0.0672508575423481	-0.0229767214749616	-0.0333110281756168	0.0297768608743404	-0.0210542504163951	-0.0225107912308217	0.0186120901506998	-0.0142828445392855	0.0263246604890721	5
-0.037609517955935	-0.113867581998964	0.071860205540614	0.0566857303919963	0.0467340297168564	0.0604363366403942	-0.000666846947429896	0.0145560710956201	0.0557022468527843	0.0285005113223562	-0.0435908892500595	0.0875097377526474	-0.0387445386633069	-0.00588721542874246	0.0158453805209078	4
-0.0121597459392836	-0.036535482631897	-0.0265984573806487	0.0220307717957053	0.115780501624952	-0.0444777651068453	-0.123087496932048	-0.0496144034214021	0.0192749798769018	0.0116695619589639	-0.0140551030670608	-0.00945829904686192	-0.0684657884441858	0.00633735663895124	0.0254170129784685	3
-0.0356449338019021	0.0419696674052499	0.0138649403674504	0.0146465996726965	-0.0102813935617506	0.0829084924535721	0.0172324248398202	-0.0834180624366557	-0.0108908786953757	-0.000141398065614313	0.0165692101477159	0.0726771163023567	0.0204253684263701	0.0618913169759991	-0.00340027203203829	1
-0.0508080644868013	0.0626607631473959	-0.033860634823559	-0.0716153941060836	-0.117146722718885	0.031074838481361	0.00713712496197385	-0.0245567616350852	-0.0682106382093971	-0.097187556249969	-0.0296343633815651	0.0510315901930845	-0.0220706299032391	-0.0602078405987408	0.0516015593251713	1
0.0931033847108108	-0.0209064659193005	-0.0523459200097679	-0.0365888603273207	0.0545500752614331	0.0444155917643586	-0.00278515954244245	0.00429202576878356	-0.0656924059320349	0.0805465213505919	-0.0248184403628154	0.00263974244100944	-0.0184724545803314	-0.0376952426239154	-0.0768604641216775	2
-0.0576685836950885	-0.0866774112449727	0.0122855575388232	-0.0822814526982196	-0.0350655348275581	-0.011273085722685	0.0186457565103546	0.0374342019181432	-0.0100657689037596	0.0383283577380066	0.0683381656520624	-0.0295674760101232	0.0335475816337168	0.0271660037307617	-0.0327427881916604	3
0.0882302653534715	-0.023627401420785	-0.00606417172332089	-0.0592959598193379	0.0299963090084066	0.0715320775849395	0.00991969242833581	-0.0465588368690575	0.0255185332464015	0.0265483558755287	0.0983396604507088	-0.0858406558889283	0.0804469423900271	0.10525215229806	0.137310098239463	3
-0.0260809838082815	0.163536244422733	-0.13636876706307	-0.024614271878465	-0.102617044447572	0.0529675333149253	0.0518309689652353	-0.10723934016667	-0.0444775742502812	-0.00123904262255519	-0.055818146085021	0.103976827196386	-0.051613866875834	0.00772555123953096	0.000315638013966671	4
-0.0393417183493956	0.0586920211663693	-0.011668405519219	-0.0456944276942772	-0.00279818590913927	0.0321440393814041	-0.00209105995257275	-0.012192238590878	-0.0236718506943912	0.00928968543084546	0.0609594604060381	0.0362054517709167	0.0167664805144793	0.0615133754568846	-0.0637287371907895	4
-0.00740016969187506	0.00872408045853886	0.0694554983785047	0.0704600189532692	-0.0327455439636677	-0.00433844528365277	-0.0224140018880234	-0.0041665145101663	-0.0813324398282983	0.0328560835542665	-0.0496138192962836	-0.05074453246822	0.0633829610374158	-0.00017996335373734	5.06737149659955e-05	4
-0.0326408705332038	0.00223706142779937	0.0469788475775532	0.0120450475575418	-0.00130814187008281	0.00393611776818088	-0.10539490010291	0.0236669973714927	0.0223528611609166	0.0404687453187772	-0.0216756057211662	0.0395900021957991	-0.0046997442974422	-0.0284649408255455	0.0575999581609255	1
-0.0532892030836994	-0.0115924863386515	0.0134575794550196	-0.0511154866452399	-0.0188209966225465	0.010280327484755	0.0122124842461308	0.0466881184451364	0.0368031648911612	-0.0189748227538856	-0.0392783965836127	-0.00156567935962753	-0.0025208496356808	0.0180296750299931	0.0429506760905845	4
-0.037927649503345	0.0976627110582667	-0.0033209124601664	-0.0548635313012277	0.0202155959642154	0.0236217868336101	-0.00288009958517476	-0.013151224855707	-0.0444613602492381	0.0550869172341021	0.014056934136241	0.0450553534186207	-0.0127189602509971	0.0274624795269751	-0.0429309070324966	4
-0.0379206112306292	0.0134052459678496	0.0178909791814333	-0.0169282925868873	-0.0276154814113619	-0.0154211263157111	-0.0211225452735483	0.0794276517924056	-0.0450854627437268	-0.0703281058716998	0.0323759301835911	-0.0552304385061437	0.0287728631872817	0.0285052231795374	-0.0130149098160348	4
0.0105469634980794	-0.0491662111872644	0.0640139695197767	0.0931088750303712	-0.00201286121736858	-0.0560864928929985	-0.0483489104336783	-0.0570525990538556	0.0179699203868709	0.0175091237959456	-0.0779393278597339	0.0158467066707014	-0.00432482672009457	-0.0243278241985163	-0.00386644506476673	3
0.0520229394553278	-0.0326190115520369	0.0548879212917937	0.101629245320073	-0.0638766944795374	-0.0810979158050466	0.0245759393782348	-0.065430214895468	0.00505215439996731	-0.0812446153371629	0.11898857222235	-0.0519732560777363	-0.0193699097879142	0.0721045368992472	0.132889961452117	3
-0.0445101586188866	-0.0786131314594276	0.05040174900919	0.0427814511077404	-0.0451784671000883	0.00708079382546161	0.011139277294028	0.00964198442579875	0.049042131838273	-0.0203121706656623	-0.0433356778993596	-0.0535057205211735	-0.0514768926201505	-0.0321664290793683	-0.0185546256623668	4
0.0971317484607769	0.0264138613493996	0.0366960620360078	-0.0407037930812283	0.00296636454876127	0.0284075910890921	0.013942959294296	0.014313270099796	-0.0315825865000711	-0.00630321105375056	0.00325971988093529	-0.0453710100738071	0.0430756428133748	-0.0308978550340727	0.00659741763456319	3
-0.0373863702987471	0.0149402474190643	0.0495597553869318	-0.0187950973510848	0.0226858476175901	0.026907790349758	0.0133143401470876	0.0148328424573928	-0.0544530237439572	-0.0538084681971783	0.0290794862076263	0.00375891781408224	0.0371565222630793	-0.065359574316719	-0.00127275739316928	5
0.008868738245285	0.00910814498642085	0.0210078408024696	-0.000528511009906164	0.0360204176772723	-0.0681923766304279	-0.0631701772500589	-0.0153806894018804	-0.0410501530907052	-0.00288324362513544	0.0859271893372303	-0.0501806674233853	0.00253131556340683	0.11283066463525	-0.058740010926297	3
-0.0257025978280401	0.027240765668308	0.0418016287041297	0.0451772544016425	0.0403186346347966	-0.0499822730027519	0.0503455240155164	-0.108469463040649	-0.0238275894461078	0.0717331160394516	0.037526856889121	0.0203350697515256	-0.0537644197925963	-0.0473909879263042	0.00177011141571834	3
0.0842288852827435	-0.0494697668064465	0.00346774286679698	-0.0771553979550639	0.00920279287176425	-0.0319989351911815	0.00047818437890608	-0.00536934387236037	-0.0551804174585426	-0.10233728576678	-0.0379572510438248	0.0162664197922349	-0.0302259410496087	0.0456850885382287	-0.011365953317054	4
-0.025194413438079	0.0645433841547619	0.107269676024046	0.0254936558935224	-0.0174858803471163	-0.0485405079594612	-0.0305452790298143	0.099137510933757	-0.0468269721642756	-0.0223032288113901	0.0454694945801625	-0.153214927772836	-0.036151788241585	-0.00696010991153886	-0.0950502063138305	4
-0.0475804563117532	-0.0515703601580829	0.0341381696964293	-0.000904916635144983	0.0196884776958741	-0.00186955739874221	-0.0404913482218766	0.0412359330497281	0.0403649733351779	-0.0509293704496067	-0.00797608025632136	-0.0344661505229755	-0.0733328877940479	-0.0222742158321002	0.0250902109712781	2
-0.0142945557880812	0.157795835242613	-0.0259281344381614	0.0466741703554247	-0.0579864988522459	0.0309693036818612	0.00144842004276498	-0.00785018306972102	0.0419005021272821	-0.0456172670799031	-0.116448134952966	-0.0744662294630123	0.0263788419281857	0.0164548808348506	-0.0519371561999114	3
-0.0385384368699918	-0.0431607489024235	0.0598802441768262	0.0413227904018989	0.0702285460590608	0.00505546187052995	0.121593456526007	0.0129612005325749	-0.0166800106060372	-0.023147959877026	-0.0133848560641852	-0.0483552424982506	0.0706821395162475	-0.0554641891442882	0.0570813849446457	4
0.0838645700544876	-0.017107603915895	-0.0605526399506262	-0.0579154875420961	0.0488783746081413	-0.0559428422790898	-0.0245712812188932	0.0102376652528713	0.0422361446528607	-0.0325745310442717	-0.0960259959647672	0.095454955268112	-0.0599435322251134	0.104105135450513	0.113983477122351	4
0.00756876678747846	0.0133091295645614	0.00640790853424799	0.0823843006550329	-0.0455131807539998	0.160332326529414	-0.0925742718318936	0.00811558139518331	-0.0656927981358554	0.0338441016563605	0.0591015032210571	0.0364206542821834	0.0641928921781107	0.0576466073731721	0.0240496432591854	4
-0.0463815890560713	0.0925378607129841	-0.0297355457405548	-0.0513536768016511	-0.0798333809210732	-0.0462172113500558	0.0543854292377607	-0.042041908807151	0.100060779534218	0.0410846205201208	-0.0242038352086205	0.03565518633276	-0.0508272970437161	-0.00813607040908637	-0.0478759531738152	4
-0.0278451789083337	0.0762691265680634	-0.0324810957381133	0.0648691018515524	0.142397472508848	0.0624694201486155	0.0671439475865887	-0.00887477051227108	0.117570847955197	-0.0323150459995401	0.00546598039161935	0.0471031732827659	0.0598855183291498	0.0730859226669513	0.0137268577147487	3
-0.0379639701265262	-0.152427695290623	-0.00160593687851783	0.00705768916060927	-0.0265147807306707	0.0779341439797383	-0.019591938183827	-0.00609479675469273	-0.0234000354651328	0.0491502011840128	0.0244587165201048	0.0216964342295026	0.0825077581188818	0.0484977574290447	-0.0387563110666934	5
0.0250450890253689	0.0204391396635145	0.0363479257506449	0.0697535101722864	-0.0690371738865349	-0.0111117592273994	-0.076076082332255	-0.062654961349315	-0.048782957587937	0.0707828597906226	0.0783862634902788	-0.0445369281775175	0.0263574721584552	-0.000868692161624756	0.0177884995159384	3
-0.0518388423982593	-0.0235152293615726	0.0358304977022489	-0.0347746914858703	-0.0283338702256678	-0.0121723057198865	-0.00982182000989718	0.0573780737806204	0.0560103271592341	-0.059686419942876	-0.0239258869807092	0.0183184428484386	0.00151826512913156	-0.033997274222011	-0.0339211738924443	4
-0.0369727258775863	0.0742602624692976	-0.0259386957832159	-0.0256744357388407	-0.0202915779074196	-0.0201257634233529	-0.0434050442476223	0.0850849820678927	-0.0729833601917759	-0.113049348153728	0.0320504825132645	0.0107586386079133	-0.0458084731203306	0.0188651459922513	0.0597326718145909	2
-0.0382693540148247	0.0166654605547192	0.0231924785473605	-0.0253850623280094	-0.0127455149184973	-0.00838688146149676	-0.037193324588995	0.0229337737364868	-0.0525622894510857	-0.0465527256298855	0.0542222256423182	-0.0637170454768961	-0.0333657880213719	0.0208482645608631	0.0452978897941139	3
0.0907571749984316	-0.0440527298973629	0.00179765314549717	-0.0625431849246274	0.012302916270187	-0.0245644625892595	0.0288720946460687	0.00623905608710722	-0.0621666750733067	-0.0491142657640296	-0.0700992964749186	0.00992431260649562	-0.0928516531901694	0.116209470847343	-0.0135438793381979	4
-0.0546524015521665	0.0102117664128913	-0.0282681514376571	-0.0792288491950963	-0.0262483150967441	0.00849516602619347	0.00783605091254075	0.015856678833645	-0.0640194560226256	0.0289689364770905	-0.0100898858328606	0.0464315284148517	-0.0262073714428938	-0.0472684126269381	0.0052761738973414	3
-4.47864713722377e-05	-0.0177351040635986	-0.0937779158982208	0.128594872314375	0.12500713144102	-0.0415273271319931	0.0796318682192105	-0.0432671028137653	0.00818637377050776	-0.0410930544310866	-0.0189967498319157	-0.0927011688506888	0.0987737385522357	0.039381880532555	0.073563223311531	1
-0.0508871813849892	-0.0480653731171406	-0.0259266002414781	-0.0072978344763241	0.0219565678659433	0.0282402230643035	0.00238671329672102	0.0490565864058873	-0.0723491242369906	-0.0410974926318638	-0.0319716401224445	0.065387483204622	-0.0595543326174914	-0.0221178986087348	-0.0136236646636595	1
-0.028887147944103	-0.0175559510519104	0.0914947546783264	0.106244797626189	0.039098260054412	0.00307957699972748	0.0663282555171359	0.0132301846766129	-0.00464424119355137	-0.0721326360633562	0.00816978790590399	0.0402734533642273	-0.0578747163644454	-0.141739664940454	0.0134701144648287	3
-0.0532666659498723	-0.0546889285586404	0.0449219541079378	-0.0372064113483386	0.032711508210275	0.00781921174573205	0.0720506613759318	0.0345448614514223	-0.0353982422350586	0.0551845687357031	-0.0113627056211576	0.105564654205929	0.0204880389474654	-0.0324474037187543	0.026066842982391	4
0.0745195050192677	-0.0298469292924133	0.0209913106775733	0.0859954646327721	-0.172783028696745	-0.0189266746810837	0.0934556777061644	0.130438363672305	0.150341819574395	0.116415082624746	0.103126380464514	0.171936217003145	0.0194612702626255	-0.0254920939680308	0.0248178873860205	4
-0.0162492203930299	-0.102731152579768	0.00435655551816716	0.109513645231342	-0.0671751407523208	0.0607830281069051	-0.036752849826893	-0.119096057009294	-0.0363493887199813	0.0256945609654724	-0.00142308307690845	0.0527090338122339	-0.00942074960703682	-0.0651448576186402	0.0543228241146565	4
-0.0442393910580944	-0.0106388479899403	0.0188697764215453	-0.0437616022033794	0.0861140556162947	-0.00750242369003692	-0.0359057670245963	0.0332515575621176	0.0451691528613951	0.0756809737881148	-0.00185099365926682	0.074362521965898	0.00460765809268908	-0.0327853868897505	0.0483338705049196	5
-0.0319432287091934	-0.00837309969198209	0.00682269901747291	0.0389371896556976	-0.122263010407457	-0.00656999934211081	-0.0523063018597766	-0.0179401175559594	0.00769981195306213	0.0958219693967003	-0.104715866495687	-0.0469306640389701	0.0162531354963183	-0.0163711465880501	0.0757763616450989	4
-0.0298186052731696	-0.0414949302741614	0.0194417804997886	0.0309023516782367	-0.0173862828783024	0.019343749581918	-0.093800664913075	-0.0454436552197535	0.0182522207892543	0.00855940786685655	-0.0223499108193091	0.0498001247742814	0.0388254936166871	0.000400044637489941	0.0457779407482902	3
-0.0463778372006917	0.0110141751934635	0.0335189140126738	-0.0526213294531645	0.0490451380684086	-0.00821392526863935	0.0066243994759478	0.0652382217973417	-0.0742153684428646	-0.0263100108146763	0.0191447229837304	-0.00151548423434303	0.0378160648267997	-0.0831119902129076	0.067098712461254	3
-0.0469268294340755	-0.0331828823277682	0.00670217547570504	-0.0546768769372393	-0.0524957693450309	-0.0195572041729312	-0.050381331729042	0.0214645184786454	0.0745915927366535	-0.0535721368710752	0.04392447754943	-0.0954707846394742	0.0274975453949802	0.00130944692446797	-0.0319216570499021	5
-0.0470318807610451	0.029023493966168	-0.0166208936589819	-0.0395212216732955	0.00787398181096274	0.0159133196693429	-0.0288685285469878	-0.0261092434169994	0.0508601504617373	0.00153910559584722	-0.000880631966371504	0.0215235827580324	0.00704679641023044	-0.00445736261623041	0.0211178762471436	4
-0.0358962001657026	-0.00864262493325484	0.0577562466399052	-0.000425197862705462	0.0231420747439009	0.0064382116827438	-0.0418301306990716	-0.00282481740432261	0.0647533310530615	0.0211081547545883	0.0187356238201109	-0.013964503494075	-0.0471557754883762	0.0620785716274516	0.0242515245238421	1
0.083967973427693	0.0242740256102695	-0.0135002228989698	-0.00502068834185528	-0.00261521140720977	0.152857730586148	-0.0794737236699571	0.119783308087407	0.102124404922917	0.200236500261898	0.0517198396882849	0.00617126726022685	-0.115357464717907	0.0877063520950992	0.0657309332880548	3
-0.0559633397515074	-0.0630990975637349	-0.00462806037685858	0.0181231300627106	-0.014090692846752	0.00242641599728552	0.0939336972293977	-0.054889695418035	-0.0135942185530462	0.0337768276756737	-0.0316647963214438	-0.0258851239585632	-0.0479544737317541	-0.0293192872044135	0.0982912256483612	3
-0.0409547584092668	-0.0217286493209096	-0.0291040270133856	0.00711377191594234	0.0676500080253428	0.00608972900371479	0.00840066413855072	0.0697674861434576	-0.0542854998143782	0.0493978240720824	0.0127298111488443	0.0166654458237185	-0.00932981538517718	0.0396038555897013	0.00586007438241901	2
-0.0414669572692489	-0.0911799343737787	0.0656425358147331	0.0330254926501944	0.0689600309219711	0.0699371245886714	0.039533140962878	0.0241152627663439	-0.0485288383177157	-0.00650674423386669	-0.0240828563834028	0.102071884419901	0.0123178751085611	-0.0399281534617291	0.0377315573125373	4
0.092044573337918	-0.0129525457543266	0.0175297836836762	-0.0571903350008692	0.0660515936643559	0.0105252313432238	0.0469527634300467	0.059729494050439	-0.0337259895841285	0.023794222493539	-0.0250154480454002	-0.0124049818529346	0.103574004341792	0.0387421608163852	0.00561664867718114	1
0.0884006012101685	-0.0595653477011724	-0.0331346642186751	-0.0734613189261536	0.0627660087627507	0.0320904309857148	0.0114427163976091	-0.0789223893586762	0.0573725112935305	-0.00368026046352868	-0.108235526105776	0.0245301832427826	-0.0158970193309748	-0.032520544337994	-0.0228929455060112	3
-0.0423937978930558	-0.00790399913002554	0.0372192769048592	-0.0219465210462598	-0.00621586073819264	0.0146154096265987	-0.00845602847072489	0.0448812415015552	-0.0648698868030201	-0.0488419170454625	0.0394974708606457	-0.0177166322430928	0.00554317555040371	-0.0966076143580537	0.0288138173410537	4
-0.0534805204314223	0.0398258647384014	-0.0418206983625819	-0.102448349419878	-0.0577447411780408	-0.0428867780470243	0.0350654098024365	0.0711816927588884	-0.0327177117504773	-0.0441725596479149	0.0374980117870733	-0.0596658589054929	0.0207952118421238	-0.0341580795735624	0.0321814183391326	4
-0.0477012176403218	-0.0342666000621999	0.0190411566725187	-0.0338906449884299	0.0140008015902156	0.00827111935928211	-0.0314613430307639	0.0233047209837216	0.0407074592383454	-0.0162179186902621	-0.00566979240160265	0.0708850278668052	0.0209437958753884	-0.0463683150226158	0.0671317348023692	4
-0.00965603918888066	0.0622234127369676	-0.104061756451414	0.0875821883210615	-0.0266664383317799	-0.143117340682435	-0.0269916748653257	0.0121314707600615	0.0862666929058461	-0.0064740181129642	-0.00302594970302289	0.0212287362423573	0.0117387348095493	-0.0916031526653207	0.0211701900541719	5
-0.0424520273843629	-0.0107733715832008	-0.00561433945708098	-0.036908191484975	0.030203549673307	0.00616048580517945	-0.0248361861131412	-0.00214887835781594	-0.0069979296543164	0.0204918496207313	0.0594718320039477	0.00625100804337214	0.0427558858988789	0.00432229581238612	0.025469249444873	4
-0.0369577713638075	0.0118440754881348	0.020844208832846	-0.033967332456503	-0.0779752680981659	-0.0101202540391461	-0.0810963180428613	0.0600700643972775	0.0222894596164953	-0.0288731206185009	-0.00589487359350317	-0.0246385190839454	-0.000130014494826456	0.0290843317348158	0.0863837001932015	2
-0.0462260694961503	0.00689514629417756	-0.0310931021739292	-0.00922491390836734	-0.0631652181144372	0.0312772396563657	0.0349248240117863	-0.0332254960785113	-0.0181526268922114	-0.0554335540662703	0.0230988707385609	-0.0330357146387892	0.0318607031109073	-0.0169275812103928	0.0508979306636004	4
-0.0508147797244825	-0.0291019869175499	0.0233669972400028	-0.0526650809987402	-0.00890589754417008	-0.0215344081259592	-0.0177714841386198	0.0149538569317174	0.0828350789633132	-0.0119046072002808	0.019826768598836	-0.0110478139216401	0.00676294403638877	0.0357692991538089	-0.017955855648313	5
0.0756732581984198	0.0166785269743699	-0.0398067914363753	0.0706202160527747	-0.0223980173895967	0.085503609013256	0.105995356896634	0.128315864925992	0.16702762641883	-0.0351297212932233	0.0238439369705622	-0.0256464412452137	-0.0628397913756627	-0.0484250002425447	-0.0454783139904389	4
-0.0543352895015172	-0.0134916223862778	-0.194645266652358	-0.00453198938560979	0.00874582508294075	-0.0790942834572571	0.0170418205670509	0.0244451353897955	0.140898843555509	-0.013727163526959	0.0185871707126723	-0.0162999131039025	0.0160700667624723	-0.0283455006865072	-0.149795637528826	5
-0.0516436403157895	-0.0455907785175382	0.00845648938726655	-0.0477091593061414	0.0500436142567016	-0.00303862260110104	0.0260687666463047	0.0278595105001354	-0.0243304991998612	0.00776537911412454	0.0364270631381805	0.0251215063739574	0.00821174300668659	-0.0334487588074756	0.0268206691907746	1
-0.00162277922927513	-0.000578230584672633	0.0364843329279553	-0.0116444774741212	0.0287624873579458	-0.000240916099527029	-0.11237653181302	-0.0652215688185703	0.0371827153136955	0.00168633466373046	0.023415898613929	-0.0482709092072151	0.0361805375687708	0.036529719368692	0.0167908858037252	4
